Majority Class Accuracy,Accuracy,Precision,Recall,F Score,Support
0.47549019607843135,0.46372549019607845,0.3663223643280049,0.46372549019607845,0.3952048918450201,
0.4461839530332681,0.46673189823874756,0.36642261469636445,0.46673189823874756,0.3862760517583187,
0.5073313782991202,0.4946236559139785,0.39574257531672347,0.4946236559139785,0.42564283315322,
0.48191593352883677,0.4613880742913001,0.3852169233690125,0.4613880742913001,0.40614739741340655,
0.4633431085043988,0.46529814271749753,0.3825129013746322,0.46529814271749753,0.4045393382133693,
0.4591439688715953,0.4591439688715953,0.3760525613897167,0.4591439688715953,0.39713723710792614,
0.46161417322834647,0.46358267716535434,0.38949552790432684,0.46358267716535434,0.39446166257277526,
0.4662756598240469,0.47116324535679377,0.3818470761735654,0.47116324535679377,0.392671228447705,
0.4766169154228856,0.4557213930348259,0.3689056761558523,0.4557213930348259,0.3970329741826481,
0.46463654223968565,0.45284872298624756,0.35690815286786404,0.45284872298624756,0.38675307631309447,
0.45472061657032753,0.4576107899807322,0.3868782700323843,0.4576107899807322,0.40307025648315375,
0.49201596806387227,0.48602794411177647,0.3868038842949022,0.48602794411177647,0.4115143680808822,
0.4932562620423892,0.49710982658959535,0.4178001409847914,0.49710982658959535,0.44685060309143637,
0.4484088717454195,0.45805207328833175,0.37759301677311313,0.45805207328833175,0.38471040708255433,
0.4589041095890411,0.43737769080234834,0.355962492955166,0.43737769080234834,0.38032298160226274,
0.48380765456329733,0.4622178606476938,0.36324968777985706,0.4622178606476938,0.3975108161363934,
0.45409674234945707,0.46100691016781836,0.38617787351912153,0.46100691016781836,0.39778319808579904,
0.48722986247544203,0.46463654223968565,0.3722956200208239,0.46463654223968565,0.40716334294795536,
0.4515209125475285,0.44866920152091255,0.36584613250269327,0.44866920152091255,0.38664444538197285,
0.48957298907646474,0.4826216484607746,0.40633922309108117,0.4826216484607746,0.4287307111794627,
0.4690265486725664,0.4631268436578171,0.3614142082818839,0.4631268436578171,0.3875052701723009,
0.48627450980392156,0.4872549019607843,0.39763444433517925,0.4872549019607843,0.4273095903373756,
0.4764705882352941,0.48137254901960785,0.40892149706812836,0.48137254901960785,0.42860967394783894,
0.48035363457760316,0.4675834970530452,0.3700497279582369,0.4675834970530452,0.405790148021509,
0.48585365853658535,0.4770731707317073,0.40286318656706993,0.4770731707317073,0.4204175803911175,
0.474559686888454,0.4500978473581213,0.35705252617082245,0.4500978473581213,0.38544049014296994,
0.468503937007874,0.45866141732283466,0.3576407481349567,0.45866141732283466,0.3886146531097482,
0.47698334965719885,0.4622918707149853,0.35755878555888204,0.4622918707149853,0.38114931353967446,
0.4792671166827387,0.4792671166827387,0.4039108833668397,0.4792671166827387,0.4183027086453117,
0.46968238691049086,0.4793070259865255,0.39433028920695706,0.4793070259865255,0.4073616848126561,
