Majority Class Accuracy,Accuracy,Precision,Recall,F Score,Support
0.7014492753623188,0.702415458937198,0.5466772624482655,0.702415458937198,0.5900477287005816,
0.6847720659553831,0.6799224054316197,0.5110720878570758,0.6799224054316197,0.5709575023505716,
0.7064579256360078,0.6986301369863014,0.5549598078932882,0.6986301369863014,0.5985892639903733,
0.717948717948718,0.7071005917159763,0.5831666969599326,0.7071005917159763,0.626185083075676,
0.6735092864125122,0.6617790811339198,0.5109296895467312,0.6617790811339198,0.5588473173727039,
0.6968810916179338,0.6861598440545809,0.5354900677756702,0.6861598440545809,0.5912790146731705,
0.7091087169441724,0.6895200783545543,0.5423360111512681,0.6895200783545543,0.6001787789607111,
0.7099311701081613,0.688298918387414,0.5352453506265481,0.688298918387414,0.5968166156212602,
0.7037773359840954,0.6918489065606361,0.5645272520393919,0.6918489065606361,0.6067338763692394,
0.6944444444444444,0.6775793650793651,0.5475490826000201,0.6775793650793651,0.5938348898661971,
0.7210216110019646,0.7092337917485265,0.5685315240308592,0.7092337917485265,0.6217090881472395,
0.7142857142857143,0.7083333333333334,0.584782393628949,0.7083333333333334,0.6179425760669782,
0.7051282051282052,0.6932938856015779,0.544050188947174,0.6932938856015779,0.5965084745482345,
0.700990099009901,0.697029702970297,0.5571651497447881,0.697029702970297,0.5958700610678344,
0.6903353057199211,0.6794871794871795,0.5168375957270646,0.6794871794871795,0.5770394880748988,
0.7174757281553398,0.7009708737864078,0.5451012702815754,0.7009708737864078,0.6062757997372831,
0.7203883495145631,0.7174757281553398,0.5802803978310896,0.7174757281553398,0.6279966916849413,
0.7065750736015701,0.6957801766437685,0.5420263084918143,0.6957801766437685,0.599139124362931,
0.7169260700389105,0.703307392996109,0.5441024586304593,0.703307392996109,0.6073530584030971,
0.7213779128672746,0.7061803444782169,0.5679446844060506,0.7061803444782169,0.6248063911306757,
0.7023809523809523,0.6994047619047619,0.5584297581961133,0.6994047619047619,0.6014798592717326,
0.7112195121951219,0.7102439024390244,0.5730808639821999,0.7102439024390244,0.6055113070425254,
0.6843657817109144,0.6755162241887905,0.5152765150606722,0.6755162241887905,0.5657782831979385,
0.69009900990099,0.6841584158415842,0.5348046723890975,0.6841584158415842,0.5891372545586019,
0.6909448818897638,0.6830708661417323,0.5213033603960128,0.6830708661417323,0.5816058270276089,
0.7156862745098039,0.7049019607843138,0.5620865258148282,0.7049019607843138,0.6169473891272542,
0.6977205153617443,0.6977205153617443,0.5661344120920883,0.6977205153617443,0.6040487344014991,
0.7276264591439688,0.7140077821011673,0.5658525247748921,0.7140077821011673,0.6263785698560336,
0.6814159292035398,0.6696165191740413,0.5014120671200317,0.6696165191740413,0.563418432972816,
0.7227722772277227,0.7148514851485148,0.5772070756247971,0.7148514851485148,0.6294422042395467,
