Majority Class Accuracy,Accuracy,Precision,Recall,F Score,Support
0.111534795042898,0.20686367969494757,0.2039370796949522,0.20686367969494757,0.20117253349664807,
0.13359528487229863,0.2504911591355599,0.24006088040936424,0.2504911591355599,0.2412266741063353,
0.1298449612403101,0.2238372093023256,0.21449466197956954,0.2238372093023256,0.21643038763290004,
0.13247011952191234,0.23107569721115537,0.21873210044260974,0.23107569721115537,0.21654677828580224,
0.12350597609561753,0.21314741035856574,0.21201219842186556,0.21314741035856574,0.20564933025755383,
0.12316715542521994,0.2130987292277615,0.20713926604055896,0.2130987292277615,0.20874611648632238,
0.1329479768786127,0.21676300578034682,0.21132866584639245,0.21676300578034682,0.20610758116916067,
0.11473788328387735,0.218595450049456,0.20929720178835326,0.218595450049456,0.20908274629675894,
0.10101010101010101,0.23434343434343435,0.22538821231543943,0.23434343434343435,0.22776204740153796,
0.11047619047619048,0.23333333333333334,0.2215481628468739,0.23333333333333334,0.2200948596442379,
0.1142578125,0.236328125,0.22088487714537516,0.236328125,0.22343467407980927,
0.125,0.2440944881889764,0.2383833314033936,0.2440944881889764,0.2359816882087522,
0.11534603811434303,0.22166499498495487,0.21805069253659942,0.22166499498495487,0.21592404216864156,
0.12950340798442064,0.2609542356377799,0.25616852960516767,0.2609542356377799,0.25695567357660665,
0.125,0.24404761904761904,0.2427244793085394,0.24404761904761904,0.23850028525537456,
0.11508704061895551,0.23597678916827852,0.22833443984875595,0.23597678916827852,0.22738473874200704,
0.11616650532429816,0.21684414327202323,0.2121798010502486,0.21684414327202323,0.2117905650206733,
0.11909448818897637,0.2234251968503937,0.20220085514161198,0.2234251968503937,0.20715302557079449,
0.1274131274131274,0.23938223938223938,0.2342120508698195,0.23938223938223938,0.23197033887130783,
0.10926829268292683,0.22439024390243903,0.21267281652574815,0.22439024390243903,0.21572697716313818,
0.1072463768115942,0.2570048309178744,0.2509886182061452,0.2570048309178744,0.24863806937384536,
0.13738959764474976,0.2325809617271835,0.2204494633010446,0.2325809617271835,0.2243399012495297,
0.12934362934362933,0.21235521235521235,0.20266395149652602,0.21235521235521235,0.20363041288963687,
0.136986301369863,0.2318982387475538,0.22363026081983642,0.2318982387475538,0.2215367443621385,
0.10139165009940358,0.23161033797216699,0.22732320811474,0.23161033797216699,0.22424262974727713,
0.1275992438563327,0.23724007561436672,0.23790232537653888,0.23724007561436672,0.23005525665377705,
0.11374876360039565,0.2274975272007913,0.2207859193680384,0.2274975272007913,0.22208424819966208,
0.11605415860735009,0.23210831721470018,0.21898130424373902,0.23210831721470018,0.2197784667152549,
0.1415929203539823,0.22615535889872174,0.22322726381084895,0.22615535889872174,0.22144375494258364,
0.13009708737864079,0.23980582524271846,0.22734520792189788,0.23980582524271846,0.23051890389276505,
