Majority Class Accuracy,Accuracy,Precision,Recall,F Score,Support
0.6792635658914729,0.6792635658914729,0.5500138507157425,0.6792635658914729,0.5833897820119013,
0.7177734375,0.697265625,0.5916606702302631,0.697265625,0.6243609419246255,
0.7159420289855073,0.7091787439613526,0.5747832119320152,0.7091787439613526,0.6259054865762597,
0.7158415841584158,0.700990099009901,0.5772776492472018,0.700990099009901,0.6211884488159422,
0.6853281853281853,0.6640926640926641,0.4979021491318601,0.6640926640926641,0.5653919711928597,
0.7209971236816874,0.7037392138063279,0.5731167755863539,0.7037392138063279,0.6205362694852807,
0.713026444662096,0.6993143976493633,0.5694512698019826,0.6993143976493633,0.6174301645267317,
0.6931268151016456,0.691190706679574,0.5663508066787128,0.691190706679574,0.5973970056146019,
0.6947162426614482,0.6722113502935421,0.5477556237935728,0.6722113502935421,0.5884515685027055,
0.7074626865671642,0.6965174129353234,0.5692819711876771,0.6965174129353234,0.6104971146645523,
0.7036290322580645,0.7016129032258065,0.5600074462548499,0.7016129032258065,0.6102268489662394,
0.7210216110019646,0.7033398821218074,0.5758719655640531,0.7033398821218074,0.627007755732723,
0.7074109720885466,0.6891241578440809,0.5480716556008927,0.6891241578440809,0.6048498956500993,
0.6737864077669903,0.6689320388349514,0.5351999202642649,0.6689320388349514,0.573639305055079,
0.7239324726911619,0.7130089374379345,0.5701128789881225,0.7130089374379345,0.628099204407154,
0.7080867850098619,0.7011834319526628,0.5648262128747565,0.7011834319526628,0.617091545493212,
0.7369458128078817,0.723152709359606,0.5855829228243021,0.723152709359606,0.6400999402000732,
0.6926108374384237,0.6916256157635468,0.5838004402054291,0.6916256157635468,0.6059569537381425,
0.7135922330097088,0.6980582524271844,0.5583806030544077,0.6980582524271844,0.6108544721948577,
0.7179236043095005,0.7002938295788442,0.5704325920138679,0.7002938295788442,0.6144255918704848,
0.6758080313418218,0.6689520078354554,0.5120400128194307,0.6689520078354554,0.5670027910271875,
0.693050193050193,0.6785714285714286,0.5475559837607084,0.6785714285714286,0.5959606847398952,
0.6745098039215687,0.6607843137254902,0.5275252696932745,0.6607843137254902,0.565068493617244,
0.7122877122877123,0.6923076923076923,0.5628308890464606,0.6923076923076923,0.6169014733233483,
0.713307240704501,0.7093933463796478,0.5757578875198871,0.7093933463796478,0.6251270629960893,
0.6781157998037292,0.661432777232581,0.5097040230564268,0.661432777232581,0.565110057148347,
0.6990384615384615,0.676923076923077,0.5498142223105459,0.676923076923077,0.6025591108800413,
0.7054655870445344,0.6953441295546559,0.5646704480718611,0.6953441295546559,0.6111192232354654,
0.7058823529411765,0.6859421734795613,0.5523226452467951,0.6859421734795613,0.6035336331651555,
0.7071713147410359,0.6862549800796812,0.574322900704873,0.6862549800796812,0.6119903867392176,
