Majority Class Accuracy,Accuracy,Precision,Recall,F Score,Support
0.4518664047151277,0.444007858546169,0.35074349105762004,0.444007858546169,0.3658136864958672,
0.4776264591439689,0.4678988326848249,0.36862592950989825,0.4678988326848249,0.39039204355370327,
0.490234375,0.474609375,0.36203264300677696,0.474609375,0.3985073520470313,
0.4745437079731028,0.4803073967339097,0.372984739969996,0.4803073967339097,0.3975186694518782,
0.43909626719056977,0.44793713163064836,0.3474267826580232,0.44793713163064836,0.36500949963624335,
0.44204322200392926,0.4449901768172888,0.3451460102634398,0.4449901768172888,0.3627312460022977,
0.4697855750487329,0.4512670565302144,0.34903796888283745,0.4512670565302144,0.3766649158196561,
0.45764362220058424,0.4644595910418695,0.35998504427286027,0.4644595910418695,0.38876227087405907,
0.47704590818363274,0.4780439121756487,0.39155702528594766,0.4780439121756487,0.4100794684649121,
0.45054945054945056,0.4515484515484515,0.33219901027887433,0.4515484515484515,0.3667235341155327,
0.449901768172888,0.4430255402750491,0.34537992567497505,0.4430255402750491,0.3725878187538923,
0.45978152929493543,0.4667328699106256,0.3761540890287234,0.4667328699106256,0.3913630055669674,
0.48685491723466406,0.48588120740019475,0.3794410608156318,0.48588120740019475,0.4010224559660334,
0.4622918707149853,0.4622918707149853,0.3741050076543992,0.4622918707149853,0.3900328182918036,
0.46966731898238745,0.46966731898238745,0.3659855950817494,0.46966731898238745,0.3949173236727765,
0.4424778761061947,0.4532940019665683,0.3580209011795744,0.4532940019665683,0.37909853977888264,
0.4806201550387597,0.4573643410852713,0.35020136717887146,0.4573643410852713,0.3848604140142849,
0.4727095516569201,0.4727095516569201,0.3379335780863794,0.4727095516569201,0.3847457006944724,
0.4496578690127077,0.4389051808406647,0.36637184952068635,0.4389051808406647,0.3647650919851025,
0.4669950738916256,0.46502463054187193,0.37026795918465333,0.46502463054187193,0.3906892114439853,
0.4681059862610402,0.47006869479882235,0.3863952187708299,0.47006869479882235,0.4047786408989019,
0.48585365853658535,0.4575609756097561,0.3483719178358236,0.4575609756097561,0.3835832094778714,
0.4542829643888354,0.4590952839268527,0.3653600918990366,0.4590952839268527,0.382652638148395,
0.4625,0.45,0.3574578043321619,0.45,0.38616760683611734,
0.47244094488188976,0.4507874015748031,0.3437579276038921,0.4507874015748031,0.3813387703675188,
0.4717542120911794,0.4717542120911794,0.351588924231582,0.4717542120911794,0.39163458682127417,
0.4619140625,0.4365234375,0.34128306767771127,0.4365234375,0.3679460058111673,
0.4766536964980545,0.4805447470817121,0.37478898502473484,0.4805447470817121,0.40467974284212854,
0.4793467819404419,0.4658981748318924,0.3655821908452785,0.4658981748318924,0.389784021103447,
0.4866732477788746,0.4827245804540967,0.371644431316552,0.4827245804540967,0.40397540271297955,
