Majority Class Accuracy,Accuracy,Precision,Recall,F Score,Support
0.7141424272818455,0.7101303911735206,0.5546263711669019,0.7101303911735206,0.6070069872342361,
0.6705653021442495,0.6705653021442495,0.5252789206122405,0.6705653021442495,0.5735069978266635,
0.6802721088435374,0.6754130223517979,0.5026915643462504,0.6754130223517979,0.5597728107382833,
0.6944713870029098,0.6760426770126091,0.5110081726791621,0.6760426770126091,0.573855776753406,
0.6741463414634147,0.6721951219512196,0.5162852160243657,0.6721951219512196,0.559555434169883,
0.7032442748091603,0.6965648854961832,0.522872950867666,0.6965648854961832,0.5895354262548166,
0.6734299516908212,0.6714975845410628,0.5398174159066318,0.6714975845410628,0.5559231091168827,
0.6780952380952381,0.6704761904761904,0.5183876032493686,0.6704761904761904,0.5512726554128111,
0.7103718199608611,0.7074363992172211,0.5447998206131767,0.7074363992172211,0.6040264974557986,
0.7124756335282652,0.7095516569200779,0.5519201855077904,0.7095516569200779,0.6054390590818466,
0.7103174603174603,0.6934523809523809,0.5289290237626151,0.6934523809523809,0.5919357959668389,
0.693050193050193,0.693050193050193,0.5416467938526762,0.693050193050193,0.5775336643237353,
0.668,0.668,0.536353107435362,0.668,0.5604837154432799,
0.6961271102284012,0.689175769612711,0.49573470068751835,0.689175769612711,0.5720192693697309,
0.7086538461538462,0.7115384615384616,0.5840441176470588,0.7115384615384616,0.6044268134217161,
0.6849852796859667,0.6849852796859667,0.5429617830730361,0.6849852796859667,0.5697489617155488,
0.7303482587064677,0.7313432835820896,0.5822291281823149,0.7313432835820896,0.6372221238295906,
0.6991236611489776,0.6903602726387537,0.5076587232671552,0.6903602726387537,0.5794453931612714,
0.7006869479882237,0.6820412168792934,0.5329100771126701,0.6820412168792934,0.5918573621992141,
0.708092485549133,0.7013487475915221,0.5267687357537748,0.7013487475915221,0.5893914752761142,
0.6910331384015594,0.6832358674463938,0.4955795160378063,0.6832358674463938,0.5658136748023936,
0.7055937193326791,0.6947988223748773,0.5386338389579592,0.6947988223748773,0.5972473644867854,
0.7042957042957043,0.7032967032967034,0.5613551386372962,0.7032967032967034,0.6025873806264277,
0.7229146692233941,0.7190795781399808,0.5646528025959245,0.7190795781399808,0.6209568781498492,
0.6894230769230769,0.6855769230769231,0.5382120562876022,0.6855769230769231,0.5862749410736302,
0.7038123167155426,0.7008797653958945,0.5397344826668794,0.7008797653958945,0.5897387266777169,
0.7102439024390244,0.7034146341463414,0.5362824361586502,0.7034146341463414,0.5971973926391743,
0.7019230769230769,0.6951923076923077,0.5313984126766266,0.6951923076923077,0.5832461393428374,
0.7048543689320388,0.7,0.5509870550161812,0.7,0.5983973456866932,
0.6927592954990215,0.6819960861056752,0.5271693578207814,0.6819960861056752,0.5807426933906044,
