Majority Class Accuracy,Accuracy,Precision,Recall,F Score,Support
0.4629080118694362,0.4549950544015826,0.3774161107368763,0.4549950544015826,0.3856154539533998,
0.4580896686159844,0.4590643274853801,0.3457691616040978,0.4590643274853801,0.3793567903907617,
0.47105004906771347,0.4573110893032385,0.3707272166813677,0.4573110893032385,0.3999966605930923,
0.4632713026444662,0.4495592556317336,0.35084322987414857,0.4495592556317336,0.3781780013766276,
0.48804780876494025,0.48306772908366535,0.3795244543275148,0.48306772908366535,0.41347739944405904,
0.46835443037974683,0.4780915287244401,0.3839321519279839,0.4780915287244401,0.4152706836885837,
0.4725490196078431,0.4598039215686274,0.37453059228470215,0.4598039215686274,0.40110656714841825,
0.48059701492537316,0.4716417910447761,0.37070134703746666,0.4716417910447761,0.3997717985334198,
0.47576656775469833,0.4678536102868447,0.3715356228371886,0.4678536102868447,0.40047106522335235,
0.4610951008645533,0.4543707973102786,0.34265590292008474,0.4543707973102786,0.37824930437908233,
0.4576612903225806,0.46169354838709675,0.366742678185424,0.46169354838709675,0.39481219890585495,
0.49320388349514566,0.4815533980582524,0.3962810995944789,0.4815533980582524,0.4263675471068294,
0.48303393213572854,0.47005988023952094,0.37090775297009887,0.47005988023952094,0.40612252956711437,
0.4946445959104187,0.48685491723466406,0.38801019525655944,0.48685491723466406,0.41956713872201523,
0.46917148362235067,0.4701348747591522,0.3821949767287222,0.4701348747591522,0.40928887707917483,
0.4730250481695568,0.47109826589595377,0.3510184930416145,0.47109826589595377,0.39039863477868414,
0.4980582524271845,0.49223300970873785,0.37758566166146507,0.49223300970873785,0.4141049756135639,
0.4760076775431862,0.4779270633397313,0.3815625065912973,0.4779270633397313,0.41062426425197013,
0.4970873786407767,0.5106796116504855,0.4221725884587639,0.5106796116504855,0.44612158403190816,
0.47181008902077154,0.4619188921859545,0.4175332517968783,0.4619188921859545,0.40371251905021954,
0.47619047619047616,0.4771622934888241,0.38464456730798285,0.4771622934888241,0.41093096594811446,
0.44509803921568625,0.4294117647058823,0.3409682950732072,0.4294117647058823,0.3710700432317692,
0.4589515331355094,0.4381800197823937,0.3477293337045827,0.4381800197823937,0.37099618309513654,
0.4638255698711596,0.4588701684836472,0.35976161999135653,0.4588701684836472,0.3911500846963845,
0.4892156862745098,0.4666666666666667,0.3842248125382347,0.4666666666666667,0.41025657281443945,
0.483743842364532,0.46995073891625616,0.37270849308038717,0.46995073891625616,0.4004118895661757,
0.4937439846005775,0.465832531280077,0.3624080638058987,0.465832531280077,0.40276907449495114,
0.49951783992285437,0.49373191899710706,0.4073760140658542,0.49373191899710706,0.42958765233518453,
0.45542635658914726,0.45445736434108525,0.35615202217408765,0.45445736434108525,0.3864859781027516,
0.48333333333333334,0.47058823529411764,0.3712253551824328,0.47058823529411764,0.4042396048275621,
