Majority Class Accuracy,Accuracy,Precision,Recall,F Score,Support
0.6941649899396378,0.6911468812877264,0.5203927834065911,0.6911468812877264,0.5800766884957381,
0.6867119301648884,0.6692531522793405,0.4996061487817065,0.6692531522793405,0.5615401206212881,
0.7085769980506823,0.7037037037037037,0.564832255029758,0.7037037037037037,0.6076706957914612,
0.6847826086956522,0.6739130434782609,0.5168578155035746,0.6739130434782609,0.5787158031607615,
0.6799601196410767,0.6620139581256231,0.5065444917117382,0.6620139581256231,0.5639540176623086,
0.69921875,0.6953125,0.5579722577134714,0.6953125,0.6056962910991035,
0.7060575968222443,0.6961271102284012,0.5416351109895989,0.6961271102284012,0.5980348887916802,
0.6976967370441459,0.6890595009596929,0.5598022700014282,0.6890595009596929,0.5958372755707938,
0.7094861660079052,0.6926877470355731,0.5407070578341792,0.6926877470355731,0.5939186832021265,
0.7124756335282652,0.7085769980506823,0.5629133906476198,0.7085769980506823,0.611751957827566,
0.6897918731417245,0.6848364717542121,0.5310649062854135,0.6848364717542121,0.5861865322918912,
0.6904532304725168,0.6817743490838959,0.5299771142382543,0.6817743490838959,0.5743851643710512,
0.6731517509727627,0.6682879377431906,0.5188660953665936,0.6682879377431906,0.5649861475400283,
0.6858536585365854,0.6809756097560976,0.5375595106992627,0.6809756097560976,0.5849263422016271,
0.6921587608906099,0.6873184898354308,0.538886420792537,0.6873184898354308,0.5819577795570818,
0.7134559535333979,0.7028073572120038,0.5612807119251797,0.7028073572120038,0.6214651797928308,
0.6959921798631477,0.6950146627565983,0.5672865555635028,0.6950146627565983,0.6025866178105471,
0.6798810703666998,0.6788899900891973,0.5417132994358633,0.6788899900891973,0.5768260702037562,
0.6714285714285714,0.6666666666666666,0.49800104137082274,0.6666666666666666,0.5551165660107799,
0.7271844660194174,0.7203883495145631,0.5981969486823856,0.7203883495145631,0.6326257621072034,
0.6829511465603191,0.6719840478564307,0.5470398242769503,0.6719840478564307,0.5827719389804222,
0.7156767283349562,0.7108081791626095,0.546941826225121,0.7108081791626095,0.6088815902059781,
0.6875612144955926,0.6748285994123409,0.5139046769306167,0.6748285994123409,0.572050857951189,
0.7060546875,0.6943359375,0.5416866375637536,0.6943359375,0.5980141170016438,
0.7047244094488189,0.6938976377952756,0.572592968859471,0.6938976377952756,0.6092235237055251,
0.6988304093567251,0.6871345029239766,0.5539922605900627,0.6871345029239766,0.5897565959454872,
0.6814159292035398,0.6735496558505408,0.523853355628246,0.6735496558505408,0.5744784500016151,
0.7009615384615384,0.6932692307692307,0.557755424035974,0.6932692307692307,0.6002685079467065,
0.7044573643410853,0.6928294573643411,0.5546282246953465,0.6928294573643411,0.5997499895370612,
0.686350435624395,0.6737657308809293,0.5232163526079902,0.6737657308809293,0.5782966236122093,
