Majority Class Accuracy,Accuracy,Precision,Recall,F Score,Support
0.4583741429970617,0.48090107737512244,0.35575843087811576,0.48090107737512244,0.3801654286854442,
0.475,0.464,0.35186276463309896,0.464,0.3778837312768385,
0.46771037181996084,0.4726027397260274,0.35314350635426495,0.4726027397260274,0.389627177019996,
0.45658536585365855,0.45365853658536587,0.32092226142879077,0.45365853658536587,0.352478035288903,
0.43650047036688616,0.4477892756349953,0.3385664934431841,0.4477892756349953,0.3478289264411506,
0.4654510556621881,0.4750479846449136,0.36275363769081787,0.4750479846449136,0.3911705541939732,
0.4785992217898833,0.48540856031128404,0.3994229579886735,0.48540856031128404,0.4173296098200864,
0.4759519038076152,0.47995991983967934,0.35472775325623435,0.47995991983967934,0.39154376125694074,
0.44713870029097963,0.45877788554801163,0.3808923854917647,0.45877788554801163,0.3784920325173081,
0.45948616600790515,0.4575098814229249,0.3403472328769558,0.4575098814229249,0.3641761678418596,
0.47623666343355964,0.48205625606207564,0.36766014338272074,0.48205625606207564,0.39847451130476713,
0.4777887462981244,0.4827245804540967,0.3728939162129129,0.4827245804540967,0.3919145328447582,
0.46608527131782945,0.45930232558139533,0.33847237127556395,0.45930232558139533,0.3766189928951258,
0.4768611670020121,0.45875251509054327,0.37715197338976414,0.45875251509054327,0.3792051812599509,
0.47596153846153844,0.4480769230769231,0.3412020676024429,0.4480769230769231,0.37649059498180076,
0.4757834757834758,0.47198480531813863,0.3607175073265995,0.47198480531813863,0.3905199600373959,
0.48180924287118976,0.49557522123893805,0.39455702698635325,0.49557522123893805,0.415880222264619,
0.48296007789678674,0.4780915287244401,0.3752406290739336,0.4780915287244401,0.3981157556882607,
0.5025176233635448,0.4874118831822759,0.37254649527105843,0.4874118831822759,0.39624044590940527,
0.45111326234269117,0.45982575024201355,0.3287488528798675,0.45982575024201355,0.3581196639836397,
0.4621284755512943,0.4669223394055609,0.35374349878933053,0.4669223394055609,0.3752787610296671,
0.4613899613899614,0.4575289575289575,0.3581495208264857,0.4575289575289575,0.37032463283897543,
0.45777351247600767,0.4692898272552783,0.36994457538740505,0.4692898272552783,0.38625499917801775,
0.4669260700389105,0.45330739299610895,0.32279952765822106,0.45330739299610895,0.3648812148910558,
0.46518375241779497,0.4700193423597679,0.3563336661212217,0.4700193423597679,0.385130931128878,
0.457252641690682,0.4678194044188281,0.3536395121813356,0.4678194044188281,0.37791791425277166,
0.4396467124631992,0.4524043179587831,0.3493663359889186,0.4524043179587831,0.36065282707387625,
0.47058823529411764,0.46576663452266154,0.35654005495805535,0.46576663452266154,0.38438192741600263,
0.46146341463414636,0.4721951219512195,0.36975773761246844,0.4721951219512195,0.3818984969951996,
0.4862475442043222,0.4901768172888016,0.3690528835204424,0.4901768172888016,0.40463550541508386,
