Majority Class Accuracy,Accuracy,Precision,Recall,F Score,Support
0.13937621832358674,0.22709551656920077,0.22311430866734225,0.22709551656920077,0.22387986802086635,
0.12927756653992395,0.2509505703422053,0.2434570404648784,0.2509505703422053,0.24141754334818505,
0.11437246963562753,0.24595141700404857,0.24923348422552602,0.24595141700404857,0.23981400173586923,
0.1257197696737044,0.22072936660268713,0.21299822898610085,0.22072936660268713,0.21408216513790446,
0.12280701754385964,0.25146198830409355,0.2456743670897291,0.25146198830409355,0.24229235461792992,
0.12736318407960198,0.23681592039800994,0.2355216579783756,0.23681592039800994,0.23279389109544474,
0.12428842504743833,0.21537001897533206,0.2150310378332097,0.21537001897533206,0.21251750641153316,
0.12893700787401574,0.24606299212598426,0.2316255071836583,0.24606299212598426,0.23300071130559716,
0.13320274240940255,0.24191968658178256,0.23687327047813422,0.24191968658178256,0.2340938747359239,
0.12585365853658537,0.2224390243902439,0.21830272530104325,0.2224390243902439,0.21840417060254222,
0.15361744301288405,0.23389494549058473,0.23148421674226968,0.23389494549058473,0.2310804987190602,
0.1111111111111111,0.23313492063492064,0.22970634802603535,0.23313492063492064,0.22886897927974226,
0.11991869918699187,0.25609756097560976,0.24560261317569998,0.25609756097560976,0.2429493823280984,
0.1235632183908046,0.23275862068965517,0.22607485005490568,0.23275862068965517,0.22254845500464443,
0.12224448897795591,0.218436873747495,0.20703349235065382,0.218436873747495,0.2104313519846737,
0.11793855302279485,0.23885034687809711,0.23538222664955455,0.23885034687809711,0.2308491413635085,
0.1378640776699029,0.2203883495145631,0.219780025136321,0.2203883495145631,0.21725657980552845,
0.119140625,0.2041015625,0.19614040850467737,0.2041015625,0.19644349189857588,
0.12295869356388088,0.2276657060518732,0.2251307068232369,0.2276657060518732,0.22035350664362696,
0.13203883495145632,0.2611650485436893,0.2598005046079655,0.2611650485436893,0.2573077135698004,
0.13339920948616601,0.21442687747035574,0.2037665108297287,0.21442687747035574,0.2078943977396177,
0.12979351032448377,0.22123893805309736,0.21156647724625335,0.22123893805309736,0.21154907591735533,
0.11584158415841585,0.2514851485148515,0.24501909548053094,0.2514851485148515,0.24158295696481413,
0.12039800995024875,0.20497512437810944,0.19254183838879074,0.20497512437810944,0.19453766999285377,
0.13960396039603962,0.21485148514851485,0.20222376208923962,0.21485148514851485,0.2058255475859461,
0.11818181818181818,0.2191919191919192,0.21532149582997043,0.2191919191919192,0.2133233974959392,
0.12968299711815562,0.2478386167146974,0.24232788783953932,0.2478386167146974,0.2428241083862229,
0.12996031746031747,0.2152777777777778,0.20875660431340984,0.2152777777777778,0.20971342060472764,
0.10288461538461538,0.2375,0.23381923204226404,0.2375,0.23179664525054422,
0.1442687747035573,0.22826086956521738,0.21311535228930475,0.22826086956521738,0.21223467282872074,
