Majority Class Accuracy,Accuracy,Precision,Recall,F Score,Support
0.464746772591857,0.4846077457795432,0.3970330063281019,0.4846077457795432,0.4154412854392021,
0.46520874751491054,0.46222664015904574,0.3520908714885792,0.46222664015904574,0.3821832299041116,
0.4419291338582677,0.43799212598425197,0.34724211107245817,0.43799212598425197,0.3756213272348354,
0.4643564356435644,0.47128712871287126,0.35792084040601757,0.47128712871287126,0.38161435574357544,
0.4775390625,0.474609375,0.3748920287249656,0.474609375,0.3942370303199912,
0.4789833822091887,0.48484848484848486,0.3782061477417593,0.48484848484848486,0.39863434167124995,
0.4779693486590038,0.46455938697318006,0.34404965258007325,0.46455938697318006,0.3865346534963222,
0.45124282982791586,0.4397705544933078,0.32635140734654033,0.4397705544933078,0.35197060872371627,
0.4756703078450844,0.4637537239324727,0.36858269445611924,0.4637537239324727,0.39769828919290406,
0.46285140562248994,0.42369477911646586,0.316942323463303,0.42369477911646586,0.35022413399029134,
0.4807692307692308,0.47307692307692306,0.37697977554360534,0.47307692307692306,0.4025999449064084,
0.45233463035019456,0.428988326848249,0.3174040257058752,0.428988326848249,0.35408662172443245,
0.4701195219123506,0.46912350597609564,0.36011360942271764,0.46912350597609564,0.3932227275762442,
0.4721951219512195,0.4585365853658537,0.3587803799135157,0.4585365853658537,0.3782320153195011,
0.4841802492809204,0.49185043144774687,0.38721990784378274,0.49185043144774687,0.39991129440031126,
0.4724950884086444,0.45284872298624756,0.3478196919854812,0.45284872298624756,0.3819957237470202,
0.489815712900097,0.475266731328807,0.35986085322444816,0.475266731328807,0.39657983814264114,
0.44744744744744747,0.4594594594594595,0.34250265799407187,0.4594594594594595,0.36880634708300514,
0.4871031746031746,0.48115079365079366,0.36880411179421224,0.48115079365079366,0.40088371011785934,
0.45409674234945707,0.4432379072063179,0.35136397291284754,0.4432379072063179,0.373617843544229,
0.478900883218842,0.4661432777232581,0.3693387010141082,0.4661432777232581,0.39889345364780193,
0.4745762711864407,0.4736346516007533,0.3694268894924853,0.4736346516007533,0.39134680244522996,
0.4762826718296225,0.48209099709583736,0.36901773983162334,0.48209099709583736,0.4004612446089236,
0.4397649363369246,0.4309500489715965,0.3367491222795284,0.4309500489715965,0.3494402934618271,
0.4364326375711575,0.4250474383301708,0.3687681197145642,0.4250474383301708,0.35101712748833586,
0.47581441263573543,0.4698914116485686,0.35793406873028627,0.4698914116485686,0.38686747359533363,
0.44713870029097963,0.44616876818622697,0.32326116612707334,0.44616876818622697,0.3590037997317091,
0.5158415841584159,0.49405940594059405,0.38502971288826876,0.49405940594059405,0.416379780597405,
0.48046875,0.4677734375,0.35653644537671975,0.4677734375,0.387669030562632,
0.4746268656716418,0.4616915422885572,0.3542740441875224,0.4616915422885572,0.382133362655893,
