Majority Class Accuracy,Accuracy,Precision,Recall,F Score,Support
0.11661807580174927,0.28765792031098153,0.2771338040329502,0.28765792031098153,0.2789782709575262,
0.11400966183574879,0.2541062801932367,0.2530813310302035,0.2541062801932367,0.25070980458621206,
0.12413793103448276,0.22758620689655173,0.21957026597147197,0.22758620689655173,0.22149613453180006,
0.11976630963972736,0.2453748782862707,0.2387002326314751,0.2453748782862707,0.2372050643225082,
0.12682926829268293,0.22048780487804878,0.21676182708499525,0.22048780487804878,0.21700374936110642,
0.11256281407035176,0.2321608040201005,0.22318372421957136,0.2321608040201005,0.2233730635849219,
0.15169082125603864,0.2560386473429952,0.25134501767123524,0.2560386473429952,0.24975683365639423,
0.12015503875968993,0.2596899224806202,0.2574351315838363,0.2596899224806202,0.2568000279353284,
0.13119533527696792,0.239067055393586,0.23270116531111643,0.239067055393586,0.23158696866678355,
0.1256133464180569,0.239450441609421,0.2417214000814059,0.239450441609421,0.2375129803539886,
0.10226155358898721,0.25073746312684364,0.2418602119255757,0.25073746312684364,0.24306388982168162,
0.12944664031620554,0.22628458498023715,0.22074172739828465,0.22628458498023715,0.22082499827132884,
0.13479923518164436,0.22562141491395793,0.21913562252993074,0.22562141491395793,0.21845348896536979,
0.11927480916030535,0.23568702290076335,0.22945728321700246,0.23568702290076335,0.22969890951572944,
0.12437810945273632,0.24477611940298508,0.23201635377519525,0.24477611940298508,0.23321353207694115,
0.12475822050290135,0.20406189555125726,0.20276987888520343,0.20406189555125726,0.20188949627851854,
0.11764705882352941,0.23627450980392156,0.2328438517924053,0.23627450980392156,0.2317121116868862,
0.111003861003861,0.24420849420849422,0.24697323347345929,0.24420849420849422,0.2439523795735303,
0.11423039690222653,0.23039690222652467,0.22022163851194101,0.23039690222652467,0.2212639302695046,
0.10728346456692914,0.26279527559055116,0.256115087503557,0.26279527559055116,0.25716736372014426,
0.1044921875,0.25390625,0.2494356350905731,0.25390625,0.24942841108319228,
0.10468594217347957,0.24426719840478564,0.23599131671531837,0.24426719840478564,0.23597267141475467,
0.1454898157129001,0.22987390882638215,0.22582178044844012,0.22987390882638215,0.22468345279572793,
0.13508260447035958,0.2575315840621963,0.2487460583452015,0.2575315840621963,0.24654796814489616,
0.11339198435972629,0.23851417399804498,0.22805203921445244,0.23851417399804498,0.22449243408791736,
0.10495626822157435,0.21282798833819241,0.20758601716642283,0.21282798833819241,0.20797978312278548,
0.11350293542074363,0.22015655577299412,0.21431779607706825,0.22015655577299412,0.21441469680504832,
0.11871227364185111,0.22635814889336017,0.21815924106656545,0.22635814889336017,0.21675310375563975,
0.11637080867850098,0.22583826429980275,0.21519287131301845,0.22583826429980275,0.21406066339624247,
0.13408876298394712,0.2530689329556185,0.25635878606475465,0.2530689329556185,0.24898805260484028,
