Majority Class Accuracy,Accuracy,Precision,Recall,F Score,Support
0.6896896896896897,0.6766766766766766,0.5512534590757281,0.6766766766766766,0.5950964149397319,
0.6758349705304518,0.6611001964636543,0.5107461329520323,0.6611001964636543,0.5694520227901901,
0.6985507246376812,0.6840579710144927,0.5636783104174408,0.6840579710144927,0.6075216601814337,
0.7101593625498008,0.6932270916334662,0.5613107374722583,0.6932270916334662,0.6087658414067971,
0.6832174776564052,0.6693147964250248,0.5259168972120062,0.6693147964250248,0.5785629933431238,
0.7053045186640472,0.7033398821218074,0.5882181459222154,0.7033398821218074,0.6245257245537759,
0.6947472745292369,0.6838453914767096,0.5593055344352492,0.6838453914767096,0.5973139445226368,
0.6848249027237354,0.6809338521400778,0.5112690659507448,0.6809338521400778,0.572946728733257,
0.7114624505928854,0.7065217391304348,0.5655362222309439,0.7065217391304348,0.6200162157636127,
0.7132867132867133,0.7022977022977023,0.5829510638088465,0.7022977022977023,0.6224155064575625,
0.7002967359050445,0.6726013847675568,0.5340659561049337,0.6726013847675568,0.5922104414790134,
0.6893203883495146,0.6796116504854369,0.5496358455690451,0.6796116504854369,0.5911145260554213,
0.6964112512124151,0.6886517943743938,0.56216437182946,0.6886517943743938,0.6024008341477237,
0.6815034619188922,0.675568743818002,0.5304393144036265,0.675568743818002,0.5810177994598491,
0.6996086105675147,0.6986301369863014,0.584907821576119,0.6986301369863014,0.6083924031313183,
0.7181996086105675,0.7084148727984344,0.5639800535018581,0.7084148727984344,0.611573415451192,
0.6971484759095379,0.6863323500491643,0.58280933531671,0.6863323500491643,0.6046408304039768,
0.6845180136319376,0.6757546251217137,0.5308098451941116,0.6757546251217137,0.582519016430386,
0.6928499496475328,0.6868076535750252,0.5527631184703841,0.6868076535750252,0.5988669080724395,
0.7035573122529645,0.6926877470355731,0.5464484534804952,0.6926877470355731,0.5989652104957303,
0.6922339405560882,0.6807286673058485,0.5387528785391286,0.6807286673058485,0.5940132218767837,
0.6942231075697212,0.6892430278884463,0.5513166133880727,0.6892430278884463,0.5963041868666984,
0.6819887429643527,0.6679174484052532,0.5549251421596962,0.6679174484052532,0.590765091156301,
0.7080078125,0.6962890625,0.5762207664357916,0.6962890625,0.6188638184374436,
0.7057115198451114,0.6979670861568248,0.5700177631857082,0.6979670861568248,0.6114144178894009,
0.6946859903381642,0.6821256038647343,0.5422378007527161,0.6821256038647343,0.5906342852159405,
0.6892156862745098,0.6901960784313725,0.5614894233869501,0.6901960784313725,0.5938715489439871,
0.7071984435797666,0.7013618677042801,0.5857375045615438,0.7013618677042801,0.6233139725255228,
0.68389662027833,0.672962226640159,0.5278995370142954,0.672962226640159,0.5784695570960519,
0.6895200783545543,0.6767874632713027,0.5746992024191606,0.6767874632713027,0.6026769943851432,
