Majority Class Accuracy,Accuracy,Precision,Recall,F Score,Support
0.1235632183908046,0.25,0.24356963222063463,0.25,0.24314623895691265,
0.1218809980806142,0.23128598848368523,0.225908466907426,0.23128598848368523,0.22129057140268926,
0.12462612163509472,0.21834496510468593,0.21369095138159572,0.21834496510468593,0.21271847748913744,
0.10879848628192999,0.22232734153263956,0.21535376203941953,0.22232734153263956,0.21311613882504754,
0.12549407114624506,0.2450592885375494,0.23710009313692348,0.2450592885375494,0.2374923809400752,
0.12118226600985221,0.22857142857142856,0.23102582625079282,0.22857142857142856,0.227441775237827,
0.13452027695351138,0.2166172106824926,0.2078015660076231,0.2166172106824926,0.20943331847821822,
0.1323671497584541,0.2318840579710145,0.22781167731588142,0.2318840579710145,0.2272234554666078,
0.12657004830917876,0.2492753623188406,0.24279453588808367,0.2492753623188406,0.2415103928004328,
0.12807881773399016,0.22660098522167488,0.21867930373856906,0.22660098522167488,0.21827156762312092,
0.13618677042801555,0.22665369649805447,0.21576080607539466,0.22665369649805447,0.21503045482910121,
0.13018322082931533,0.22854387656702024,0.2278823484090706,0.22854387656702024,0.22447705416115438,
0.131163708086785,0.2495069033530572,0.23937134223857448,0.2495069033530572,0.2421389255022824,
0.1318359375,0.255859375,0.24340031006952592,0.255859375,0.24654186050153046,
0.1240234375,0.2255859375,0.2135518322326286,0.2255859375,0.2146843910802313,
0.1402321083172147,0.22147001934235977,0.21778514565807147,0.22147001934235977,0.2182620516285319,
0.12757605495583907,0.22473012757605496,0.21081801750575324,0.22473012757605496,0.21116139820879412,
0.10800385728061716,0.24879459980713597,0.2389057191919797,0.24879459980713597,0.23931306524142695,
0.12833168805528133,0.2102665350444225,0.21278370389489945,0.2102665350444225,0.2051339047235441,
0.11153846153846154,0.23365384615384616,0.22131237704876036,0.23365384615384616,0.22185677961480935,
0.12342079689018465,0.22157434402332363,0.21823067224235346,0.22157434402332363,0.21608067445337578,
0.125,0.2451550387596899,0.24237328617576412,0.2451550387596899,0.2390305810430311,
0.12258687258687259,0.23938223938223938,0.2278615818017304,0.23938223938223938,0.23085164464797459,
0.11428571428571428,0.23904761904761904,0.22446878290544375,0.23904761904761904,0.2247523965417285,
0.12475822050290135,0.218568665377176,0.20747959397230203,0.218568665377176,0.2097743334402178,
0.10818713450292397,0.2309941520467836,0.21980280188457824,0.2309941520467836,0.22149435771425793,
0.12524461839530332,0.22211350293542073,0.21136606194370014,0.22211350293542073,0.21110907141662702,
0.11079274116523401,0.2110792741165234,0.2060597676150631,0.2110792741165234,0.20332112325588525,
0.11904761904761904,0.22817460317460317,0.2208169110829571,0.22817460317460317,0.2206307977244214,
0.11632453567937438,0.2209188660801564,0.21180878691506297,0.2209188660801564,0.20962489943633622,
