Majority Class Accuracy,Accuracy,Precision,Recall,F Score,Support
0.6963946869070209,0.6897533206831119,0.5464943325619459,0.6897533206831119,0.603358878929799,
0.6895551257253385,0.6866537717601547,0.561336707338947,0.6866537717601547,0.6002584469187916,
0.6886973180076629,0.6896551724137931,0.5212537985647768,0.6896551724137931,0.5872623792312162,
0.7032967032967034,0.6863136863136863,0.5431975143387027,0.6863136863136863,0.5982002089051996,
0.7197640117994101,0.7079646017699115,0.5660782736264257,0.7079646017699115,0.6266493081110246,
0.6873126873126874,0.6823176823176823,0.5427814597878663,0.6823176823176823,0.5980442483587374,
0.6775745909528392,0.6679499518768046,0.49772868669912834,0.6679499518768046,0.5638960384133911,
0.7055393586005831,0.6977648202137998,0.5667597770307706,0.6977648202137998,0.6180161290627277,
0.725,0.725,0.5990705507083216,0.725,0.6285069691074476,
0.6986301369863014,0.6888454011741683,0.5287525648345316,0.6888454011741683,0.5884947668559791,
0.7059405940594059,0.698019801980198,0.5807959435688521,0.698019801980198,0.6135290632845131,
0.6753246753246753,0.6593406593406593,0.4963992773292148,0.6593406593406593,0.5595273182787918,
0.6928294573643411,0.6831395348837209,0.513888888888889,0.6831395348837209,0.5818099133685755,
0.7212953876349362,0.7144259077526988,0.578188048187554,0.7144259077526988,0.6201927772387815,
0.7335945151811949,0.7267384916748286,0.5884742100349453,0.7267384916748286,0.6378751266343967,
0.6957383548067394,0.686818632309217,0.5240256201025679,0.686818632309217,0.5887276619256668,
0.6886973180076629,0.6925287356321839,0.5608080846551174,0.6925287356321839,0.5867714249273016,
0.7017543859649122,0.6939571150097466,0.5278173445705705,0.6939571150097466,0.5916933990032093,
0.694831013916501,0.6789264413518886,0.5179175729323121,0.6789264413518886,0.5788085496681745,
0.6874391431353457,0.6728334956183057,0.5016654032191217,0.6728334956183057,0.5678953819412649,
0.7135826771653543,0.6899606299212598,0.5484557205255358,0.6899606299212598,0.6084820097364615,
0.7012369172216937,0.6888677450047573,0.5537832386360579,0.6888677450047573,0.6004111806757482,
0.6782522343594836,0.6782522343594836,0.5467618604690417,0.6782522343594836,0.5750062246781619,
0.6931268151016456,0.68054211035818,0.5209687007778558,0.68054211035818,0.5798516404964519,
0.7325581395348837,0.7151162790697675,0.5856563327744161,0.7151162790697675,0.6384091071677659,
0.6993210475266731,0.6847720659553831,0.5607437526359327,0.6847720659553831,0.5976594051918024,
0.7061657032755299,0.7157996146435452,0.5718707390937302,0.7157996146435452,0.6182146532611649,
0.7008973080757727,0.6899302093718843,0.5314311326656861,0.6899302093718843,0.5955142463349422,
0.6936758893280632,0.6907114624505929,0.5557032216290446,0.6907114624505929,0.6015556170803111,
0.7117472852912142,0.717670286278381,0.6009047478262406,0.717670286278381,0.6165800093130024,
