Majority Class Accuracy,Accuracy,Precision,Recall,F Score,Support
0.1072463768115942,0.2492753623188406,0.24303167514476148,0.2492753623188406,0.24509481900300706,
0.13894324853228962,0.22700587084148727,0.22046635415714405,0.22700587084148727,0.2216824399482802,
0.12993262752646775,0.21174205967276227,0.2089290228101089,0.21174205967276227,0.2086574466276049,
0.12007874015748031,0.23917322834645668,0.22767833659532472,0.23917322834645668,0.22747737103227186,
0.12931885488647582,0.22902270483711748,0.21684947150045303,0.22902270483711748,0.22000968172513646,
0.1274703557312253,0.2450592885375494,0.2370256613679241,0.2450592885375494,0.2372291628756011,
0.11971830985915492,0.23742454728370221,0.23364597072279722,0.23742454728370221,0.23256398548647086,
0.12684365781710916,0.21140609636184857,0.2063714994767471,0.21140609636184857,0.20648253834067118,
0.122568093385214,0.2480544747081712,0.24055056601580607,0.2480544747081712,0.2437385116648764,
0.12712712712712712,0.25425425425425424,0.24664686458437063,0.25425425425425424,0.24632992222533873,
0.12896825396825398,0.23511904761904762,0.22371250579808907,0.23511904761904762,0.22545736645140194,
0.1270772238514174,0.2316715542521994,0.22906646907504968,0.2316715542521994,0.22950337675491161,
0.10443349753694581,0.23645320197044334,0.22900828817994642,0.23645320197044334,0.22747804289879167,
0.12721893491124261,0.22386587771203156,0.21731036609350496,0.22386587771203156,0.21917708173854475,
0.124750499001996,0.22355289421157684,0.22250983205253114,0.22355289421157684,0.21989431544893592,
0.14789422135161606,0.23800195886385897,0.23639809369464435,0.23800195886385897,0.23330840441979603,
0.12893982808022922,0.23304680038204392,0.2235772909855357,0.23304680038204392,0.22593763471246764,
0.13366336633663367,0.2514851485148515,0.245504517246809,0.2514851485148515,0.245116130231395,
0.12027833001988071,0.22564612326043737,0.21860705552305734,0.22564612326043737,0.2198642103912304,
0.1185617103984451,0.22254616132167152,0.22590405497434346,0.22254616132167152,0.22328003828753107,
0.1178743961352657,0.21932367149758455,0.219235486676059,0.21932367149758455,0.21387661345689746,
0.13320463320463322,0.2277992277992278,0.21877831958648794,0.2277992277992278,0.22137848355241435,
0.11346153846153846,0.25769230769230766,0.2475618968461422,0.25769230769230766,0.24489949012918508,
0.10097087378640776,0.24854368932038834,0.2541742231586596,0.24854368932038834,0.24360584774730754,
0.116600790513834,0.24110671936758893,0.2427323684623949,0.24110671936758893,0.2394881496909261,
0.11066398390342053,0.2454728370221328,0.24519160609173934,0.2454728370221328,0.24110667435589775,
0.1392156862745098,0.23823529411764705,0.23255895364391532,0.23823529411764705,0.23312046833980063,
0.1245136186770428,0.2441634241245136,0.23900361516862365,0.2441634241245136,0.23885851888560788,
0.13823529411764707,0.22450980392156863,0.21418322636065076,0.22450980392156863,0.21711435304259044,
0.12537018756169793,0.23988153998025666,0.23633268267184893,0.23988153998025666,0.23578579952432255,
