Majority Class Accuracy,Accuracy,Precision,Recall,F Score,Support
0.42884801548886736,0.42400774443368827,0.3125179278378172,0.42400774443368827,0.33976175118179386,
0.4648023143683703,0.476374156219865,0.3551643080057588,0.476374156219865,0.386247875661201,
0.4481086323957323,0.4684772065955383,0.35035286006885497,0.4684772065955383,0.3796851494588501,
0.47399411187438667,0.492639842983317,0.3778513894523684,0.492639842983317,0.40809346397910673,
0.4591633466135458,0.448207171314741,0.33777377937191944,0.448207171314741,0.3546773393865903,
0.4530776992936428,0.45610494450050454,0.3250730166461315,0.45610494450050454,0.35524580840536324,
0.476,0.471,0.36712321735774517,0.471,0.3882016299096631,
0.48523622047244097,0.48031496062992124,0.35440728949059935,0.48031496062992124,0.38594487468835914,
0.4624390243902439,0.4624390243902439,0.3446572588520677,0.4624390243902439,0.371096452550674,
0.4613861386138614,0.4425742574257426,0.3262403548468764,0.4425742574257426,0.3608320708023147,
0.49034749034749037,0.4777992277992278,0.3597002759889159,0.4777992277992278,0.3916103245683379,
0.461839530332681,0.4471624266144814,0.3308101518827103,0.4471624266144814,0.3577491918767413,
0.46190935390549664,0.46287367405978785,0.36248105646819584,0.46287367405978785,0.3655779235477014,
0.4723282442748092,0.4599236641221374,0.35210778177294316,0.4599236641221374,0.36572261397996586,
0.4941972920696325,0.48452611218568664,0.364166511933157,0.48452611218568664,0.3993437373031137,
0.45295829291949563,0.4422890397672163,0.3344244480087501,0.4422890397672163,0.35534881111990724,
0.4766633565044687,0.47765640516385305,0.3584904462761478,0.47765640516385305,0.3950917381756325,
0.45717131474103584,0.4591633466135458,0.35923204195296127,0.4591633466135458,0.37214948768153455,
0.47523809523809524,0.47904761904761906,0.36110490863798256,0.47904761904761906,0.3991336290385655,
0.4570582428430405,0.4738400789733465,0.36649279972396154,0.4738400789733465,0.37913759209903863,
0.46774193548387094,0.4586693548387097,0.3573581024583942,0.4586693548387097,0.3816031380726967,
0.48137254901960785,0.4696078431372549,0.3719300691232085,0.4696078431372549,0.39096622121697444,
0.43816942551119764,0.4430379746835443,0.31451509864824206,0.4430379746835443,0.3449510560306462,
0.46418056918547596,0.4573110893032385,0.3353879635143639,0.4573110893032385,0.36674579955878467,
0.45481927710843373,0.44377510040160645,0.3438110051707298,0.44377510040160645,0.35278613262433395,
0.4548162859980139,0.4548162859980139,0.34608328907219016,0.4548162859980139,0.3554742138705272,
0.4667949951876805,0.4639076034648701,0.34973834446243457,0.4639076034648701,0.36882897117389946,
0.46586345381526106,0.4598393574297189,0.35409087778314025,0.4598393574297189,0.37774168850013384,
0.4655674102812803,0.4626576139670223,0.34142165359337673,0.4626576139670223,0.3667809559186948,
0.4580152671755725,0.46564885496183206,0.35002938286333074,0.46564885496183206,0.37690209511387346,
