Majority Class Accuracy,Accuracy,Precision,Recall,F Score,Support
0.1276803118908382,0.24951267056530213,0.24286655544703464,0.24951267056530213,0.24367519702556895,
0.12390243902439024,0.22634146341463415,0.22034714583834855,0.22634146341463415,0.21821198176588222,
0.14188532555879493,0.25072886297376096,0.24104780865606773,0.25072886297376096,0.24268751860333546,
0.151252408477842,0.22832369942196531,0.2119813697512019,0.22832369942196531,0.21602118063852474,
0.13539651837524178,0.2137330754352031,0.20622823498871384,0.2137330754352031,0.2090777346725172,
0.11787819253438114,0.2200392927308448,0.20568922785326232,0.2200392927308448,0.20830014296336458,
0.13424124513618677,0.2441634241245136,0.23189282616966012,0.2441634241245136,0.23503495683293224,
0.12216748768472907,0.2561576354679803,0.24548745157054921,0.2561576354679803,0.24515358586308808,
0.11346153846153846,0.26153846153846155,0.26253756976007686,0.26153846153846155,0.2561950225988902,
0.11485148514851486,0.2316831683168317,0.229834793166409,0.2316831683168317,0.22852738291891422,
0.13452027695351138,0.22551928783382788,0.22865502097203655,0.22551928783382788,0.22163352253363144,
0.1181026137463698,0.24298160696999033,0.2333688146219466,0.24298160696999033,0.2333824687609163,
0.13877952755905512,0.2637795275590551,0.2519932182400097,0.2637795275590551,0.25277033095680795,
0.12462612163509472,0.2382851445663011,0.23145484244350936,0.2382851445663011,0.23235477620696748,
0.138328530259366,0.23150816522574447,0.21503575654092377,0.23150816522574447,0.21953043199833935,
0.11758989310009718,0.2662779397473275,0.2636130629166374,0.2662779397473275,0.26193904165705334,
0.12833168805528133,0.22902270483711748,0.2189887073360517,0.22902270483711748,0.220604573315132,
0.13255360623781676,0.2524366471734893,0.24550879453081015,0.2524366471734893,0.2420199864202145,
0.1248780487804878,0.2497560975609756,0.24181427341924797,0.2497560975609756,0.24209673701010048,
0.12330097087378641,0.23980582524271846,0.23691148913710036,0.23980582524271846,0.2356811519501058,
0.14230396902226525,0.2633107454017425,0.25069164669666805,0.2633107454017425,0.252663588923893,
0.13406156901688182,0.23833167825223436,0.2235443954221428,0.23833167825223436,0.22639077523484086,
0.11264822134387352,0.24110671936758893,0.23723329626588366,0.24110671936758893,0.2372517063245219,
0.13385826771653545,0.25098425196850394,0.24045277609789026,0.25098425196850394,0.2396858963815026,
0.11078140454995054,0.23936696340257171,0.23326322348051742,0.23936696340257171,0.23248257360682165,
0.12634671890303623,0.21841332027424093,0.2155994729488549,0.21841332027424093,0.21486749982123007,
0.1349206349206349,0.23809523809523808,0.23216379073547452,0.23809523809523808,0.23254473841868467,
0.13529411764705881,0.25,0.22857468121854685,0.25,0.23135456253994105,
0.12147716229348883,0.25267249757045673,0.23482230329130743,0.25267249757045673,0.2370170795905906,
0.1377952755905512,0.24507874015748032,0.2445429662629107,0.24507874015748032,0.2432442891712881,
