Majority Class Accuracy,Accuracy,Precision,Recall,F Score,Support
0.6803118908382066,0.6676413255360624,0.48882608220743434,0.6676413255360624,0.5572299079367898,
0.6987487969201155,0.6881616939364774,0.5523490527422289,0.6881616939364774,0.6040022829163673,
0.6967054263565892,0.6937984496124031,0.5619872548602395,0.6937984496124031,0.5988984162479203,
0.6780155642023347,0.6770428015564203,0.5652345450038475,0.6770428015564203,0.5846091488526833,
0.6892430278884463,0.6792828685258964,0.5543781551202993,0.6792828685258964,0.5901935025436975,
0.6754130223517979,0.673469387755102,0.5323007181626599,0.673469387755102,0.5723330533937887,
0.6869565217391305,0.6946859903381642,0.5850696562206539,0.6946859903381642,0.591079881568654,
0.6844660194174758,0.6747572815533981,0.534107191770399,0.6747572815533981,0.5814642247766095,
0.6854684512428298,0.6854684512428298,0.5324789685423426,0.6854684512428298,0.5808220685836796,
0.7066929133858267,0.6998031496062992,0.5331143423023043,0.6998031496062992,0.59646078941159,
0.7000964320154291,0.6962391513982642,0.5330847161042459,0.6962391513982642,0.5893677908002062,
0.7153846153846154,0.7028846153846153,0.5560544577746412,0.7028846153846153,0.6132842809364548,
0.6899606299212598,0.6909448818897638,0.5688128953813284,0.6909448818897638,0.5812451069664203,
0.6747337850919651,0.6669893514036787,0.4939945649004536,0.6669893514036787,0.5546912789179201,
0.7032755298651252,0.6946050096339114,0.5420756609229096,0.6946050096339114,0.5957642374560308,
0.6976744186046512,0.6821705426356589,0.5145195827090807,0.6821705426356589,0.5796831607772446,
0.7033398821218074,0.6679764243614931,0.5378389186218941,0.6679764243614931,0.5869145246428692,
0.7051282051282052,0.6923076923076923,0.5350041941553878,0.6923076923076923,0.5913375907458748,
0.7016848364717542,0.6897918731417245,0.5355783381409149,0.6897918731417245,0.5922362145259603,
0.6912209889001009,0.6720484359233098,0.5189836293880854,0.6720484359233098,0.5751509588632707,
0.6903602726387537,0.6786757546251218,0.5377173683946133,0.6786757546251218,0.5917220521680941,
0.6735496558505408,0.6656833824975418,0.5008364791183593,0.6656833824975418,0.5484176720952384,
0.6745329400196657,0.6607669616519174,0.49262050671895413,0.6607669616519174,0.5551372068862384,
0.702,0.697,0.5318646928201333,0.697,0.5934425700847091,
0.6751717369970559,0.6673209028459274,0.5000810514645476,0.6673209028459274,0.5615071414259155,
0.6885245901639344,0.6788813886210222,0.5382828758112105,0.6788813886210222,0.5854055972541775,
0.6875612144955926,0.6865817825661117,0.5250494291511968,0.6865817825661117,0.5809809503382634,
0.7299128751210068,0.7163601161665053,0.5646796399240155,0.7163601161665053,0.6222584203680044,
0.6924603174603174,0.6845238095238095,0.5379945463371714,0.6845238095238095,0.5893981791921227,
0.6653919694072657,0.6577437858508605,0.5010860685611617,0.6577437858508605,0.5463298399688251,
