Majority Class Accuracy,Accuracy,Precision,Recall,F Score,Support
0.6984282907662083,0.6836935166994106,0.520311308131173,0.6836935166994106,0.5840281405835757,
0.6724470134874759,0.6657032755298651,0.48796715790935447,0.6657032755298651,0.5529141208877433,
0.7041420118343196,0.7011834319526628,0.5696987549903564,0.7011834319526628,0.5936033559232439,
0.6698748796920115,0.6660250240615977,0.5070852126229642,0.6660250240615977,0.5488992386785317,
0.7012487992315082,0.7002881844380403,0.5518053136710928,0.7002881844380403,0.6007109557318605,
0.6688995215311004,0.6564593301435406,0.468890648107873,0.6564593301435406,0.5428920355330709,
0.6981317600786627,0.6912487708947886,0.5253527143828056,0.6912487708947886,0.5860053715331304,
0.7071563088512242,0.696798493408663,0.5407174829509093,0.696798493408663,0.5934741501305515,
0.6915615906886518,0.6886517943743938,0.5356751574526857,0.6886517943743938,0.5839982081880492,
0.6763527054108216,0.6713426853707415,0.5222605818940859,0.6713426853707415,0.5813945438324379,
0.7124505928853755,0.7065217391304348,0.5388818156481199,0.7065217391304348,0.6044388776563374,
0.6778989098116948,0.6699702675916749,0.5173476589482537,0.6699702675916749,0.5704066595671452,
0.6888667992047713,0.6868787276341949,0.5225136014837061,0.6868787276341949,0.5816100964291488,
0.7007648183556405,0.6883365200764818,0.5259490685173485,0.6883365200764818,0.5864156070236092,
0.6772908366533864,0.6733067729083665,0.49282139426084925,0.6733067729083665,0.5523214301143974,
0.6971201588877854,0.6852035749751738,0.5580284720164203,0.6852035749751738,0.586959988867159,
0.6893491124260355,0.6863905325443787,0.5269104800551837,0.6863905325443787,0.5789044674161306,
0.6917073170731707,0.6897560975609756,0.5779996585811817,0.6897560975609756,0.5949187516925372,
0.6964636542239686,0.6846758349705304,0.5430739414040003,0.6846758349705304,0.58905683736681,
0.7032640949554896,0.6973293768545994,0.5518636003519009,0.6973293768545994,0.5985961833357246,
0.7281648675171737,0.7163886162904809,0.5649118587570685,0.7163886162904809,0.6275382997684432,
0.7137293086660176,0.7078870496592016,0.5457632791167942,0.7078870496592016,0.6067514580447987,
0.7059980334316618,0.7069813176007866,0.5554108608371268,0.7069813176007866,0.6049912398897301,
0.7368941641938674,0.7260138476755688,0.5777371985087119,0.7260138476755688,0.6316398650667514,
0.6926829268292682,0.6858536585365854,0.5348694870345593,0.6858536585365854,0.5848140128515421,
0.7025986525505293,0.6920115495668913,0.5403768552094934,0.6920115495668913,0.6010324554074815,
0.7065326633165829,0.7055276381909548,0.5699484201841415,0.7055276381909548,0.607899087026884,
0.7096456692913385,0.6948818897637795,0.5380601445290955,0.6948818897637795,0.5989206283572257,
0.6640851887705711,0.6563407550822846,0.45275632932685966,0.6563407550822846,0.5309825844222772,
0.7071713147410359,0.7081673306772909,0.5753673583286402,0.7081673306772909,0.6152587886739433,
