Majority Class Accuracy,Accuracy,Precision,Recall,F Score,Support
0.1369334619093539,0.22468659594985535,0.2159670013513545,0.22468659594985535,0.20934842753958174,
0.1280310378273521,0.23084384093113483,0.22948885304019434,0.23084384093113483,0.2222355623118229,
0.12560386473429952,0.2144927536231884,0.2059940780158998,0.2144927536231884,0.20479242068158734,
0.1111111111111111,0.2037037037037037,0.20136757386992488,0.2037037037037037,0.19978059395783587,
0.1288102261553589,0.21238938053097345,0.2068454784976075,0.21238938053097345,0.2032493641728696,
0.12487899322362052,0.24878993223620524,0.2441847290969599,0.24878993223620524,0.24149206929931114,
0.12088974854932302,0.24564796905222436,0.24654679567770388,0.24564796905222436,0.24055161803198896,
0.10416666666666667,0.23313492063492064,0.2233428165706273,0.23313492063492064,0.2209898633680466,
0.12797619047619047,0.22817460317460317,0.22007817386944004,0.22817460317460317,0.22077861664356516,
0.10948191593352884,0.198435972629521,0.181913405017257,0.198435972629521,0.18294577787091496,
0.12242899118511263,0.24387855044074436,0.2280858779018754,0.24387855044074436,0.23071936380128577,
0.15136226034308778,0.22300706357214933,0.22325987271465186,0.22300706357214933,0.2188515040586592,
0.11684518013631938,0.2590068159688413,0.2543593084749816,0.2590068159688413,0.2535485326736107,
0.12339585389930899,0.22902270483711748,0.21975997931820004,0.22902270483711748,0.22265354089232717,
0.13274336283185842,0.24778761061946902,0.24229688844553407,0.24778761061946902,0.242367099656071,
0.11634615384615385,0.25096153846153846,0.2469747597032067,0.25096153846153846,0.2475356118757243,
0.14271653543307086,0.2312992125984252,0.22668253101114585,0.2312992125984252,0.22604384627556487,
0.11538461538461539,0.2586538461538462,0.24505835710418428,0.2586538461538462,0.24895782253435006,
0.11507936507936507,0.23313492063492064,0.22541953712151896,0.23313492063492064,0.2226937204957786,
0.1251212415130941,0.2405431619786615,0.2413271578374426,0.2405431619786615,0.23732013946815003,
0.13484251968503938,0.2263779527559055,0.21193139056422086,0.2263779527559055,0.21163546531975558,
0.140625,0.234375,0.22773823287171024,0.234375,0.2255262581733954,
0.11002921129503408,0.2317429406037001,0.215713724917242,0.2317429406037001,0.21676795281581998,
0.11668273866923819,0.23336547733847637,0.23120943867574073,0.23336547733847637,0.22666890620732338,
0.12718446601941746,0.2262135922330097,0.2192915790880091,0.2262135922330097,0.22087583191922944,
0.10648596321393998,0.23910939012584706,0.23040807784166067,0.23910939012584706,0.23242141757618923,
0.13196480938416422,0.21212121212121213,0.21152054566836365,0.21212121212121213,0.2046986082494236,
0.12375249500998003,0.249500998003992,0.24065772035038013,0.249500998003992,0.24180692792517774,
0.12871287128712872,0.25544554455445545,0.2505220691654894,0.25544554455445545,0.24906494783319685,
0.13218390804597702,0.22701149425287356,0.22046387486867255,0.22701149425287356,0.21854296462125952,
