Majority Class Accuracy,Accuracy,Precision,Recall,F Score,Support
0.4726749760306807,0.47746883988494726,0.3859049770071173,0.47746883988494726,0.40998746885735493,
0.47885939036381514,0.4631268436578171,0.3754613890346516,0.4631268436578171,0.3981329927481588,
0.5063538611925709,0.4995112414467253,0.4045977728371205,0.4995112414467253,0.43157242120264866,
0.44881889763779526,0.45177165354330706,0.3575019004177846,0.45177165354330706,0.3797499012865768,
0.4730250481695568,0.4556840077071291,0.354560834429897,0.4556840077071291,0.3853643179216111,
0.4473942969518191,0.45427728613569324,0.3888009504846687,0.45427728613569324,0.3937158199254213,
0.4852240228789323,0.4861773117254528,0.38418566640625895,0.4861773117254528,0.4184403542021844,
0.464816650148662,0.4757185332011893,0.4124212869456211,0.4757185332011893,0.41755875932927344,
0.47514910536779326,0.4592445328031809,0.3654942323792232,0.4592445328031809,0.3961616117667363,
0.43842364532019706,0.4522167487684729,0.3789250275371478,0.4522167487684729,0.39175298399483255,
0.45393474088291746,0.45681381957773515,0.37456372247167286,0.45681381957773515,0.38418902282278666,
0.47675568743818003,0.4549950544015826,0.3661517864569864,0.4549950544015826,0.3963693978928239,
0.5145348837209303,0.4932170542635659,0.4248256654501332,0.4932170542635659,0.4340586086717964,
0.469061876247505,0.45708582834331335,0.35521160596010903,0.45708582834331335,0.38573753619806533,
0.49019607843137253,0.4725490196078431,0.38355398355174336,0.4725490196078431,0.41571593251879496,
0.4911417322834646,0.47244094488188976,0.3860557128162608,0.47244094488188976,0.4090552172885163,
0.4588235294117647,0.4676470588235294,0.37302063914045974,0.4676470588235294,0.3940096572546145,
0.46108374384236456,0.4669950738916256,0.37157231439838695,0.4669950738916256,0.39175929865605913,
0.478,0.459,0.3725304360742141,0.459,0.4029482852049685,
0.4791666666666667,0.48214285714285715,0.39461043030744886,0.48214285714285715,0.41667450288565544,
0.46912350597609564,0.4531872509960159,0.35828601284204153,0.4531872509960159,0.38670374775690397,
0.44051130776794495,0.44051130776794495,0.357133058381925,0.44051130776794495,0.36805551483654264,
0.4509415262636274,0.46085232903865214,0.36982148508253004,0.46085232903865214,0.3876998297406967,
0.4621359223300971,0.4621359223300971,0.36883534256882705,0.4621359223300971,0.3956828530880287,
0.49903660886319845,0.5077071290944123,0.41140143761447756,0.5077071290944123,0.4383686734402594,
0.4686595949855352,0.4541947926711668,0.3591195655070308,0.4541947926711668,0.3933887535690201,
0.4476744186046512,0.436046511627907,0.352682376357182,0.436046511627907,0.3804611865204355,
0.4692849949647533,0.46827794561933533,0.40484605888513275,0.46827794561933533,0.39665308849677594,
0.4667328699106256,0.4428997020854022,0.3356184253446137,0.4428997020854022,0.3675537824163046,
0.4756335282651072,0.4571150097465887,0.36393763333310725,0.4571150097465887,0.39148129876613796,
