Majority Class Accuracy,Accuracy,Precision,Recall,F Score,Support
0.4775977121067683,0.4833174451858913,0.3763665176311665,0.4833174451858913,0.39981055044639957,
0.47134387351778656,0.466403162055336,0.36524490033100715,0.466403162055336,0.3924513572579316,
0.4770554493307839,0.48852772466539196,0.40021144918107426,0.48852772466539196,0.4080637095253894,
0.455609756097561,0.46146341463414636,0.3607972689607969,0.46146341463414636,0.3759728127429353,
0.46507177033492825,0.44880382775119615,0.3409291537024852,0.44880382775119615,0.3785891222104514,
0.4650485436893204,0.4601941747572815,0.3517978427716303,0.4601941747572815,0.387289089891892,
0.452081316553727,0.45595353339787026,0.35981741311782905,0.45595353339787026,0.38071634226890033,
0.49365853658536585,0.4692682926829268,0.3835874043368909,0.4692682926829268,0.3964108115673076,
0.46588693957115007,0.4502923976608187,0.35085292512225763,0.4502923976608187,0.37443775960211567,
0.44744744744744747,0.45245245245245247,0.37054770309306917,0.45245245245245247,0.3739385245905045,
0.486646884272997,0.47181008902077154,0.3647719070371924,0.47181008902077154,0.40022450259823983,
0.45922330097087377,0.4728155339805825,0.3851552903388162,0.4728155339805825,0.39744436027202085,
0.47006869479882235,0.47105004906771347,0.3635932575126468,0.47105004906771347,0.3987599694133659,
0.4810126582278481,0.48296007789678674,0.3830184010018144,0.48296007789678674,0.4121847654909606,
0.47203140333660454,0.4631992149165849,0.34428085272808606,0.4631992149165849,0.3789419348681863,
0.47023809523809523,0.46825396825396826,0.36005545094445557,0.46825396825396826,0.3900896110922951,
0.5019607843137255,0.4980392156862745,0.3924607105489716,0.4980392156862745,0.41365480167630003,
0.46834170854271356,0.4663316582914573,0.37769293111403524,0.4663316582914573,0.3994851004753264,
0.48971596474045054,0.4603330068560235,0.3708178778820051,0.4603330068560235,0.39478297377567423,
0.49412915851272016,0.48043052837573386,0.3802153733296693,0.48043052837573386,0.4109589851979998,
0.4648023143683703,0.45805207328833175,0.36466420440639014,0.45805207328833175,0.38404101512599176,
0.4622093023255814,0.4738372093023256,0.37010696594200054,0.4738372093023256,0.39326818799563684,
0.4573412698412698,0.4632936507936508,0.34908144107719996,0.4632936507936508,0.3739076867144868,
0.49159248269040556,0.4856577645895153,0.3955097229183839,0.4856577645895153,0.4080354170357152,
0.46100691016781836,0.4768015794669299,0.394090907940013,0.4768015794669299,0.4029120389230812,
0.4551656920077973,0.46296296296296297,0.3692022903595886,0.46296296296296297,0.3867453746560605,
0.4723865877712032,0.47633136094674555,0.38305177901379917,0.47633136094674555,0.40159669697228373,
0.47472745292368684,0.4588701684836472,0.33683257755617174,0.4588701684836472,0.36756474520217297,
0.4675834970530452,0.45088408644400785,0.3577892021894692,0.45088408644400785,0.38482547439869397,
0.46449704142011833,0.4526627218934911,0.35419827809363186,0.4526627218934911,0.37622991659732336,
