Majority Class Accuracy,Accuracy,Precision,Recall,F Score,Support
0.12365063788027478,0.22080471050049066,0.21710874141427597,0.22080471050049066,0.21502070835907117,
0.1181026137463698,0.22942884801548888,0.22341405435868103,0.22942884801548888,0.2230378553767414,
0.11952191235059761,0.21713147410358566,0.21441860849965758,0.21713147410358566,0.21278779383439123,
0.12351778656126482,0.233201581027668,0.22764787565240863,0.233201581027668,0.22536263570038212,
0.12730806608357628,0.22351797862001943,0.21420508100467942,0.22351797862001943,0.2104305941774675,
0.1123046875,0.265625,0.25410140876213105,0.265625,0.25616956054904905,
0.10019646365422397,0.224950884086444,0.22836418596943672,0.224950884086444,0.21995909861399404,
0.12909441233140656,0.22928709055876687,0.22654780891882526,0.22928709055876687,0.22114452540445179,
0.1397338403041825,0.22338403041825095,0.2226585696037738,0.22338403041825095,0.21804558575729163,
0.13609467455621302,0.24358974358974358,0.21450866387498013,0.24358974358974358,0.2211145617065328,
0.1194471865745311,0.23099703849950642,0.22875900361144755,0.23099703849950642,0.22546414723337294,
0.11758989310009718,0.21865889212827988,0.21614845208251365,0.21865889212827988,0.2125046982483496,
0.126953125,0.25,0.2399042173899295,0.25,0.24089145918907923,
0.13047711781888996,0.24732229795520935,0.24289610546150528,0.24732229795520935,0.24064725726170152,
0.13022351797862003,0.20408163265306123,0.19811954006415725,0.20408163265306123,0.19625695092333334,
0.12745098039215685,0.20392156862745098,0.19128520973967064,0.20392156862745098,0.19375202073023984,
0.13326848249027237,0.23929961089494164,0.22410807443463726,0.23929961089494164,0.2250566112280386,
0.12685827552031714,0.21407333994053518,0.2037206466619491,0.21407333994053518,0.20538879104956054,
0.11553398058252427,0.2543689320388349,0.24733487056979622,0.2543689320388349,0.2439801824167857,
0.13231064237775647,0.2214765100671141,0.21412822465583056,0.2214765100671141,0.21616727246827463,
0.11866028708133972,0.22296650717703348,0.21351098518826223,0.22296650717703348,0.21576002843783348,
0.1138996138996139,0.22972972972972974,0.22315102968792427,0.22972972972972974,0.22305598366262702,
0.12,0.226,0.22042324086021098,0.226,0.2205179682694718,
0.1276391554702495,0.23896353166986564,0.23315908593646567,0.23896353166986564,0.23403570937866036,
0.11840796019900497,0.21791044776119403,0.21444793376645208,0.21791044776119403,0.21422859292979202,
0.1310344827586207,0.22955665024630542,0.22651302792174224,0.22955665024630542,0.22313810609362741,
0.12118226600985221,0.23054187192118228,0.2262187929782401,0.23054187192118228,0.22351522719650443,
0.12043435340572557,0.2665350444225074,0.2652352538923854,0.2665350444225074,0.2604396448213583,
0.13272543059777103,0.22188449848024316,0.21317700056578354,0.22188449848024316,0.21079700514301714,
0.1197252208047105,0.22178606476938176,0.21630321351930762,0.22178606476938176,0.2137082982947203,
