Majority Class Accuracy,Accuracy,Precision,Recall,F Score,Support
0.4533980582524272,0.4553398058252427,0.34230663979854964,0.4553398058252427,0.37626987384876137,
0.4681684622918707,0.47600391772771794,0.37700564205619175,0.47600391772771794,0.4026692760536874,
0.4482758620689655,0.4433497536945813,0.3306633480178454,0.4433497536945813,0.36498466014863673,
0.4673807205452775,0.46543330087633883,0.34762739043805185,0.46543330087633883,0.371216277236544,
0.49950248756218907,0.49850746268656715,0.388322803114914,0.49850746268656715,0.4162522897193226,
0.4604878048780488,0.46439024390243905,0.33162696876968767,0.46439024390243905,0.3664673604809128,
0.45922330097087377,0.4640776699029126,0.3836454329938878,0.4640776699029126,0.39432889026917434,
0.48475909537856443,0.4690265486725664,0.3803966699592091,0.4690265486725664,0.403691526874034,
0.4846743295019157,0.4837164750957854,0.3846185708797303,0.4837164750957854,0.4075454884577304,
0.47337278106508873,0.4546351084812623,0.36095849855974743,0.4546351084812623,0.39663331890071596,
0.4492462311557789,0.45125628140703516,0.3564882399810304,0.45125628140703516,0.37182667127967445,
0.4881188118811881,0.4752475247524752,0.3674947001275147,0.4752475247524752,0.38789874996276386,
0.48148148148148145,0.4980506822612086,0.4227254048430867,0.4980506822612086,0.427319686448001,
0.47838899803536344,0.46070726915520627,0.3896010235012037,0.46070726915520627,0.39625064918226793,
0.4685114503816794,0.4437022900763359,0.341073883546284,0.4437022900763359,0.37568646660896127,
0.458252427184466,0.45436893203883494,0.3753558514583421,0.45436893203883494,0.39163136820187777,
0.44532803180914515,0.4463220675944334,0.35020725199623876,0.4463220675944334,0.37340082226603755,
0.4556213017751479,0.46055226824457596,0.36636761856474204,0.46055226824457596,0.39250755095553647,
0.46404602109300097,0.47555129434324067,0.3623188417011444,0.47555129434324067,0.3955822801652987,
0.4523107177974435,0.4611602753195674,0.35951042256199206,0.4611602753195674,0.37653492109606024,
0.4751984126984127,0.4791666666666667,0.36950067870518627,0.4791666666666667,0.40609301363576183,
0.48804780876494025,0.500996015936255,0.40510250421826544,0.500996015936255,0.4242753456833266,
0.47041420118343197,0.47731755424063116,0.3702304760687096,0.47731755424063116,0.40151118406613034,
0.4794383149448345,0.4724172517552658,0.3508110779238375,0.4724172517552658,0.39468033717298806,
0.49411764705882355,0.47549019607843135,0.379403397810426,0.47549019607843135,0.41057962332384124,
0.47326732673267324,0.4762376237623762,0.3690805014008533,0.4762376237623762,0.40243349598580136,
0.4794794794794795,0.44744744744744747,0.35374274183721066,0.44744744744744747,0.37955280600557234,
0.4864864864864865,0.46332046332046334,0.34173674693137557,0.46332046332046334,0.3812973396553337,
0.47378832838773494,0.4609297725024728,0.37470580482489696,0.4609297725024728,0.3860134817787701,
0.4609375,0.4716796875,0.3711138640449896,0.4716796875,0.39762129620371983,
