Majority Class Accuracy,Accuracy,Precision,Recall,F Score,Support
0.11900191938579655,0.2236084452975048,0.21559817717688376,0.2236084452975048,0.21603759098395037,
0.129,0.217,0.20700337085084783,0.217,0.2084083122054095,
0.125,0.2421875,0.23501177058128467,0.2421875,0.2359494195476435,
0.09727626459143969,0.20719844357976655,0.19482049151425102,0.20719844357976655,0.19604844449392356,
0.12035225048923678,0.22407045009784735,0.2262192145586159,0.22407045009784735,0.22019575531844496,
0.1259765625,0.224609375,0.22765527212681702,0.224609375,0.21903907124274585,
0.13875598086124402,0.23253588516746412,0.22074373929085575,0.23253588516746412,0.2206970188580242,
0.11717974180734857,0.23833167825223436,0.23914801641412725,0.23833167825223436,0.23549196330519392,
0.11753371868978806,0.20520231213872833,0.1883648217792259,0.20520231213872833,0.18974842306374187,
0.11538461538461539,0.24260355029585798,0.23502956763058655,0.24260355029585798,0.23628838967535454,
0.11493123772102161,0.22986247544204322,0.22530579787321114,0.22986247544204322,0.22209803718888835,
0.11293436293436293,0.23745173745173745,0.227225188170785,0.23745173745173745,0.22906827076274533,
0.13203883495145632,0.23883495145631067,0.23149705783237912,0.23883495145631067,0.2290248723866377,
0.115234375,0.2568359375,0.2555193701810274,0.2568359375,0.25222530619355954,
0.1286266924564797,0.23887814313346228,0.22970525976457432,0.23887814313346228,0.23094266420957,
0.1324828263002944,0.2168792934249264,0.2027262386816704,0.2168792934249264,0.20597840775331913,
0.1267056530214425,0.2621832358674464,0.25556875529459233,0.2621832358674464,0.2540568536694812,
0.12034383954154727,0.23018147086914995,0.2231246381417659,0.23018147086914995,0.22216359746273626,
0.15475024485798236,0.24485798237022527,0.24216400445586875,0.24485798237022527,0.23916921465839003,
0.119533527696793,0.21865889212827988,0.20866870754251396,0.21865889212827988,0.20954931509629404,
0.11725452812202097,0.24976167778836988,0.24689648173644357,0.24976167778836988,0.2456181067756177,
0.11843361986628462,0.22540592168099333,0.23272211857096856,0.22540592168099333,0.2197023486652166,
0.11799410029498525,0.22025565388397247,0.2203949187570712,0.22025565388397247,0.21331174330466549,
0.13550939663699307,0.2413452027695351,0.22731190792093994,0.2413452027695351,0.22772457817352512,
0.13214990138067062,0.22879684418145957,0.2163070511489576,0.22879684418145957,0.21717095708527828,
0.13188976377952755,0.2421259842519685,0.23571158765566275,0.2421259842519685,0.23583450841551595,
0.12072243346007605,0.21863117870722434,0.21482868173795128,0.21863117870722434,0.21159660422570234,
0.12922465208747516,0.18986083499005965,0.18374722271085817,0.18986083499005965,0.18281601616199053,
0.13725490196078433,0.21372549019607842,0.20692512545949004,0.21372549019607842,0.2074151176120049,
0.1434223541048467,0.22551928783382788,0.21351375056382538,0.22551928783382788,0.2171800131407373,
