Majority Class Accuracy,Accuracy,Precision,Recall,F Score,Support
0.4572564612326044,0.46222664015904574,0.35310014666250134,0.46222664015904574,0.3775077838914311,
0.46893203883495144,0.4669902912621359,0.36552701044869124,0.4669902912621359,0.38458835552616544,
0.47070506454816285,0.4766633565044687,0.3711147682683524,0.4766633565044687,0.40296504922554055,
0.45366795366795365,0.47393822393822393,0.3705553992575648,0.47393822393822393,0.38444310933193576,
0.45356793743890517,0.4604105571847507,0.3329446570253548,0.4604105571847507,0.3704683755331677,
0.48756218905472637,0.481592039800995,0.3698391363748787,0.481592039800995,0.4006356260862449,
0.46477495107632094,0.4628180039138943,0.35710850551773127,0.4628180039138943,0.3818699609093148,
0.46865671641791046,0.47960199004975124,0.37252003702989767,0.47960199004975124,0.4066893993821217,
0.4621928166351607,0.44896030245746693,0.35531720556652574,0.44896030245746693,0.3729981242483,
0.4568627450980392,0.47058823529411764,0.35252169351119267,0.47058823529411764,0.385986761757297,
0.4756703078450844,0.46871896722939427,0.35567527308838137,0.46871896722939427,0.38178583821959283,
0.48484848484848486,0.4772727272727273,0.37181074976281336,0.4772727272727273,0.39345217247106995,
0.46484375,0.453125,0.3415704978427656,0.453125,0.3771154787473706,
0.4850818094321463,0.48315688161693937,0.3629506017046084,0.48315688161693937,0.39652744363759107,
0.4527027027027027,0.45656370656370654,0.3612629576299527,0.45656370656370654,0.3817974896141964,
0.4563297350343474,0.4690873405299313,0.3525051587273983,0.4690873405299313,0.3838731286966468,
0.46062992125984253,0.46653543307086615,0.3657768185747441,0.46653543307086615,0.3894232389303729,
0.4571703561116458,0.45139557266602504,0.34599788344578636,0.45139557266602504,0.3773930036017554,
0.4687800192122959,0.4697406340057637,0.3573031299714236,0.4697406340057637,0.39560742558761414,
0.4780534351145038,0.4818702290076336,0.3603197937437961,0.4818702290076336,0.39217935164049483,
0.46729857819905213,0.4654028436018957,0.3476100227421246,0.4654028436018957,0.3798853970119736,
0.450441609421001,0.45436702649656524,0.3649138206104763,0.45436702649656524,0.3727007378485627,
0.4787234042553192,0.4796905222437137,0.37562041693556436,0.4796905222437137,0.4029595656164281,
0.45883534136546184,0.49096385542168675,0.40463618956502234,0.49096385542168675,0.4137681517066617,
0.46646646646646645,0.4824824824824825,0.3757840831126751,0.4824824824824825,0.4027915268503121,
0.48265895953757226,0.48747591522157996,0.38641986888385943,0.48747591522157996,0.41341064333990674,
0.47881773399014776,0.4630541871921182,0.344336168439937,0.4630541871921182,0.38286817164877185,
0.48841698841698844,0.49034749034749037,0.40121300398556037,0.49034749034749037,0.41818728400592103,
0.47935548841893255,0.4702920443101712,0.33969672969324166,0.4702920443101712,0.3801014688837044,
0.4524271844660194,0.46601941747572817,0.3714392699641727,0.46601941747572817,0.38227629933474266,
