Majority Class Accuracy,Accuracy,Precision,Recall,F Score,Support
0.7046979865771812,0.697986577181208,0.5466560105458053,0.697986577181208,0.6018216467152127,
0.6993076162215628,0.6963402571711177,0.5668803055166199,0.6963402571711177,0.5993177881703067,
0.6948176583493282,0.6957773512476008,0.5603098012434861,0.6957773512476008,0.6040696040612288,
0.6911045943304008,0.6823069403714564,0.515993740985196,0.6823069403714564,0.5791827388241639,
0.6969397828232972,0.6811451135241856,0.5778100785745398,0.6811451135241856,0.5860217419293482,
0.6946050096339114,0.6917148362235067,0.5478771844055254,0.6917148362235067,0.5846215919690049,
0.6789883268482491,0.6741245136186771,0.5066248943220066,0.6741245136186771,0.5639440415254974,
0.6991321118611379,0.6972034715525555,0.568191080084362,0.6972034715525555,0.6065355884897229,
0.7007874015748031,0.6948818897637795,0.5430756869677005,0.6948818897637795,0.5907786492246073,
0.6871896722939425,0.6782522343594836,0.5322814088636577,0.6782522343594836,0.5784419058240745,
0.7023346303501945,0.6926070038910506,0.5139517942066579,0.6926070038910506,0.5832813170822092,
0.6789168278529981,0.6721470019342359,0.5059043668849593,0.6721470019342359,0.5675992386827646,
0.6760975609756098,0.6682926829268293,0.5339231829475732,0.6682926829268293,0.5712228714572639,
0.697495183044316,0.6811175337186898,0.5218841200346018,0.6811175337186898,0.5858265059400419,
0.687007874015748,0.6811023622047244,0.5368843628394581,0.6811023622047244,0.5861410749202797,
0.6935014548981572,0.6944713870029098,0.5434798383591433,0.6944713870029098,0.590700439420386,
0.7195715676728335,0.7039922103213242,0.5475440549280212,0.7039922103213242,0.6111761010721513,
0.7156862745098039,0.7049019607843138,0.5541818645923597,0.7049019607843138,0.6109978929916065,
0.693579766536965,0.6916342412451362,0.5293806841569778,0.6916342412451362,0.5803251305113969,
0.7094594594594594,0.696911196911197,0.5547474033389527,0.696911196911197,0.5995974441920389,
0.6795634920634921,0.6785714285714286,0.5087983004649671,0.6785714285714286,0.559841995637009,
0.7057086614173228,0.6958661417322834,0.5391160007578214,0.6958661417322834,0.5926961947565665,
0.6769078295341923,0.6650148662041625,0.5255045603394337,0.6650148662041625,0.5733560605046939,
0.6863905325443787,0.6725838264299803,0.5154735228179032,0.6725838264299803,0.5764516115157376,
0.6971428571428572,0.699047619047619,0.5727102416147704,0.699047619047619,0.6048079724358948,
0.7085330776605945,0.7037392138063279,0.5563171677566149,0.7037392138063279,0.604654622421988,
0.6815034619188922,0.6735905044510386,0.49085094633874016,0.6735905044510386,0.5594707962462898,
0.6967054263565892,0.6928294573643411,0.5262381438957496,0.6928294573643411,0.5889406245405774,
0.7155425219941349,0.7223851417399805,0.5987519397576918,0.7223851417399805,0.6277083488116435,
0.707876370887338,0.6969092721834497,0.5269765643592617,0.6969092721834497,0.5923215759786692,
