Majority Class Accuracy,Accuracy,Precision,Recall,F Score,Support
0.46199407699901285,0.4471865745310958,0.3493224739370797,0.4471865745310958,0.372917210637854,
0.46511627906976744,0.47189922480620156,0.3453853554043457,0.47189922480620156,0.37978863429969384,
0.46622264509990485,0.46622264509990485,0.35083888127077656,0.46622264509990485,0.3781452085908779,
0.4559925093632959,0.450374531835206,0.3217081854205946,0.450374531835206,0.36086528275559804,
0.4592445328031809,0.4731610337972167,0.37705113574775184,0.4731610337972167,0.3984286767734924,
0.4564796905222437,0.4564796905222437,0.343813954978937,0.4564796905222437,0.36895642112768384,
0.4411177644710579,0.44610778443113774,0.37035014212436773,0.44610778443113774,0.3671607436820276,
0.4753146176185866,0.48209099709583736,0.38877024006700506,0.48209099709583736,0.4060101174700804,
0.475296442687747,0.4624505928853755,0.33682317025657066,0.4624505928853755,0.3778771958427001,
0.47693817468105987,0.4847890088321884,0.3798723115365562,0.4847890088321884,0.4065730147587267,
0.47394296951819076,0.4729596853490659,0.3358055013490169,0.4729596853490659,0.3708018925778604,
0.4550839091806515,0.46100691016781836,0.36550532026495663,0.46100691016781836,0.37598471423160107,
0.4661432777232581,0.4631992149165849,0.34812007307107967,0.4631992149165849,0.3669558192952388,
0.483996120271581,0.481086323957323,0.35637537004520264,0.481086323957323,0.38523077680690854,
0.4794921875,0.466796875,0.337968127462387,0.466796875,0.3782145432857098,
0.4801932367149758,0.4821256038647343,0.36835010807133567,0.4821256038647343,0.3989074209887792,
0.491609081934847,0.4866732477788746,0.37717282636334143,0.4866732477788746,0.3965773509365168,
0.45615763546798027,0.4660098522167488,0.35390280505883104,0.4660098522167488,0.370519574277987,
0.4625121713729309,0.4673807205452775,0.3371160013966002,0.4673807205452775,0.36980327898348764,
0.4454106280193237,0.4222222222222222,0.32747058856618716,0.4222222222222222,0.3471572696739687,
0.4759095378564405,0.49655850540806296,0.40124769971336993,0.49655850540806296,0.4234595356965893,
0.48855721393034823,0.46766169154228854,0.3552471655612936,0.46766169154228854,0.3934476038284393,
0.4879459980713597,0.4956605593056895,0.3974053529396952,0.4956605593056895,0.4281828471034736,
0.47053140096618357,0.48985507246376814,0.3842324522087004,0.48985507246376814,0.4052276059998583,
0.47517039922103216,0.45472249269717624,0.34900859208345925,0.45472249269717624,0.3757961397132508,
0.4871287128712871,0.46534653465346537,0.3869551931526242,0.46534653465346537,0.3948346695684716,
0.42857142857142855,0.4375,0.33830261360985814,0.4375,0.3478886433664773,
0.4700772200772201,0.4584942084942085,0.35453882075903886,0.4584942084942085,0.38323965912743163,
0.4502923976608187,0.4522417153996101,0.3495855867739524,0.4522417153996101,0.35764153232112483,
0.46477495107632094,0.46673189823874756,0.3445983997918897,0.46673189823874756,0.3761645998195464,
