Majority Class Accuracy,Accuracy,Precision,Recall,F Score,Support
0.10510805500982318,0.24263261296660119,0.2430867671082821,0.24263261296660119,0.23912368331439746,
0.11583011583011583,0.2055984555984556,0.20501968487118297,0.2055984555984556,0.20119240941585453,
0.13437195715676728,0.22200584225900682,0.21965352071573727,0.22200584225900682,0.21571471910377849,
0.11616650532429816,0.2207163601161665,0.21778280498946143,0.2207163601161665,0.210121094563403,
0.13064833005893908,0.23084479371316308,0.21254618291644956,0.23084479371316308,0.212837472819515,
0.12734452122408688,0.2063178677196446,0.2107938266059741,0.2063178677196446,0.19736616394254275,
0.1291913214990138,0.23076923076923078,0.22812842106725878,0.23076923076923078,0.21834989392525214,
0.12893700787401574,0.21358267716535434,0.2142787779540879,0.21358267716535434,0.20673755499795138,
0.1382667964946446,0.23563777994157742,0.2212892675709591,0.23563777994157742,0.21669093624688848,
0.13119533527696792,0.2099125364431487,0.20336795599996996,0.2099125364431487,0.20498538152483467,
0.12560856864654332,0.2103213242453749,0.1992462846663926,0.2103213242453749,0.19994179346711805,
0.11165048543689321,0.21650485436893205,0.21018303951055542,0.21650485436893205,0.20859723390027485,
0.12242899118511263,0.24094025465230168,0.23466698166127256,0.24094025465230168,0.232789850438306,
0.12150433944069432,0.2227579556412729,0.2176603682159797,0.2227579556412729,0.21706767410383876,
0.11927480916030535,0.2299618320610687,0.22048336523670015,0.2299618320610687,0.21751531110720723,
0.12693798449612403,0.2063953488372093,0.20728403498603257,0.2063953488372093,0.19743391467976396,
0.11372549019607843,0.21372549019607842,0.19960117319625387,0.21372549019607842,0.19919495623204111,
0.1337890625,0.2314453125,0.22253432703863718,0.2314453125,0.22449860398450036,
0.14614614614614616,0.21121121121121122,0.20780491115385802,0.21121121121121122,0.1977955405044673,
0.12316715542521994,0.21212121212121213,0.2136982026902989,0.21212121212121213,0.20673809115378594,
0.12921890067502412,0.2420443587270974,0.23379344341878133,0.2420443587270974,0.23157724324242313,
0.12974051896207583,0.24251497005988024,0.23398136312830609,0.24251497005988024,0.22683755674402473,
0.11849710982658959,0.21579961464354527,0.20410204278137178,0.21579961464354527,0.2006096599856385,
0.12848605577689243,0.24203187250996017,0.23902219365485702,0.24203187250996017,0.2306197464526435,
0.12070657507360157,0.24043179587831207,0.23846125326380554,0.24043179587831207,0.23499800050167566,
0.11671612265084075,0.23837784371909002,0.22409719154766145,0.23837784371909002,0.22455686055652563,
0.13714285714285715,0.22095238095238096,0.21934340182487616,0.22095238095238096,0.21397997758390755,
0.15240904621435594,0.2182890855457227,0.21654911578091512,0.2182890855457227,0.21438376259484415,
0.14173998044965788,0.2130987292277615,0.21661787047322317,0.2130987292277615,0.20000316823780934,
0.13457760314341846,0.2288801571709234,0.23117543120537667,0.2288801571709234,0.22277857561946657,
