Majority Class Accuracy,Accuracy,Precision,Recall,F Score,Support
0.7032967032967034,0.7012987012987013,0.5502905258007298,0.7012987012987013,0.5920642547755108,
0.694059405940594,0.6871287128712872,0.5034970121832844,0.6871287128712872,0.5741563193875202,
0.7092682926829268,0.7024390243902439,0.5491029900332225,0.7024390243902439,0.6007911733689862,
0.7224409448818898,0.7165354330708661,0.5535200203789641,0.7165354330708661,0.6157195595569515,
0.6998011928429424,0.709741550695825,0.5911267848003484,0.709741550695825,0.6224262358988614,
0.6841584158415842,0.6831683168316832,0.505324484973314,0.6831683168316832,0.5636266434498614,
0.7054794520547946,0.6868884540117417,0.5287241021776944,0.6868884540117417,0.592784834707873,
0.6917808219178082,0.6868884540117417,0.5484618465123052,0.6868884540117417,0.5840330615996727,
0.6812977099236641,0.674618320610687,0.505757720333102,0.674618320610687,0.5655300436430422,
0.6847195357833655,0.6808510638297872,0.4894612164786265,0.6808510638297872,0.5604584665193588,
0.7022357723577236,0.7042682926829268,0.5949862340171378,0.7042682926829268,0.6143314858516499,
0.691699604743083,0.6818181818181818,0.5114186792083295,0.6818181818181818,0.5755731901527268,
0.6756756756756757,0.6611969111969112,0.4939511744893472,0.6611969111969112,0.5541203138397798,
0.7232824427480916,0.7156488549618321,0.5524757509877949,0.7156488549618321,0.6155982334956779,
0.6996007984031936,0.6956087824351297,0.5394963500934857,0.6956087824351297,0.5917761914245893,
0.691073219658977,0.6780341023069207,0.5122401810974261,0.6780341023069207,0.5758749796950685,
0.7226061204343535,0.7166831194471865,0.568650736148721,0.7166831194471865,0.6183386718097883,
0.7050147492625368,0.6941986234021632,0.545762750969882,0.6941986234021632,0.5987138143251464,
0.6873767258382643,0.6873767258382643,0.5467297217197575,0.6873767258382643,0.5856640633159351,
0.6923076923076923,0.691333982473223,0.5157448078683003,0.691333982473223,0.5722143614090155,
0.695,0.696,0.5374803520062406,0.696,0.595336110196656,
0.6971428571428572,0.6933333333333334,0.561032227032227,0.6933333333333334,0.5831470557496518,
0.7110894941634242,0.7052529182879378,0.6064707636965871,0.7052529182879378,0.606775284800162,
0.6849852796859667,0.676153091265947,0.5036992259656095,0.676153091265947,0.5681405551207722,
0.6970278044103547,0.6912751677852349,0.5362323500459428,0.6912751677852349,0.5885531361060674,
0.6910331384015594,0.682261208576998,0.5247952518765672,0.682261208576998,0.5823615952950354,
0.6986027944111777,0.7005988023952096,0.5591575957396948,0.7005988023952096,0.5862053709105536,
0.6973811833171678,0.6993210475266731,0.569236546310914,0.6993210475266731,0.5993581704312217,
0.7124631992149166,0.7105004906771345,0.5097068737466399,0.7105004906771345,0.5935826884138086,
0.7,0.6923809523809524,0.5478641536505038,0.6923809523809524,0.5903790218044823,
