Majority Class Accuracy,Accuracy,Precision,Recall,F Score,Support
0.13132295719844359,0.23929961089494164,0.22906143751988856,0.23929961089494164,0.23087322129857543,
0.11758893280632411,0.23517786561264822,0.22934609005655138,0.23517786561264822,0.22872040005349897,
0.13238095238095238,0.2571428571428571,0.25618330151900703,0.2571428571428571,0.2534155726135652,
0.13793103448275862,0.24616858237547892,0.24098487440143063,0.24616858237547892,0.2388450351133011,
0.12642585551330798,0.24049429657794677,0.233112973400889,0.24049429657794677,0.23370208105759327,
0.12439261418853255,0.21574344023323616,0.21259567612463112,0.21574344023323616,0.21311076683105282,
0.11500974658869395,0.2290448343079922,0.22393272650752116,0.2290448343079922,0.22562663448772,
0.11747285291214216,0.23395853899308983,0.2220989135970173,0.23395853899308983,0.2231245012908405,
0.12121212121212122,0.24926686217008798,0.24184106975564934,0.24926686217008798,0.24331890266332037,
0.12487992315081652,0.228626320845341,0.22705977853140374,0.228626320845341,0.22178644022823985,
0.117,0.25,0.24319210547631157,0.25,0.2444268970923718,
0.12173913043478261,0.21545893719806763,0.20895091545489253,0.21545893719806763,0.20966426968725704,
0.09753694581280788,0.2413793103448276,0.2369372196878868,0.2413793103448276,0.23006295859716094,
0.14922480620155038,0.2315891472868217,0.2255915381560472,0.2315891472868217,0.22673542441932304,
0.12339585389930899,0.24777887462981243,0.24687665676542925,0.24777887462981243,0.243520411628622,
0.12185297079556898,0.23766364551863042,0.22980545366794106,0.23766364551863042,0.2324140788550742,
0.12403100775193798,0.23352713178294573,0.22539201785347038,0.23352713178294573,0.2236810380557487,
0.12007684918347743,0.23439000960614795,0.22730319285578032,0.23439000960614795,0.2280180981682064,
0.13748763600395647,0.23837784371909002,0.2380989263342382,0.23837784371909002,0.2340197005095048,
0.10871694417238002,0.22135161606268364,0.21656423128710617,0.22135161606268364,0.21609537840243404,
0.10905550146056475,0.20934761441090555,0.204329175214787,0.20934761441090555,0.2040602812535183,
0.14189189189189189,0.25675675675675674,0.24911086828437742,0.25675675675675674,0.2508872789173664,
0.13274336283185842,0.232055063913471,0.22590638286818945,0.232055063913471,0.2250633316796126,
0.1162109375,0.2216796875,0.21380791423652845,0.2216796875,0.21433987349011893,
0.1292517006802721,0.24392614188532555,0.23610134593925414,0.24392614188532555,0.23687187319720673,
0.12074001947419669,0.23758519961051608,0.2357769158120529,0.23758519961051608,0.2339565334789171,
0.1292517006802721,0.2118561710398445,0.20678399830498276,0.2118561710398445,0.2051682992970405,
0.13951219512195123,0.22926829268292684,0.21926046826393414,0.22926829268292684,0.2203744137603712,
0.1424390243902439,0.23317073170731709,0.22653360379142867,0.23317073170731709,0.2232358356773345,
0.13089509143407121,0.2300288739172281,0.22529229144382737,0.2300288739172281,0.22638050514056335,
