Majority Class Accuracy,Accuracy,Precision,Recall,F Score,Support
0.6882470119521913,0.6752988047808764,0.5357142331724829,0.6752988047808764,0.5898506701924198,
0.7202729044834308,0.7017543859649122,0.5661137833851817,0.7017543859649122,0.6136787041942595,
0.7024630541871921,0.6788177339901478,0.5657123794094854,0.6788177339901478,0.6072154987916726,
0.687015503875969,0.6744186046511628,0.5562038763200763,0.6744186046511628,0.5849466693461882,
0.6896551724137931,0.6876847290640394,0.5997944703945839,0.6876847290640394,0.6018830295033519,
0.6922339405560882,0.6864813039309684,0.5485327364465366,0.6864813039309684,0.591766106391973,
0.694980694980695,0.6727799227799228,0.5465472451820317,0.6727799227799228,0.5906841448690151,
0.6996086105675147,0.6888454011741683,0.5616657621952891,0.6888454011741683,0.6065934065934065,
0.6952191235059761,0.6772908366533864,0.5360056414202176,0.6772908366533864,0.5849721457564215,
0.6898238747553816,0.678082191780822,0.5298614911630077,0.678082191780822,0.5904117727880183,
0.6974459724950884,0.68762278978389,0.5438820389271216,0.68762278978389,0.5926948514679137,
0.6741463414634147,0.6595121951219513,0.5012829319748895,0.6595121951219513,0.5634531282204351,
0.6987487969201155,0.6968238691049086,0.5501986010019398,0.6968238691049086,0.6014128642948458,
0.7020447906523856,0.6932814021421616,0.5904210417928271,0.6932814021421616,0.6238297906164828,
0.6824324324324325,0.6747104247104247,0.563489773732646,0.6747104247104247,0.5892111035812844,
0.6920821114369502,0.6813294232649071,0.5555680317094313,0.6813294232649071,0.5935621802867879,
0.7277992277992278,0.722007722007722,0.5923166123088484,0.722007722007722,0.6415200083804735,
0.6820365033621518,0.675312199807877,0.5333742630436807,0.675312199807877,0.5860271869474496,
0.7151277013752456,0.7013752455795678,0.5580214298165262,0.7013752455795678,0.6137552478481199,
0.6984435797665369,0.6799610894941635,0.5388759724198825,0.6799610894941635,0.593768022235567,
0.7071984435797666,0.6955252918287937,0.5423934949615883,0.6955252918287937,0.5992618756850697,
0.7221684414327202,0.7105517909002904,0.5753180820252723,0.7105517909002904,0.6220644443527509,
0.6890184645286687,0.6831875607385811,0.5405771608552886,0.6831875607385811,0.5938808735199288,
0.6881720430107527,0.6686217008797654,0.5519857274020734,0.6686217008797654,0.5881733147028313,
0.7216294859359845,0.7070805043646945,0.5814018434856407,0.7070805043646945,0.6277931851542606,
0.6582768635043562,0.6408518877057116,0.5042748689997514,0.6408518877057116,0.5426683885083523,
0.687007874015748,0.6643700787401575,0.5220439043967935,0.6643700787401575,0.5726833345476764,
0.7219512195121951,0.7063414634146341,0.554635763021963,0.7063414634146341,0.616443996004394,
0.6861966236345581,0.6722939424031777,0.5387228121589674,0.6722939424031777,0.5930863084214713,
0.7158634538152611,0.6897590361445783,0.5579933059446917,0.6897590361445783,0.6107420367116951,
