Majority Class Accuracy,Accuracy,Precision,Recall,F Score,Support
0.7065750736015701,0.7055937193326791,0.5540423180558293,0.7055937193326791,0.6006881196811389,
0.6845771144278607,0.6835820895522388,0.5201319550720118,0.6835820895522388,0.569715010234991,
0.7130434782608696,0.7043478260869566,0.5613957917026006,0.7043478260869566,0.61587193191741,
0.7224371373307543,0.7166344294003868,0.5520030967493169,0.7166344294003868,0.6130943386902572,
0.6866995073891625,0.6719211822660098,0.5072629887900824,0.6719211822660098,0.5666739247317275,
0.6786060019361084,0.6727976766698935,0.5124407421282441,0.6727976766698935,0.5614992520699753,
0.7194029850746269,0.7114427860696517,0.5677789940345774,0.7114427860696517,0.6188134811343374,
0.7021883920076119,0.6964795432921027,0.5560143011095291,0.6964795432921027,0.5952792807806365,
0.7237354085603113,0.7198443579766537,0.564544747081712,0.7198443579766537,0.6197182260617095,
0.6857976653696498,0.6780155642023347,0.512638904466512,0.6780155642023347,0.5741665395168378,
0.7206863679694948,0.7187797902764538,0.5572506190845846,0.7187797902764538,0.610443106552058,
0.7111984282907662,0.6964636542239686,0.5356460626052418,0.6964636542239686,0.5983563646485083,
0.6976047904191617,0.6916167664670658,0.5470043332431763,0.6916167664670658,0.593380038692939,
0.7042532146389713,0.6913946587537092,0.5469271727077306,0.6913946587537092,0.5964449305313683,
0.6778656126482213,0.6798418972332015,0.5466403162055335,0.6798418972332015,0.5691276665556452,
0.7218413320274241,0.7061704211557297,0.555323529761645,0.7061704211557297,0.6147294654817429,
0.7017716535433071,0.7007874015748031,0.553573056955494,0.7007874015748031,0.5906411839318855,
0.709452736318408,0.7034825870646766,0.588644357828691,0.7034825870646766,0.6181457539141136,
0.684106614017769,0.6762092793682132,0.5037866707165819,0.6762092793682132,0.5661140687666358,
0.6847290640394089,0.6827586206896552,0.5299632873872969,0.6827586206896552,0.5808908831284261,
0.6956521739130435,0.6909262759924386,0.5416695308472247,0.6909262759924386,0.5900280779671941,
0.6997055937193327,0.6908734052993131,0.5257148103192525,0.6908734052993131,0.5856929169487393,
0.6817307692307693,0.676923076923077,0.5307574164802098,0.676923076923077,0.5704288007854733,
0.6845180136319376,0.6815968841285297,0.5506161911225202,0.6815968841285297,0.5721696620897007,
0.7048853439680958,0.6949152542372882,0.5557242265940869,0.6949152542372882,0.603303511993153,
0.6851851851851852,0.682261208576998,0.541533961817281,0.682261208576998,0.5754369290600919,
0.7106549364613881,0.7047898338220919,0.5368794253899443,0.7047898338220919,0.5975880486158877,
0.688780487804878,0.6848780487804879,0.5249848358443344,0.6848780487804879,0.5734524077548467,
0.6754966887417219,0.6698202459791863,0.519197651658523,0.6698202459791863,0.5589730572353963,
0.7021883920076119,0.686964795432921,0.5267252054755222,0.686964795432921,0.5903555704648611,
