Majority Class Accuracy,Accuracy,Precision,Recall,F Score,Support
0.13178294573643412,0.2655038759689923,0.26000681885403976,0.2655038759689923,0.25950550489536583,
0.11264822134387352,0.28063241106719367,0.2755066572520816,0.28063241106719367,0.2733380371803283,
0.10863239573229874,0.21532492725509214,0.2088034070471435,0.21532492725509214,0.2080518616364798,
0.13346418056918546,0.22865554465161925,0.22834252923854673,0.22865554465161925,0.22562399851287462,
0.1188118811881188,0.24752475247524752,0.241833874905284,0.24752475247524752,0.238118599579986,
0.12307692307692308,0.2653846153846154,0.2542842212973414,0.2653846153846154,0.2571689987814727,
0.13124387855044076,0.23604309500489715,0.22678339738310643,0.23604309500489715,0.22762866611490296,
0.12797619047619047,0.25,0.24565203198044921,0.25,0.24540246963937168,
0.13742690058479531,0.2290448343079922,0.2256278344838251,0.2290448343079922,0.22626406437359275,
0.12055335968379446,0.23221343873517786,0.22564474614452198,0.23221343873517786,0.2282970654690747,
0.1189083820662768,0.23586744639376217,0.23384928412766523,0.23586744639376217,0.23313874565051715,
0.12797619047619047,0.22916666666666666,0.22453376411733786,0.22916666666666666,0.22225240970235458,
0.11382113821138211,0.22154471544715448,0.21543542076127103,0.22154471544715448,0.21388904161817351,
0.1337890625,0.22265625,0.22073141541671315,0.22265625,0.21949882678326219,
0.1071779744346116,0.23303834808259588,0.2219951415967946,0.23303834808259588,0.22503532938151427,
0.1282798833819242,0.24101068999028183,0.23554051560698264,0.24101068999028183,0.23489213010522955,
0.13418217433888344,0.23212536728697356,0.2281299069297742,0.23212536728697356,0.2269724513707428,
0.1360078277886497,0.23679060665362034,0.23149370811431477,0.23679060665362034,0.2309760891436228,
0.11143984220907298,0.24260355029585798,0.2331695044497054,0.24260355029585798,0.23367106563708373,
0.12042389210019268,0.22157996146435452,0.21559473181646224,0.22157996146435452,0.21431783670417448,
0.12074001947419669,0.2453748782862707,0.23376439269230456,0.2453748782862707,0.23750212970010914,
0.124634858812074,0.2453748782862707,0.2373415497290358,0.2453748782862707,0.23883602908169504,
0.11423039690222653,0.25653436592449175,0.2524091830806617,0.25653436592449175,0.25253820994235,
0.13194444444444445,0.24107142857142858,0.23715107063655533,0.24107142857142858,0.23812861480255523,
0.11483739837398374,0.2347560975609756,0.22682840182211902,0.2347560975609756,0.2275876094166455,
0.1454183266932271,0.2051792828685259,0.2096091027655057,0.2051792828685259,0.2066149418811295,
0.13196480938416422,0.22678396871945258,0.22020976427074307,0.22678396871945258,0.22059233698230302,
0.13891531874405327,0.23120837297811608,0.2288749458754159,0.23120837297811608,0.22828006180249286,
0.11207729468599034,0.24830917874396136,0.2406402213709598,0.24830917874396136,0.2410884742905702,
0.12692307692307692,0.2144230769230769,0.19904856075228763,0.2144230769230769,0.2027208970756334,
