Majority Class Accuracy,Accuracy,Precision,Recall,F Score,Support
0.1349206349206349,0.23015873015873015,0.21537924996414956,0.23015873015873015,0.2187418180706227,
0.125,0.26453488372093026,0.24894978234359438,0.26453488372093026,0.2526686363050928,
0.14076246334310852,0.23069403714565004,0.2293094120132114,0.23069403714565004,0.22880555365625438,
0.12121212121212122,0.22580645161290322,0.22163668330318645,0.22580645161290322,0.221443152216859,
0.11295034079844206,0.24440116845180138,0.23721557500937723,0.24440116845180138,0.23903620063329306,
0.13385826771653545,0.25098425196850394,0.24293864420306835,0.25098425196850394,0.2397494055305231,
0.12121212121212122,0.23362658846529813,0.22949747125988695,0.23362658846529813,0.22922687701371083,
0.12761714855433698,0.25822532402791626,0.2574245129062192,0.25822532402791626,0.25498271162123975,
0.1422963689892051,0.26398429833169773,0.25949351619045596,0.26398429833169773,0.25743090004414976,
0.12884615384615383,0.2519230769230769,0.24541528797959744,0.2519230769230769,0.24651920314561704,
0.13667649950835792,0.24188790560471976,0.23366107324719004,0.24188790560471976,0.23539626743866593,
0.1199207135777998,0.22299306243805747,0.21283870517953213,0.22299306243805747,0.21427852071263886,
0.14423076923076922,0.25096153846153846,0.24621623244115604,0.25096153846153846,0.24517221822664553,
0.13497536945812807,0.22857142857142856,0.22763498403635946,0.22857142857142856,0.22618323494603465,
0.14258188824662812,0.2466281310211946,0.2355066443483299,0.2466281310211946,0.23730899535718558,
0.11188118811881188,0.2495049504950495,0.24536478446699053,0.2495049504950495,0.2429463781033647,
0.11089866156787763,0.25621414913957935,0.26125763539001307,0.25621414913957935,0.2561758452948678,
0.1477832512315271,0.24630541871921183,0.23241961904598515,0.24630541871921183,0.23385123617410802,
0.10324483775811209,0.23402163225172073,0.2407779368655039,0.23402163225172073,0.23373508607649043,
0.13649564375605033,0.21781219748305905,0.2074210966524381,0.21781219748305905,0.20916482282681056,
0.12023460410557185,0.2375366568914956,0.2297115132683332,0.2375366568914956,0.23161779739749586,
0.1259765625,0.23828125,0.22931954471611937,0.23828125,0.23256950136084303,
0.13690476190476192,0.22916666666666666,0.21754755693006417,0.22916666666666666,0.21990842614550504,
0.14394661582459486,0.25071496663489035,0.25219708821171866,0.25071496663489035,0.24601250241932446,
0.139,0.233,0.22554807515535508,0.233,0.22668131391781832,
0.12887596899224807,0.22965116279069767,0.21814849567513958,0.22965116279069767,0.21968373763407756,
0.13450292397660818,0.23684210526315788,0.23169374851168192,0.23684210526315788,0.23236467054712046,
0.13844621513944222,0.24203187250996017,0.23118804071784455,0.24203187250996017,0.23325376231275585,
0.124634858812074,0.2317429406037001,0.22959345869573702,0.2317429406037001,0.22382693853778005,
0.11470588235294117,0.24411764705882352,0.23452790534061727,0.24411764705882352,0.23742790727686017,
