Majority Class Accuracy,Accuracy,Precision,Recall,F Score,Support
0.7025440313111546,0.6956947162426614,0.534435709833209,0.6956947162426614,0.590283252230193,
0.7145631067961165,0.7097087378640776,0.565767306759843,0.7097087378640776,0.6180981092667953,
0.678391959798995,0.6773869346733669,0.5525149557310362,0.6773869346733669,0.5762817327480019,
0.70772238514174,0.6920821114369502,0.5572784422505753,0.6920821114369502,0.6034384226745466,
0.6814595660749507,0.6676528599605522,0.5197443180968414,0.6676528599605522,0.57302849008171,
0.7210216110019646,0.7151277013752456,0.558750055088687,0.7151277013752456,0.6216723257809786,
0.7272727272727273,0.7156673114119922,0.5714651572758179,0.7156673114119922,0.6276526331419248,
0.6936585365853658,0.6917073170731707,0.52572330348785,0.6917073170731707,0.5888649779367624,
0.6944444444444444,0.6994047619047619,0.5620199178277957,0.6994047619047619,0.6109673337934207,
0.6934865900383141,0.6829501915708812,0.5161782288524768,0.6829501915708812,0.5832561923529938,
0.704225352112676,0.7022132796780685,0.5526352076184089,0.7022132796780685,0.6113190910166885,
0.687015503875969,0.6753875968992248,0.536440707520035,0.6753875968992248,0.5789669410819377,
0.6872586872586872,0.6785714285714286,0.5319249756169262,0.6785714285714286,0.5826071527655516,
0.6617933723196882,0.6608187134502924,0.5075022915539921,0.6608187134502924,0.5563467230067037,
0.6879227053140097,0.6714975845410628,0.49664845290810794,0.6714975845410628,0.5650351847452547,
0.6946640316205533,0.6926877470355731,0.5478901584779028,0.6926877470355731,0.5879327624045443,
0.6890595009596929,0.6794625719769674,0.5228358493455342,0.6794625719769674,0.5824144753164104,
0.6945244956772334,0.6945244956772334,0.557587180230666,0.6945244956772334,0.6017649345734266,
0.6904296875,0.68359375,0.5398541123177019,0.68359375,0.5843672772270156,
0.7106549364613881,0.7008797653958945,0.5511855992485093,0.7008797653958945,0.6101796193743171,
0.7152575315840622,0.7026239067055393,0.5547795552642083,0.7026239067055393,0.6117929648685276,
0.6912621359223301,0.6922330097087379,0.5830024732481721,0.6922330097087379,0.6035594079969135,
0.690547263681592,0.6805970149253732,0.5421715036641385,0.6805970149253732,0.5911186365275768,
0.7162293488824101,0.6987366375121478,0.5440532753674086,0.6987366375121478,0.6089810618124801,
0.72,0.713170731707317,0.5766723140363775,0.713170731707317,0.618064379242262,
0.7224371373307543,0.7137330754352031,0.5599038588302891,0.7137330754352031,0.6213162762974808,
0.6657032755298651,0.6599229287090559,0.5179075950404165,0.6599229287090559,0.5641233480131813,
0.713307240704501,0.6976516634050881,0.5556858227088372,0.6976516634050881,0.6096923215146929,
0.6875,0.681640625,0.531028139141746,0.681640625,0.5807941865851556,
0.7022308438409312,0.6973811833171678,0.544956622753293,0.6973811833171678,0.5970004390868004,
