Majority Class Accuracy,Accuracy,Precision,Recall,F Score,Support
0.485024154589372,0.46859903381642515,0.3628200013883059,0.46859903381642515,0.3967758552662797,
0.4851674641148325,0.49282296650717705,0.3938329257483687,0.49282296650717705,0.4217395980260851,
0.48151750972762647,0.44260700389105057,0.34419276538760274,0.44260700389105057,0.37759015874361557,
0.45714285714285713,0.45904761904761904,0.3735983627300505,0.45904761904761904,0.40062796577090265,
0.4609297725024728,0.4658753709198813,0.37007741271873523,0.4658753709198813,0.39705121265791926,
0.4795719844357977,0.48638132295719844,0.39449228391544505,0.48638132295719844,0.4148484482894879,
0.47342995169082125,0.44154589371980674,0.35307217523871903,0.44154589371980674,0.3796046371837641,
0.46859903381642515,0.4570048309178744,0.38194495819317237,0.4570048309178744,0.3939221729969741,
0.4751984126984127,0.4781746031746032,0.3950901220111519,0.4781746031746032,0.4105798052182381,
0.46123650637880276,0.45829244357212956,0.3588051939824403,0.45829244357212956,0.3925415372013542,
0.4697265625,0.474609375,0.389251162187408,0.474609375,0.4038023435018022,
0.45596868884540115,0.47162426614481406,0.38761280371943024,0.47162426614481406,0.4084031589584174,
0.4748768472906404,0.4689655172413793,0.36801926527316636,0.4689655172413793,0.39834820626525724,
0.4805447470817121,0.48735408560311283,0.4022678091458238,0.48735408560311283,0.4155282889229025,
0.49306930693069306,0.497029702970297,0.42642958080983845,0.497029702970297,0.4430862313270797,
0.47647647647647645,0.4644644644644645,0.3576657158980583,0.4644644644644645,0.3868917714302842,
0.4862204724409449,0.46358267716535434,0.3601174471338375,0.46358267716535434,0.3887812202849781,
0.5134328358208955,0.49850746268656715,0.412813958737843,0.49850746268656715,0.44460137044059317,
0.47307692307692306,0.4634615384615385,0.3753972138272582,0.4634615384615385,0.40562294316328706,
0.49555774925962487,0.4837117472852912,0.3687974564562789,0.4837117472852912,0.4019036286894011,
0.46432062561094817,0.4633431085043988,0.38270450773829856,0.4633431085043988,0.4113212356875395,
0.48191593352883677,0.4789833822091887,0.3987741113356634,0.4789833822091887,0.4229521104693295,
0.43106796116504853,0.43980582524271844,0.35703119180027254,0.43980582524271844,0.3641862278013188,
0.48801534036433364,0.4678811121764142,0.3614820495708357,0.4678811121764142,0.3943355358077374,
0.47425742574257423,0.4861386138613861,0.39266898495166835,0.4861386138613861,0.4184389890374617,
0.48325358851674644,0.4755980861244019,0.36280569897392334,0.4755980861244019,0.40360764137479693,
0.4762376237623762,0.4782178217821782,0.39877810786254003,0.4782178217821782,0.41389731941305546,
0.4759036144578313,0.4799196787148594,0.3761603200656597,0.4799196787148594,0.4079815437518557,
0.44401168451801365,0.4527750730282376,0.39004962313823077,0.4527750730282376,0.3722121411370973,
0.46065259117082535,0.463531669865643,0.3589324384422789,0.463531669865643,0.39047848870924995,
