Majority Class Accuracy,Accuracy,Precision,Recall,F Score,Support
0.7130434782608696,0.7091787439613526,0.5422949251446884,0.7091787439613526,0.6029708539359321,
0.6829745596868885,0.6829745596868885,0.5271304262775406,0.6829745596868885,0.5813212083008374,
0.6923818707810994,0.686595949855352,0.5230742526518805,0.686595949855352,0.5789585169724585,
0.687007874015748,0.6801181102362205,0.5025816237223198,0.6801181102362205,0.5666728075902164,
0.7168141592920354,0.7168141592920354,0.5717334895542083,0.7168141592920354,0.6109808195247955,
0.7137254901960784,0.7137254901960784,0.5571774193548388,0.7137254901960784,0.6100134035291354,
0.7227138643067846,0.7197640117994101,0.5532540004736678,0.7197640117994101,0.6169269793794245,
0.6880466472303207,0.6793002915451894,0.5310358833886379,0.6793002915451894,0.5847738285224727,
0.7137254901960784,0.7107843137254902,0.5443078135776923,0.7107843137254902,0.6048334862145566,
0.6889106967615309,0.6830225711481845,0.5331079751206736,0.6830225711481845,0.5860101555392767,
0.6957364341085271,0.685077519379845,0.5210358776562827,0.685077519379845,0.5812773727718216,
0.6957831325301205,0.6907630522088354,0.5324974138980163,0.6907630522088354,0.5825655847709997,
0.7080867850098619,0.7090729783037475,0.5642317448856307,0.7090729783037475,0.6139681182928862,
0.6828543111992071,0.6788899900891973,0.5036788695964608,0.6788899900891973,0.5658700381374883,
0.7073643410852714,0.6957364341085271,0.5421946914511481,0.6957364341085271,0.5932632520120336,
0.6958614051973051,0.6939364773820982,0.5278056207842535,0.6939364773820982,0.583805541452134,
0.7370983446932814,0.7273612463485881,0.5747899402351541,0.7273612463485881,0.6349184284692744,
0.6810176125244618,0.6741682974559687,0.5038497727693508,0.6741682974559687,0.56388155561593,
0.6955223880597015,0.6706467661691542,0.5173345567121391,0.6706467661691542,0.5774063230554348,
0.7155172413793104,0.710727969348659,0.5511614137588507,0.710727969348659,0.6080882025171674,
0.7108317214700194,0.7050290135396519,0.5489409426652048,0.7050290135396519,0.6073126460031795,
0.6624879459980714,0.6538090646094503,0.46875643298301967,0.6538090646094503,0.5334375881066333,
0.6879293424926398,0.6722276741903828,0.5223719928104447,0.6722276741903828,0.5824121021321367,
0.7201923076923077,0.7086538461538462,0.5460003070781514,0.7086538461538462,0.6096900364490072,
0.689484126984127,0.6924603174603174,0.5708368764172335,0.6924603174603174,0.5858063561957328,
0.7015655577299413,0.6908023483365949,0.5040097808140743,0.6908023483365949,0.5785504375079636,
0.688780487804878,0.6897560975609756,0.506025531691573,0.6897560975609756,0.5682805085566455,
0.6866404715127702,0.6807465618860511,0.5099347354284264,0.6807465618860511,0.5751744567362277,
0.6824782187802517,0.68054211035818,0.5260992172286846,0.68054211035818,0.5774100427977177,
0.7095808383233533,0.7025948103792415,0.544650176903491,0.7025948103792415,0.593986953599017,
