Majority Class Accuracy,Accuracy,Precision,Recall,F Score,Support
0.4601941747572815,0.4563106796116505,0.3435117356326591,0.4563106796116505,0.37129052951542846,
0.4613918017159199,0.4680648236415634,0.35568654579914494,0.4680648236415634,0.38486647742615165,
0.4656188605108055,0.44106090373280943,0.3846558774369225,0.44106090373280943,0.37225933014116286,
0.46190935390549664,0.4811957569913211,0.404472320448076,0.4811957569913211,0.41797122827489774,
0.45966958211856174,0.4480077745383868,0.35975945728472686,0.4480077745383868,0.38990266758831016,
0.4706457925636008,0.4569471624266145,0.37898144534799416,0.4569471624266145,0.3898657048912868,
0.478900883218842,0.4916584887144259,0.39442316911928554,0.4916584887144259,0.41195976774530035,
0.4681684622918707,0.4603330068560235,0.3595852849471502,0.4603330068560235,0.38572665712942156,
0.4618434093161546,0.4618434093161546,0.3486193360024003,0.4618434093161546,0.3779814526281341,
0.4745437079731028,0.4783861671469741,0.4017866048506982,0.4783861671469741,0.41653217234683837,
0.4766990291262136,0.47572815533980584,0.37901017863370606,0.47572815533980584,0.414062827778616,
0.4624390243902439,0.47804878048780486,0.3874309513944439,0.47804878048780486,0.41047300015611016,
0.4843444227005871,0.4735812133072407,0.39128750588421307,0.4735812133072407,0.4139452601140476,
0.4632983794089609,0.4613918017159199,0.3704314465175834,0.4613918017159199,0.3864451957257084,
0.4714975845410628,0.4811594202898551,0.4033839670019926,0.4811594202898551,0.4154745047744496,
0.4935194416749751,0.4955134596211366,0.40114762467756787,0.4955134596211366,0.42749120931505746,
0.4717542120911794,0.45589692765113976,0.34373852522073595,0.45589692765113976,0.3843876885964916,
0.4825242718446602,0.46893203883495144,0.3803136018515851,0.46893203883495144,0.4089304823071329,
0.477432296890672,0.477432296890672,0.38629755222985657,0.477432296890672,0.40254503530704694,
0.46962391513982643,0.4445515911282546,0.3476626485988392,0.4445515911282546,0.3822827092819782,
0.472356935014549,0.4772065955383123,0.38430892836583624,0.4772065955383123,0.4048141726547348,
0.4885114885114885,0.4875124875124875,0.3792719769992497,0.4875124875124875,0.40229090300730136,
0.4626576139670223,0.48205625606207564,0.3710664660416443,0.48205625606207564,0.39919531697661625,
0.4454022988505747,0.4367816091954023,0.34691605920840185,0.4367816091954023,0.36934776703050565,
0.44367588932806323,0.4575098814229249,0.3749967756172007,0.4575098814229249,0.3880398306999818,
0.4557213930348259,0.45671641791044776,0.35743421015600485,0.45671641791044776,0.38195852440682726,
0.45113524185587367,0.456071076011846,0.35024967085724823,0.456071076011846,0.37887198229258706,
0.4641434262948207,0.4701195219123506,0.38588587566729216,0.4701195219123506,0.39779048618023716,
0.46421663442940037,0.46421663442940037,0.36402083180685924,0.46421663442940037,0.3895962730746929,
0.46176470588235297,0.48137254901960785,0.3776092058282411,0.48137254901960785,0.4032370887999332,
