Majority Class Accuracy,Accuracy,Precision,Recall,F Score,Support
0.47464114832535886,0.46411483253588515,0.3848288806896789,0.46411483253588515,0.402580858485437,
0.47352941176470587,0.46862745098039216,0.35959879531436206,0.46862745098039216,0.39055583043237324,
0.4823182711198428,0.462671905697446,0.36247768357565496,0.462671905697446,0.3943079978018156,
0.4244817374136229,0.4452122408687068,0.38035383682157226,0.4452122408687068,0.38028491356046684,
0.46868884540117417,0.4794520547945205,0.4150971392647661,0.4794520547945205,0.4317357009507107,
0.4589178356713427,0.44889779559118237,0.3686440147196818,0.44889779559118237,0.39075692818854335,
0.47742555235350626,0.45821325648414984,0.36759583036240095,0.45821325648414984,0.3993276621403713,
0.4419291338582677,0.4547244094488189,0.3768607975671847,0.4547244094488189,0.383570129030845,
0.4786821705426357,0.47189922480620156,0.38724149205594993,0.47189922480620156,0.4032420072318284,
0.45119521912350596,0.4681274900398406,0.35721521497563985,0.4681274900398406,0.390453194949075,
0.4669950738916256,0.45517241379310347,0.36491234032235365,0.45517241379310347,0.3936215719834582,
0.4389763779527559,0.4498031496062992,0.3566631110943357,0.4498031496062992,0.3797726679727702,
0.4835589941972921,0.4835589941972921,0.3914310081032974,0.4835589941972921,0.4186005338652848,
0.4693069306930693,0.46534653465346537,0.39918197240100883,0.46534653465346537,0.3995919504820191,
0.4662027833001988,0.4532803180914513,0.35352029572147714,0.4532803180914513,0.3863252850109451,
0.4951830443159923,0.4836223506743738,0.3890042990164872,0.4836223506743738,0.42069955784377405,
0.4891304347826087,0.4871541501976285,0.40094726566345523,0.4871541501976285,0.42215684123073993,
0.4682306940371456,0.4731182795698925,0.3933441656670329,0.4731182795698925,0.408062125348891,
0.4860557768924303,0.46912350597609564,0.3749447698755009,0.46912350597609564,0.40257779067950145,
0.44752475247524753,0.4415841584158416,0.3522041984469463,0.4415841584158416,0.3786274155724676,
0.48055832502492524,0.4675972083748754,0.3735086682416198,0.4675972083748754,0.40681583993484327,
0.4693069306930693,0.4762376237623762,0.37406895004160484,0.4762376237623762,0.4085125457094011,
0.4619883040935672,0.4580896686159844,0.368088465761209,0.4580896686159844,0.3916181702501227,
0.46998982706002035,0.4577822990844354,0.360713256733094,0.4577822990844354,0.38826651450876365,
0.4782178217821782,0.47227722772277225,0.38179131568604585,0.47227722772277225,0.40991456905975077,
0.46995073891625616,0.483743842364532,0.3884912151763047,0.483743842364532,0.4133772077425432,
0.4641051567239636,0.47320525783619816,0.373038097752236,0.47320525783619816,0.4008022403740109,
0.44609297725024727,0.4381800197823937,0.34081220250474276,0.4381800197823937,0.3699738306785345,
0.47002854424357754,0.4433872502378687,0.34861849542518325,0.4433872502378687,0.374474984461598,
0.48756218905472637,0.4666666666666667,0.392882245224202,0.4666666666666667,0.41569506082145363,
