Majority Class Accuracy,Accuracy,Precision,Recall,F Score,Support
0.46543330087633883,0.45180136319376824,0.34827352311813903,0.45180136319376824,0.3752425366796366,
0.49127906976744184,0.4874031007751938,0.3654106095459011,0.4874031007751938,0.39512005626267344,
0.49470644850818096,0.5052935514918191,0.4078807244960415,0.5052935514918191,0.4350228692445038,
0.48112294288480156,0.46466602129719264,0.36022988062966266,0.46466602129719264,0.3859054929180968,
0.475266731328807,0.4597478176527643,0.35169247764763234,0.4597478176527643,0.38388129611486477,
0.4699612403100775,0.47093023255813954,0.38460219823708797,0.47093023255813954,0.38589980351099784,
0.4619771863117871,0.45817490494296575,0.35535435666740506,0.45817490494296575,0.3913557094618026,
0.49076773566569487,0.47327502429543244,0.35451360581922575,0.47327502429543244,0.39441096187151553,
0.4660098522167488,0.4403940886699507,0.35151561571224077,0.4403940886699507,0.3725827273645632,
0.4448938321536906,0.45197168857431747,0.38808100492192815,0.45197168857431747,0.37341113462149333,
0.4892156862745098,0.47352941176470587,0.3520969939821035,0.47352941176470587,0.393538082231562,
0.46404602109300097,0.46596356663470756,0.3675145292493886,0.46596356663470756,0.3905255498094273,
0.46449704142011833,0.4556213017751479,0.35425875557034414,0.4556213017751479,0.3809479542731913,
0.46484375,0.4716796875,0.36489758794298083,0.4716796875,0.39456989441353374,
0.4847036328871893,0.4894837476099426,0.3911767188442103,0.4894837476099426,0.41066338629305205,
0.4662027833001988,0.46819085487077533,0.3555796149191431,0.46819085487077533,0.3822345757802115,
0.4852492370295015,0.4883011190233978,0.3726505012768102,0.4883011190233978,0.4068931024325097,
0.4632983794089609,0.4671115347950429,0.38617424292820623,0.4671115347950429,0.38641634453994245,
0.41386138613861384,0.4069306930693069,0.31635675253107487,0.4069306930693069,0.32650669798901405,
0.45948522402287895,0.45090562440419446,0.35857474383794524,0.45090562440419446,0.38399154758185466,
0.44865403788634095,0.4506480558325025,0.33932462769205557,0.4506480558325025,0.36951517761491615,
0.48349514563106794,0.4815533980582524,0.3862589842164884,0.4815533980582524,0.4048433862424821,
0.4869215291750503,0.4768611670020121,0.3607840168124626,0.4768611670020121,0.39597487534937803,
0.4674329501915709,0.47126436781609193,0.3724520320357665,0.47126436781609193,0.3933224403741014,
0.43972999035679844,0.4426229508196721,0.3289560034383904,0.4426229508196721,0.35705945409898393,
0.47279920870425324,0.4648862512363996,0.3445284244374084,0.4648862512363996,0.3777808453116478,
0.468063872255489,0.4810379241516966,0.39121677181161196,0.4810379241516966,0.40295750547996156,
0.4588701684836472,0.464816650148662,0.34512367771481467,0.464816650148662,0.38022091058807905,
0.4598825831702544,0.4569471624266145,0.35444458052563577,0.4569471624266145,0.3901215209623635,
0.47586206896551725,0.47881773399014776,0.38421294952128804,0.47881773399014776,0.4075803492024397,
