Majority Class Accuracy,Accuracy,Precision,Recall,F Score,Support
0.7162426614481409,0.6986301369863014,0.5632218072350255,0.6986301369863014,0.6173535845040777,
0.6725317693059628,0.6529814271749755,0.5024172220919695,0.6529814271749755,0.5525909748890871,
0.6963249516441006,0.6856866537717602,0.5487100454337176,0.6856866537717602,0.600106541319726,
0.7084942084942085,0.6920849420849421,0.5789512871274826,0.6920849420849421,0.6145607076655305,
0.7123420796890184,0.6948493683187561,0.5610357232739008,0.6948493683187561,0.614203376543253,
0.6760154738878144,0.655705996131528,0.5131254574100658,0.655705996131528,0.5645962486127931,
0.7243401759530792,0.7057673509286413,0.5823850741963862,0.7057673509286413,0.6284046486648661,
0.7251231527093596,0.7201970443349753,0.6086963738814253,0.7201970443349753,0.6392130939360675,
0.6986027944111777,0.6996007984031936,0.5919527926271536,0.6996007984031936,0.6062171154819566,
0.6935014548981572,0.6905916585838991,0.5591057098337255,0.6905916585838991,0.6044478873585897,
0.7002967359050445,0.695351137487636,0.5431380456089013,0.695351137487636,0.5936593315812148,
0.7002881844380403,0.6858789625360231,0.5667622157790861,0.6858789625360231,0.5998122710706597,
0.6900191938579654,0.6583493282149712,0.5231503174315001,0.6583493282149712,0.575538829421429,
0.6905697445972495,0.6797642436149313,0.5495430958811233,0.6797642436149313,0.5907511343643493,
0.6969397828232972,0.6732477788746298,0.5573751236060718,0.6732477788746298,0.5961561619597806,
0.6924564796905223,0.6663442940038685,0.5574497357864733,0.6663442940038685,0.5879091420561207,
0.6932038834951456,0.6757281553398058,0.5189607464900229,0.6757281553398058,0.5789144313466893,
0.6917808219178082,0.6790606653620352,0.5476168251630555,0.6790606653620352,0.5961759997881569,
0.6721951219512196,0.6760975609756098,0.5511698438838589,0.6760975609756098,0.5800638580931264,
0.6885245901639344,0.6779170684667309,0.5291356270242735,0.6779170684667309,0.5830041354759896,
0.6904761904761905,0.6723809523809524,0.51748910635003,0.6723809523809524,0.5758805058327927,
0.706511175898931,0.6967930029154519,0.5637855308098343,0.6967930029154519,0.6067842659141056,
0.7144240077444337,0.6960309777347532,0.5573223881075642,0.6960309777347532,0.6082892056589315,
0.7127236580516899,0.7087475149105368,0.5689043443984387,0.7087475149105368,0.6178778143632674,
0.701,0.683,0.5478511546840958,0.683,0.5985823270012143,
0.6964112512124151,0.6905916585838991,0.5420236197245699,0.6905916585838991,0.5979568539985312,
0.7043062200956938,0.6889952153110048,0.5605679715993449,0.6889952153110048,0.6101907942473843,
0.6902654867256637,0.6647000983284169,0.5357864090662522,0.6647000983284169,0.5836764643636865,
0.6869070208728653,0.6755218216318786,0.5283146581502685,0.6755218216318786,0.5878157281836465,
0.6908914728682171,0.6841085271317829,0.5305499359868387,0.6841085271317829,0.5831312488336963,
