Majority Class Accuracy,Accuracy,Precision,Recall,F Score,Support
0.12451737451737452,0.22297297297297297,0.2178232087196149,0.22297297297297297,0.21650246259790565,
0.12584053794428435,0.1988472622478386,0.19624484101579967,0.1988472622478386,0.1962884096211691,
0.12007874015748031,0.22539370078740156,0.2245950246067682,0.22539370078740156,0.21642389249486327,
0.11024390243902439,0.22048780487804878,0.2168238724136304,0.22048780487804878,0.21426131493543715,
0.12549019607843137,0.22254901960784312,0.22245989896180093,0.22254901960784312,0.21983203049685032,
0.09882583170254403,0.19667318982387474,0.19524687869337204,0.19667318982387474,0.18393043876308604,
0.11434302908726178,0.20260782347041123,0.19176069503164983,0.20260782347041123,0.18879370810051307,
0.12351778656126482,0.20948616600790515,0.20292235089579716,0.20948616600790515,0.20407528094759889,
0.1248780487804878,0.21170731707317073,0.20541209378633218,0.21170731707317073,0.20257139824706727,
0.1338506304558681,0.21435499515033948,0.2097293607022364,0.21435499515033948,0.20484359750928047,
0.11674641148325358,0.22775119617224882,0.2204247499488731,0.22775119617224882,0.21516704993572006,
0.11057225994180407,0.2376333656644035,0.22240518662164502,0.2376333656644035,0.21850227218596732,
0.13274336283185842,0.21632251720747295,0.21460107671977974,0.21632251720747295,0.21221435257282084,
0.11197663096397274,0.21908471275559882,0.21114764026065505,0.21908471275559882,0.21238069674530635,
0.11295034079844206,0.24440116845180138,0.24125337153620166,0.24440116845180138,0.22770238683792526,
0.14108674928503337,0.21734985700667303,0.22434397337167553,0.21734985700667303,0.2078479585215617,
0.1378968253968254,0.20734126984126985,0.19864767480781378,0.20734126984126985,0.197572828172432,
0.11724137931034483,0.2187192118226601,0.2125028243562126,0.2187192118226601,0.20891194079778783,
0.12725546058879392,0.20892687559354226,0.20754223447537218,0.20892687559354226,0.2065821617655098,
0.13685239491691104,0.20918866080156404,0.21233388364525835,0.20918866080156404,0.20455958331775279,
0.12097560975609756,0.21853658536585366,0.2198489020013818,0.21853658536585366,0.21205747787182358,
0.11676646706586827,0.23053892215568864,0.2185464377287301,0.23053892215568864,0.21886663517252408,
0.1540755467196819,0.22465208747514911,0.22445334023187702,0.22465208747514911,0.21786957939489085,
0.11067580803134182,0.21155729676787463,0.19650703783292436,0.21155729676787463,0.20041633735912487,
0.11711711711711711,0.2022022022022022,0.19911084455259126,0.2022022022022022,0.19716355886462184,
0.12950340798442064,0.22882181110029212,0.2273268431115347,0.22882181110029212,0.22270459140878207,
0.12871287128712872,0.2306930693069307,0.23654519576943675,0.2306930693069307,0.2293898111436874,
0.12941176470588237,0.22058823529411764,0.22086401777750544,0.22058823529411764,0.21366167780724943,
0.12884615384615383,0.2201923076923077,0.21560170986921168,0.2201923076923077,0.2147160084881908,
0.12315270935960591,0.21773399014778325,0.22425465437017028,0.21773399014778325,0.21420207309542988,
