Majority Class Accuracy,Accuracy,Precision,Recall,F Score,Support
0.4658203125,0.458984375,0.3806146250786084,0.458984375,0.39957629577920006,
0.4716417910447761,0.47761194029850745,0.3857332667937129,0.47761194029850745,0.40799294245925416,
0.478515625,0.4775390625,0.3677138054372627,0.4775390625,0.40659555548769916,
0.43507751937984496,0.43507751937984496,0.35345372895987415,0.43507751937984496,0.37631949157657113,
0.4708691499522445,0.45272206303724927,0.3570223194088373,0.45272206303724927,0.3905344366427567,
0.48003992015968067,0.4720558882235529,0.3818939770228159,0.4720558882235529,0.4060994012020374,
0.44639376218323584,0.42787524366471735,0.34710185600091525,0.42787524366471735,0.3718787711656057,
0.48758689175769615,0.47964250248262164,0.36454896580584,0.47964250248262164,0.40466704479030235,
0.49468599033816424,0.4859903381642512,0.39336381730244774,0.4859903381642512,0.4147928297172462,
0.4657534246575342,0.42661448140900193,0.345121946046733,0.42661448140900193,0.36987994567009036,
0.4522167487684729,0.45123152709359604,0.35577530606866675,0.45123152709359604,0.3792699190224709,
0.4570582428430405,0.45113524185587367,0.36549536696398965,0.45113524185587367,0.3900955207663302,
0.45366795366795365,0.45366795366795365,0.3675147217256291,0.45366795366795365,0.3890377412424701,
0.47821969696969696,0.4640151515151515,0.3725237904114424,0.4640151515151515,0.400696263733631,
0.47310756972111556,0.4541832669322709,0.36445178320332117,0.4541832669322709,0.39101826421007635,
0.45901639344262296,0.43972999035679844,0.35677106492068095,0.43972999035679844,0.3792981461842301,
0.45570866141732286,0.47539370078740156,0.39421223939318906,0.47539370078740156,0.4021639711043101,
0.4714566929133858,0.421259842519685,0.3426933350720624,0.421259842519685,0.3727020331635069,
0.4874874874874875,0.45545545545545546,0.3560040811653135,0.45545545545545546,0.3892602188575022,
0.4807121661721068,0.47873392680514343,0.3966385830981876,0.47873392680514343,0.42148092019310107,
0.45330739299610895,0.45428015564202334,0.3670935937122804,0.45428015564202334,0.3968089146939946,
0.45330739299610895,0.4464980544747082,0.35885059550843357,0.4464980544747082,0.3837965087109131,
0.5048169556840078,0.46724470134874757,0.36823156504433835,0.46724470134874757,0.40514645868148164,
0.47783251231527096,0.47881773399014776,0.37872051690065694,0.47881773399014776,0.4040349339153162,
0.4634387351778656,0.4654150197628458,0.3788646268386167,0.4654150197628458,0.4031137829910055,
0.45436507936507936,0.4871031746031746,0.40068993086396143,0.4871031746031746,0.41290431298577185,
0.4581673306772908,0.45717131474103584,0.3657105591723241,0.45717131474103584,0.3930242115265878,
0.4802314368370299,0.4840887174541948,0.3790379675595972,0.4840887174541948,0.41219099533349574,
0.4970178926441352,0.47813121272365805,0.4073842373081565,0.47813121272365805,0.431667053878591,
0.47908366533864544,0.4860557768924303,0.37720000708722107,0.4860557768924303,0.4097703135118517,
