Majority Class Accuracy,Accuracy,Precision,Recall,F Score,Support
0.4571703561116458,0.45139557266602504,0.3451341983537221,0.45139557266602504,0.3752525754713052,
0.47322297955209347,0.44790652385589097,0.35473917746111544,0.44790652385589097,0.3879724385088641,
0.47347740667976423,0.462671905697446,0.3547191065326651,0.462671905697446,0.3836638403986886,
0.4806949806949807,0.4806949806949807,0.3723703843993422,0.4806949806949807,0.40369069211122766,
0.4357487922705314,0.4502415458937198,0.3473635089236112,0.4502415458937198,0.37411464159925545,
0.44639376218323584,0.449317738791423,0.3392583412568377,0.449317738791423,0.3674763576393424,
0.4406779661016949,0.4426719840478564,0.338051976202741,0.4426719840478564,0.35763655802209804,
0.46563407550822844,0.46466602129719264,0.36545795715738805,0.46466602129719264,0.39865093602399065,
0.4743083003952569,0.48023715415019763,0.3930853755791519,0.48023715415019763,0.4151239360281975,
0.4763779527559055,0.46653543307086615,0.3631789096151872,0.46653543307086615,0.39448812897900637,
0.4449950445986125,0.4400396432111001,0.35149208572794155,0.4400396432111001,0.3698485022042977,
0.4752851711026616,0.44866920152091255,0.328900850385128,0.44866920152091255,0.3694104095193168,
0.4801163918525703,0.483996120271581,0.3897029247577216,0.483996120271581,0.4196092387548517,
0.4638671875,0.46484375,0.355399591809038,0.46484375,0.386818234769074,
0.47265625,0.4501953125,0.37132658172090793,0.4501953125,0.37928760201536577,
0.4575098814229249,0.4575098814229249,0.34437009947650676,0.4575098814229249,0.3709610195628046,
0.47988223748773307,0.47203140333660454,0.37802370003518077,0.47203140333660454,0.4054004828761155,
0.41136141038197843,0.39960822722820766,0.28126312492415034,0.39960822722820766,0.30741282171973877,
0.500990099009901,0.48316831683168315,0.3919250497405354,0.48316831683168315,0.4273591803914756,
0.45861733203505356,0.45861733203505356,0.38500460207138515,0.45861733203505356,0.3758561366386499,
0.4740518962075848,0.45808383233532934,0.34700536508741736,0.45808383233532934,0.3763415356199702,
0.4932301740812379,0.4932301740812379,0.39463650497875175,0.4932301740812379,0.42466707385700664,
0.4601941747572815,0.45048543689320386,0.3277525872239437,0.45048543689320386,0.3557639302687267,
0.47337278106508873,0.4812623274161736,0.3879436058012615,0.4812623274161736,0.40540626708864286,
0.4805447470817121,0.48540856031128404,0.3871107961646527,0.48540856031128404,0.41029998849213406,
0.4684052156469408,0.44433299899699097,0.34171400263077234,0.44433299899699097,0.37617821913613486,
0.46153846153846156,0.46449704142011833,0.38604039722939665,0.46449704142011833,0.4062508314481661,
0.4661508704061896,0.4748549323017408,0.36190426203054116,0.4748549323017408,0.3933930943154204,
0.46673095467695275,0.4503375120540019,0.3522086694625961,0.4503375120540019,0.3832578364885266,
0.48458574181117536,0.4816955684007707,0.38184166882000947,0.4816955684007707,0.4059381868741604,
