Majority Class Accuracy,Accuracy,Precision,Recall,F Score,Support
0.1259469696969697,0.26609848484848486,0.2565323062938869,0.26609848484848486,0.25335155678771765,
0.12462908011869436,0.23936696340257171,0.23146915177526114,0.23936696340257171,0.23348811677535877,
0.12121212121212122,0.22189638318670576,0.21114403410584662,0.22189638318670576,0.21164584791224642,
0.1073170731707317,0.23414634146341465,0.22901089733229218,0.23414634146341465,0.229756091098132,
0.13137254901960785,0.22450980392156863,0.21354891396959724,0.22450980392156863,0.21392240599897652,
0.09343936381709742,0.24950298210735586,0.23894523157427336,0.24950298210735586,0.23757045690506826,
0.11758893280632411,0.22134387351778656,0.2154600379583352,0.22134387351778656,0.21415750361298735,
0.11584158415841585,0.24257425742574257,0.2378586559600894,0.24257425742574257,0.2339480127352914,
0.10903732809430255,0.22298624754420432,0.20300355606246548,0.22298624754420432,0.20280150684742515,
0.12019704433497537,0.23645320197044334,0.22778860310678706,0.23645320197044334,0.22646161810778861,
0.10089020771513353,0.2215628090999011,0.23054075173082852,0.2215628090999011,0.21444954543674946,
0.12103174603174603,0.24305555555555555,0.24449958412878953,0.24305555555555555,0.24204682586081383,
0.11804878048780487,0.22731707317073171,0.2225807405396617,0.22731707317073171,0.22039874176005464,
0.11668273866923819,0.22179363548698167,0.22264072814880298,0.22179363548698167,0.2182257111954476,
0.12223291626564003,0.2550529355149182,0.23839775714246195,0.2550529355149182,0.23755595664788015,
0.12962962962962962,0.23489278752436646,0.2231618625449622,0.23489278752436646,0.22603344657562222,
0.14742967992240544,0.22017458777885549,0.21388982549007285,0.22017458777885549,0.2141629406919085,
0.10638297872340426,0.2562862669245648,0.2507030131901031,0.2562862669245648,0.25142788392080584,
0.11273080660835763,0.2196307094266278,0.22308016669038025,0.2196307094266278,0.215748852565542,
0.13114754098360656,0.2420443587270974,0.23326901430628527,0.2420443587270974,0.2341406662239248,
0.13614103819784526,0.23996082272282077,0.23424092366506916,0.23996082272282077,0.23265760341708827,
0.1252408477842004,0.22447013487475914,0.21334842725531306,0.22447013487475914,0.2133068641263261,
0.13495145631067962,0.24174757281553397,0.22720146675876982,0.24174757281553397,0.2302664064220584,
0.12800769971126083,0.23099133782483156,0.22217430937786226,0.23099133782483156,0.22233732688928068,
0.13170731707317074,0.27414634146341466,0.2701097578619176,0.27414634146341466,0.2654588339000588,
0.11439842209072978,0.23767258382642997,0.2271252158503583,0.23767258382642997,0.22564086989249355,
0.11674641148325358,0.2507177033492823,0.2440554195361844,0.2507177033492823,0.2442516725142869,
0.14341846758349705,0.23084479371316308,0.2205288888527866,0.23084479371316308,0.2227562744623895,
0.14003944773175542,0.21794871794871795,0.2135587316294775,0.21794871794871795,0.20899418192008784,
0.1219047619047619,0.22285714285714286,0.23156557275468448,0.22285714285714286,0.22266305512592385,
