Majority Class Accuracy,Accuracy,Precision,Recall,F Score,Support
0.688780487804878,0.6770731707317074,0.517216566224127,0.6770731707317074,0.5768229011674282,
0.6915422885572139,0.6796019900497512,0.5252632531347721,0.6796019900497512,0.5826598183404109,
0.6860809476801579,0.6781836130306022,0.5270252703283671,0.6781836130306022,0.5716997714539513,
0.6931372549019608,0.6813725490196079,0.5371980120617483,0.6813725490196079,0.5888898678976638,
0.6861386138613862,0.6603960396039604,0.5121787790915088,0.6603960396039604,0.568031383249222,
0.678396871945259,0.6666666666666666,0.49844363167043687,0.6666666666666666,0.5565121630737322,
0.701913393756294,0.6938569989929506,0.5628106796082627,0.6938569989929506,0.606734951233666,
0.686595949855352,0.6779170684667309,0.5164893561866841,0.6779170684667309,0.571572767947275,
0.6919242273180458,0.6829511465603191,0.54039477971782,0.6829511465603191,0.5824626441764948,
0.705078125,0.7021484375,0.5698163974508611,0.7021484375,0.6036599309426292,
0.7032640949554896,0.6933728981206726,0.5284876073722669,0.6933728981206726,0.5855812519527367,
0.714,0.709,0.5538366772402854,0.709,0.6056993923379226,
0.6848364717542121,0.6719524281466799,0.525588734819828,0.6719524281466799,0.5760561027077822,
0.6817733990147783,0.6788177339901478,0.5676109591494573,0.6788177339901478,0.5915009348247923,
0.6693147964250248,0.6703078450844091,0.5176900913279807,0.6703078450844091,0.5730087520672772,
0.7021484375,0.693359375,0.5477163998659347,0.693359375,0.5954422888302847,
0.6953125,0.6875,0.5352346766409267,0.6875,0.586797950563204,
0.7023121387283237,0.6955684007707129,0.5430143132397467,0.6955684007707129,0.5930503617821017,
0.6875612144955926,0.6816846229187071,0.504124311306256,0.6816846229187071,0.5658486265986142,
0.70703125,0.6953125,0.5351461962536339,0.6953125,0.5898122240796294,
0.6947674418604651,0.687015503875969,0.5392697340371758,0.687015503875969,0.5953875295003488,
0.6867469879518072,0.6746987951807228,0.5161485746155755,0.6746987951807228,0.5791448963299334,
0.6995073891625616,0.6935960591133005,0.542249649093006,0.6935960591133005,0.5870018704964682,
0.72,0.7121951219512195,0.5525903411009794,0.7121951219512195,0.6138274753612029,
0.7120470127326151,0.6973555337904016,0.5504424269463705,0.6973555337904016,0.6054778471680455,
0.7051792828685259,0.6952191235059761,0.5767626172694004,0.6952191235059761,0.61145018668519,
0.6994274809160306,0.6946564885496184,0.5390844716753717,0.6946564885496184,0.5991821539468607,
0.7066929133858267,0.6978346456692913,0.5717481145026401,0.6978346456692913,0.6124900419385841,
0.6846673095467696,0.6730954676952748,0.5142953574872572,0.6730954676952748,0.5648913539981772,
0.7010816125860374,0.6941986234021632,0.5651539376812672,0.6941986234021632,0.6061557554182924,
