Majority Class Accuracy,Accuracy,Precision,Recall,F Score,Support
0.4775828460038986,0.4619883040935672,0.3854652920999565,0.4619883040935672,0.4026537928877116,
0.478900883218842,0.4435721295387635,0.342501055117272,0.4435721295387635,0.37639572419518685,
0.4762386248736097,0.4762386248736097,0.383622989447237,0.4762386248736097,0.40903200039198834,
0.45928030303030304,0.4498106060606061,0.36244287820287124,0.4498106060606061,0.38514478206169184,
0.5009727626459144,0.4785992217898833,0.4032352524144024,0.4785992217898833,0.42967077660466857,
0.4753146176185866,0.4578896418199419,0.36596125771921356,0.4578896418199419,0.39995003286648567,
0.44337811900191937,0.43474088291746643,0.3489312708804868,0.43474088291746643,0.3792427582889762,
0.48579823702252695,0.4642507345739471,0.3698548290347558,0.4642507345739471,0.40347634963714174,
0.4621359223300971,0.4495145631067961,0.35815288236281,0.4495145631067961,0.38895879918115117,
0.4873046875,0.453125,0.37056813231694663,0.453125,0.39429976315410964,
0.4917234664070107,0.47030185004868547,0.3786777888695238,0.47030185004868547,0.4104918929870707,
0.46745562130177515,0.4289940828402367,0.3458751674797634,0.4289940828402367,0.36531955416584627,
0.44586614173228345,0.4448818897637795,0.3584050237107185,0.4448818897637795,0.37393427654804806,
0.4822834645669291,0.48031496062992124,0.3971296006876402,0.48031496062992124,0.4176067730531409,
0.45722713864306785,0.47099311701081614,0.41119043865347077,0.47099311701081614,0.4101534725865671,
0.4931237721021611,0.47053045186640474,0.4124845853160307,0.47053045186640474,0.4151606344592993,
0.4731800766283525,0.45689655172413796,0.375909902174534,0.45689655172413796,0.4008961894531883,
0.4897360703812317,0.4701857282502444,0.3962763263865227,0.4701857282502444,0.41469468668706994,
0.48282630029440626,0.46418056918547596,0.37240088377396197,0.46418056918547596,0.3920809610940224,
0.47036328871892924,0.45315487571701724,0.3736333566347684,0.45315487571701724,0.399694507522719,
0.4591439688715953,0.44163424124513617,0.33179274756833127,0.44163424124513617,0.3693079207842147,
0.47619047619047616,0.4742468415937804,0.37089933374764966,0.4742468415937804,0.4002269175258049,
0.46653543307086615,0.44881889763779526,0.3355889690428471,0.44881889763779526,0.37499518176750946,
0.4868035190615836,0.47996089931573804,0.3849323599872195,0.47996089931573804,0.40740910590980633,
0.4534769833496572,0.4603330068560235,0.36969841766771344,0.4603330068560235,0.3950392341385007,
0.4744094488188976,0.46358267716535434,0.382118583641899,0.46358267716535434,0.3960602809979604,
0.4698443579766537,0.45330739299610895,0.36655012190352265,0.45330739299610895,0.3968159692300329,
0.49333333333333335,0.46,0.3729046067805739,0.46,0.3978951387877898,
0.43474088291746643,0.42706333973128596,0.3469784370222347,0.42706333973128596,0.3675829735368031,
0.47189922480620156,0.47674418604651164,0.4068754102866257,0.47674418604651164,0.41783307528681574,
