Majority Class Accuracy,Accuracy,Precision,Recall,F Score,Support
0.1360544217687075,0.2555879494655005,0.25255368342612744,0.2555879494655005,0.24863231695951313,
0.1295585412667946,0.2437619961612284,0.23747029564112884,0.2437619961612284,0.23720857947625554,
0.11874386653581943,0.25515210991167814,0.24619462585675467,0.25515210991167814,0.2459169075988127,
0.1262135922330097,0.23592233009708738,0.23328666473357154,0.23592233009708738,0.23157195451763798,
0.11508704061895551,0.24177949709864605,0.23928342997509394,0.24177949709864605,0.23840097535233007,
0.119140625,0.2236328125,0.21785261168824946,0.2236328125,0.2176851643894107,
0.12685827552031714,0.23686818632309217,0.23111163908899177,0.23686818632309217,0.2283420736001739,
0.1233140655105973,0.24855491329479767,0.23967283509378096,0.24855491329479767,0.2411781685475843,
0.11695906432748537,0.24366471734892786,0.23929425095858156,0.24366471734892786,0.23946838943119705,
0.12218963831867058,0.2375366568914956,0.2321879748597946,0.2375366568914956,0.22904949161147964,
0.146484375,0.22265625,0.2124138066502134,0.22265625,0.21366206068614407,
0.12586037364798427,0.24188790560471976,0.24025991372056535,0.24188790560471976,0.23722242014481112,
0.12861415752741776,0.2612163509471585,0.2477398586873089,0.2612163509471585,0.25149929740697763,
0.14202334630350194,0.23832684824902725,0.2342551912860327,0.23832684824902725,0.23421653580462062,
0.11616650532429816,0.24782187802516942,0.25107780374460364,0.24782187802516942,0.24493887859078164,
0.13844621513944222,0.25298804780876494,0.25956080682343535,0.25298804780876494,0.24945924102374792,
0.11960784313725491,0.246078431372549,0.23383762513883014,0.246078431372549,0.23364924150856578,
0.13160422670509125,0.24879923150816521,0.24216657442128836,0.24879923150816521,0.24256880062588773,
0.11839530332681017,0.24755381604696672,0.24408152997787957,0.24755381604696672,0.2449019514067605,
0.09780439121756487,0.24451097804391217,0.237213349712787,0.24451097804391217,0.23764765006079622,
0.11531007751937984,0.21511627906976744,0.2118790758639844,0.21511627906976744,0.20852917530327256,
0.11571841851494696,0.25168756027000966,0.2496934717422031,0.25168756027000966,0.24561108942693982,
0.12379110251450677,0.23210831721470018,0.21737436306397562,0.23210831721470018,0.2207285876068395,
0.11165048543689321,0.2446601941747573,0.23548953867039546,0.2446601941747573,0.23573241114388532,
0.1225296442687747,0.25691699604743085,0.2497988344006991,0.25691699604743085,0.2507183155065973,
0.10707269155206287,0.26522593320235754,0.2621299899206642,0.26522593320235754,0.2589015822297431,
0.12282398452611218,0.2514506769825919,0.2488064867089784,0.2514506769825919,0.24665085538486414,
0.1347305389221557,0.2405189620758483,0.23166037041406046,0.2405189620758483,0.23302561865045635,
0.13545816733067728,0.2241035856573705,0.2178553221224574,0.2241035856573705,0.21922926844552612,
0.13026444662095985,0.25857002938295787,0.25214762073264635,0.25857002938295787,0.2513597675091135,
