Majority Class Accuracy,Accuracy,Precision,Recall,F Score,Support
0.12258687258687259,0.27895752895752896,0.26899851300167116,0.27895752895752896,0.2709591550553143,
0.10176125244618395,0.24951076320939333,0.23873878436960205,0.24951076320939333,0.2409069492750127,
0.14161008729388944,0.22793404461687683,0.21753983051508172,0.22793404461687683,0.2164209563069365,
0.13976377952755906,0.24803149606299213,0.24888660263000884,0.24803149606299213,0.24664696988149154,
0.11322645290581163,0.23847695390781562,0.23418293174313545,0.23847695390781562,0.2326815628284841,
0.1279527559055118,0.2440944881889764,0.24035484067651525,0.2440944881889764,0.23797664874097454,
0.13766730401529637,0.25239005736137665,0.24419172177876133,0.25239005736137665,0.244912701615502,
0.11723446893787576,0.25851703406813625,0.250369814814532,0.25851703406813625,0.24913283716969956,
0.13618677042801555,0.2490272373540856,0.24930446906302636,0.2490272373540856,0.24668462824777684,
0.11575875486381323,0.23929961089494164,0.22496091946639837,0.23929961089494164,0.2277024257707215,
0.11196911196911197,0.24324324324324326,0.23864676553515002,0.24324324324324326,0.23763377665984403,
0.12900096993210475,0.25121241513094084,0.23892622656179882,0.25121241513094084,0.2426951557969946,
0.12941176470588237,0.22058823529411764,0.20850728478989697,0.22058823529411764,0.21195058577794615,
0.13339920948616601,0.25691699604743085,0.24810162343333192,0.25691699604743085,0.2503322892311763,
0.118042226487524,0.2581573896353167,0.24831953251017164,0.2581573896353167,0.2513149088428399,
0.10204081632653061,0.24101068999028183,0.23791489572570773,0.24101068999028183,0.23448654188861703,
0.11302681992337164,0.22701149425287356,0.21880674541802808,0.22701149425287356,0.22010341647709256,
0.1159563924677899,0.23389494549058473,0.22550678044752293,0.23389494549058473,0.22271356722552,
0.123046875,0.255859375,0.2499379013182287,0.255859375,0.2514038316084448,
0.11609756097560976,0.2448780487804878,0.2335394768832883,0.2448780487804878,0.23652260569614056,
0.11781888997078871,0.24245374878286272,0.23234732322489482,0.24245374878286272,0.23499489204007273,
0.11238095238095239,0.2257142857142857,0.21591437866452917,0.2257142857142857,0.21903363497519962,
0.1287512100677638,0.26137463697967084,0.2586133703842206,0.26137463697967084,0.2572011957868222,
0.10552268244575937,0.23767258382642997,0.22532159236234142,0.23767258382642997,0.22673167668960867,
0.126232741617357,0.24260355029585798,0.23553037574212726,0.24260355029585798,0.2355704622642277,
0.1292517006802721,0.2371234207968902,0.23292125453599813,0.2371234207968902,0.23244598306446623,
0.12190287413280476,0.25173439048562934,0.2486757931136695,0.25173439048562934,0.24557965136759544,
0.11866028708133972,0.23827751196172248,0.22601229085965666,0.23827751196172248,0.22896285856991988,
0.1425800193986421,0.2550921435499515,0.2443306778508669,0.2550921435499515,0.24755184275186456,
0.14216163583252192,0.2385589094449854,0.23457481253132803,0.2385589094449854,0.23468825264989276,
