Majority Class Accuracy,Accuracy,Precision,Recall,F Score,Support
0.7164328657314629,0.7074148296593187,0.5556474706518982,0.7074148296593187,0.6140423952777814,
0.6859421734795613,0.6779661016949152,0.5397713325408733,0.6779661016949152,0.5845485366720674,
0.7124756335282652,0.7007797270955166,0.5689362866333849,0.7007797270955166,0.6118113265620192,
0.711764705882353,0.7098039215686275,0.5736176004205921,0.7098039215686275,0.6081791795940503,
0.6998069498069498,0.7094594594594594,0.5739887789529551,0.7094594594594594,0.6166255291774482,
0.7058823529411765,0.6990196078431372,0.5385765444588974,0.6990196078431372,0.5885504361623773,
0.7056530214424951,0.6968810916179338,0.539530987773911,0.6968810916179338,0.5989969739216998,
0.6608015640273704,0.6617790811339198,0.48644506324269354,0.6617790811339198,0.542850926105964,
0.6985507246376812,0.6927536231884058,0.5486623321096319,0.6927536231884058,0.5953364348487644,
0.6830708661417323,0.6742125984251969,0.5268257215915733,0.6742125984251969,0.5776699777425757,
0.7177177177177178,0.7087087087087087,0.5681338831305907,0.7087087087087087,0.6204292272745952,
0.7001953125,0.689453125,0.5214560442753533,0.689453125,0.586976262827244,
0.7124505928853755,0.7114624505928854,0.562722685645465,0.7114624505928854,0.6116882591539085,
0.6814244465832531,0.6756496631376323,0.5030338398248081,0.6756496631376323,0.5585967782302291,
0.6758620689655173,0.6788177339901478,0.5222149049555023,0.6788177339901478,0.5672759262606835,
0.6999022482893451,0.6920821114369502,0.528142195590876,0.6920821114369502,0.5852732934745076,
0.6846229187071499,0.6807051909892262,0.527751432964692,0.6807051909892262,0.5837109493358869,
0.7086092715231788,0.706717123935667,0.5487804899638964,0.706717123935667,0.6080866818348027,
0.7293086660175268,0.7273612463485881,0.5924731311867468,0.7273612463485881,0.636991598952368,
0.6984435797665369,0.6867704280155642,0.5405443289817878,0.6867704280155642,0.593967545683998,
0.6922339405560882,0.6922339405560882,0.565428427295082,0.6922339405560882,0.5865125004036446,
0.6991404011461319,0.6876790830945558,0.5331854103091845,0.6876790830945558,0.5880621311980601,
0.7184185149469624,0.71648987463838,0.5677038316102802,0.71648987463838,0.6187438587244178,
0.711764705882353,0.7,0.5426305390357679,0.7,0.6038926265143083,
0.6978557504873294,0.6851851851851852,0.5332619730696969,0.6851851851851852,0.5891878214604542,
0.6967930029154519,0.6938775510204082,0.5308942567531759,0.6938775510204082,0.5890440892351494,
0.7045675413022352,0.7026239067055393,0.5673191167808568,0.7026239067055393,0.6067397843932086,
0.6852941176470588,0.6823529411764706,0.5376202468755087,0.6823529411764706,0.5759775698764602,
0.688715953307393,0.6789883268482491,0.49828082668549584,0.6789883268482491,0.5650841436426435,
0.7130350194552529,0.7130350194552529,0.5525533922709746,0.7130350194552529,0.6099303267211854,
