Majority Class Accuracy,Accuracy,Precision,Recall,F Score,Support
0.4980430528375734,0.49706457925636005,0.4248315539818812,0.49706457925636005,0.45304465696756807,
0.4768928220255654,0.48279252704031467,0.39598344277378544,0.48279252704031467,0.41473780102574176,
0.4872549019607843,0.49019607843137253,0.39145938610294784,0.49019607843137253,0.41660328581894795,
0.48112294288480156,0.45014520813165537,0.3595014406885286,0.45014520813165537,0.38779427180945286,
0.48490749756572543,0.45764362220058424,0.36646247244485197,0.45764362220058424,0.39025424575604617,
0.47181008902077154,0.4520276953511375,0.3685214033037149,0.4520276953511375,0.3934531347745467,
0.5044074436826641,0.47502448579823703,0.4039822261794321,0.47502448579823703,0.43078185041795114,
0.4847890088321884,0.4681059862610402,0.37459555725590116,0.4681059862610402,0.404182011847656,
0.48546511627906974,0.4844961240310077,0.3719068117937313,0.4844961240310077,0.4056254126368446,
0.47804878048780486,0.48097560975609754,0.3763040424965897,0.48097560975609754,0.40371955575054486,
0.5034347399411188,0.5024533856722276,0.4302881794540283,0.5024533856722276,0.43881136575949325,
0.49185043144774687,0.47171620325982744,0.3691552533791735,0.47171620325982744,0.39780955459916356,
0.47378640776699027,0.46601941747572817,0.369751431583141,0.46601941747572817,0.39435610802527304,
0.4513888888888889,0.42757936507936506,0.35133863068325105,0.42757936507936506,0.36833787747235247,
0.451,0.456,0.3773767432529409,0.456,0.39957764002135515,
0.47099311701081614,0.4690265486725664,0.3841990879012813,0.4690265486725664,0.4094549341226959,
0.4736328125,0.4755859375,0.3744304819826765,0.4755859375,0.4082792124124465,
0.43700787401574803,0.4498031496062992,0.36079253337857337,0.4498031496062992,0.3849877809005079,
0.48743718592964824,0.47839195979899496,0.383348057158219,0.47839195979899496,0.40480274442687864,
0.48735408560311283,0.48346303501945526,0.38518151895632474,0.48346303501945526,0.40966382028966897,
0.5085599194360524,0.4984894259818731,0.41578446900732163,0.4984894259818731,0.43568036850152114,
0.5009861932938856,0.4911242603550296,0.38404682956957314,0.4911242603550296,0.41662149097877016,
0.49950248756218907,0.4925373134328358,0.3822155775683152,0.4925373134328358,0.41824682148704795,
0.4861111111111111,0.4771825396825397,0.36795043655384635,0.4771825396825397,0.4070605148899764,
0.4614624505928854,0.44565217391304346,0.34965829835624507,0.44565217391304346,0.3746494220264044,
0.47765640516385305,0.45978152929493543,0.36333086030320816,0.45978152929493543,0.3926492902977892,
0.49069539666993145,0.4740450538687561,0.3852772539060378,0.4740450538687561,0.4148735693867956,
0.47873392680514343,0.4708209693372898,0.3838129011782207,0.4708209693372898,0.40672226955544655,
0.47502448579823703,0.4720861900097943,0.39245849915305103,0.4720861900097943,0.42190940567993085,
0.4975562072336266,0.47214076246334313,0.3763382608548009,0.47214076246334313,0.41292064578741383,
