Majority Class Accuracy,Accuracy,Precision,Recall,F Score,Support
0.11923076923076924,0.2644230769230769,0.2484195662013201,0.2644230769230769,0.25137990048282965,
0.13924050632911392,0.2395326192794547,0.22382938531460167,0.2395326192794547,0.22463710463107167,
0.11448140900195694,0.24070450097847357,0.23132298195689963,0.24070450097847357,0.23177249972788755,
0.13418217433888344,0.20763956904995104,0.2074988165216891,0.20763956904995104,0.1977796169439524,
0.12549019607843137,0.24215686274509804,0.23383659103354434,0.24215686274509804,0.23524339383882056,
0.13171225937183384,0.25937183383991896,0.24654549759045877,0.25937183383991896,0.24630089763988564,
0.1285024154589372,0.22801932367149758,0.2254802525379877,0.22801932367149758,0.22307206811102878,
0.13339824732229796,0.24342745861733203,0.23720722797052368,0.24342745861733203,0.23904555345320433,
0.12087912087912088,0.2547452547452547,0.24140508109507938,0.2547452547452547,0.24236715934394856,
0.11307767944936087,0.23303834808259588,0.2300842655385354,0.23303834808259588,0.2242943587935565,
0.1323671497584541,0.2318840579710145,0.22279027099541301,0.2318840579710145,0.22357442047712922,
0.13095238095238096,0.24801587301587302,0.23173881300926483,0.24801587301587302,0.23281437143945566,
0.1199207135777998,0.20118929633300298,0.20562291917452943,0.20118929633300298,0.19815260475386076,
0.12192723697148476,0.23303834808259588,0.2319184554636177,0.23303834808259588,0.22341255690803288,
0.09727626459143969,0.24708171206225682,0.2428163678611025,0.24708171206225682,0.2407290065619177,
0.11655239960822723,0.26346718903036237,0.2487620521745897,0.26346718903036237,0.25341506689658094,
0.11428571428571428,0.22653061224489796,0.2173649363966762,0.22653061224489796,0.21683033349247433,
0.13030602171767028,0.23790720631786771,0.2220741965602909,0.23790720631786771,0.22356524161599306,
0.129126213592233,0.23980582524271846,0.2241813287092935,0.23980582524271846,0.22727174136560455,
0.11507936507936507,0.24305555555555555,0.23506703074301896,0.24305555555555555,0.23407373334082024,
0.11869436201780416,0.2294757665677547,0.22161308266915253,0.2294757665677547,0.22348806266612406,
0.12351778656126482,0.23023715415019763,0.21615794693187784,0.23023715415019763,0.2187089699482943,
0.1263573543928924,0.22902270483711748,0.22153806869813142,0.22902270483711748,0.2172350032059884,
0.11121951219512195,0.22634146341463415,0.21777214434284306,0.22634146341463415,0.21817694214776806,
0.11851126346718903,0.23604309500489715,0.22787295016898002,0.23604309500489715,0.2295212318110643,
0.11764705882352941,0.2476280834914611,0.24188976205779525,0.2476280834914611,0.2410938463199106,
0.14085914085914086,0.21578421578421578,0.20975037708363697,0.21578421578421578,0.2096195328873175,
0.11717974180734857,0.2234359483614697,0.21817400291650293,0.2234359483614697,0.2163533471305457,
0.13078470824949698,0.21730382293762576,0.2060977284979578,0.21730382293762576,0.20440937031893824,
0.12278978388998035,0.20530451866404714,0.1982189212098408,0.20530451866404714,0.1985329320694574,
