Majority Class Accuracy,Accuracy,Precision,Recall,F Score,Support
0.6962750716332379,0.6867239732569246,0.5423002121608856,0.6867239732569246,0.5922536887191427,
0.6859421734795613,0.6869391824526421,0.5639878169503116,0.6869391824526421,0.5838374194995357,
0.7080568720379147,0.7090047393364929,0.573099230621672,0.7090047393364929,0.6201319070351184,
0.7041015625,0.6943359375,0.5489110434927591,0.6943359375,0.6018181343845297,
0.7147058823529412,0.711764705882353,0.5810083448828383,0.711764705882353,0.624293633568713,
0.69921875,0.69921875,0.5423803013392857,0.69921875,0.5882318096514232,
0.691793893129771,0.6793893129770993,0.543114042752384,0.6793893129770993,0.5939877720657883,
0.7085377821393523,0.703631010794897,0.5557175424571319,0.703631010794897,0.6067052900124713,
0.7105788423153693,0.7045908183632734,0.5494702581562165,0.7045908183632734,0.6089468939768845,
0.7083333333333334,0.6984126984126984,0.5792655002168818,0.6984126984126984,0.6049140888912371,
0.6971153846153846,0.6884615384615385,0.5287017009731562,0.6884615384615385,0.5821315145503673,
0.7116141732283464,0.6978346456692913,0.5520637280008885,0.6978346456692913,0.6063284460433596,
0.6798029556650246,0.6738916256157635,0.5258355884124002,0.6738916256157635,0.5665760373567273,
0.6861030126336248,0.6861030126336248,0.5184647114326458,0.6861030126336248,0.5758890489136366,
0.7127659574468085,0.7011605415860735,0.5506418849922234,0.7011605415860735,0.6146549384588368,
0.6913946587537092,0.6904055390702275,0.5473539340101156,0.6904055390702275,0.5930211177738604,
0.6938569989929506,0.6898288016112789,0.5256800944768492,0.6898288016112789,0.5870555633920194,
0.706280193236715,0.6966183574879227,0.5330873599181399,0.6966183574879227,0.5984637478772146,
0.7067307692307693,0.7038461538461539,0.5529261338047199,0.7038461538461539,0.6125232933944729,
0.7007952286282306,0.694831013916501,0.5625669062547789,0.694831013916501,0.6066467556816141,
0.6910331384015594,0.6881091617933723,0.5910679187595544,0.6881091617933723,0.5917795008755979,
0.6919339164237124,0.6899902818270165,0.5522817029547382,0.6899902818270165,0.5867344937202937,
0.6950629235237173,0.6940948693126815,0.551424845568217,0.6940948693126815,0.5986899497772237,
0.6893106893106893,0.6843156843156843,0.555209380665879,0.6843156843156843,0.5941116334470765,
0.7222222222222222,0.7153996101364523,0.5728267644035323,0.7153996101364523,0.622197332447811,
0.696551724137931,0.6975369458128079,0.5719347751835473,0.6975369458128079,0.6109664754303354,
0.7012487992315082,0.7002881844380403,0.555310464509329,0.7002881844380403,0.5960759077575216,
0.7013752455795678,0.706286836935167,0.572141687898073,0.706286836935167,0.6087486931442083,
0.7051909892262488,0.7002938295788442,0.5797583299194551,0.7002938295788442,0.6138855891908778,
0.7154072620215898,0.7154072620215898,0.5733491516890503,0.7154072620215898,0.6104041586486605,
