Majority Class Accuracy,Accuracy,Precision,Recall,F Score,Support
0.691190706679574,0.6718296224588577,0.5343145319412954,0.6718296224588577,0.5841239357827793,
0.7061704211557297,0.6875612144955926,0.5697799808587821,0.6875612144955926,0.607283216459944,
0.6912350597609562,0.6832669322709163,0.5525031098387712,0.6832669322709163,0.5868662822816598,
0.6809338521400778,0.6721789883268483,0.5252495936661972,0.6721789883268483,0.5834278253659467,
0.7203471552555448,0.6962391513982642,0.578323716367885,0.6962391513982642,0.6232720207271447,
0.6993275696445725,0.6945244956772334,0.565057029054426,0.6945244956772334,0.6041338744680133,
0.7009708737864078,0.6980582524271844,0.5692987512462897,0.6980582524271844,0.5996059283216681,
0.6964112512124151,0.6867119301648884,0.534469630896881,0.6867119301648884,0.5911374215963224,
0.7126213592233009,0.7048543689320388,0.5709452521424995,0.7048543689320388,0.6072319676042053,
0.7145612343297975,0.6972034715525555,0.5808152515219895,0.6972034715525555,0.6257403277908489,
0.6976516634050881,0.678082191780822,0.5523935471946005,0.678082191780822,0.5880735662421203,
0.708092485549133,0.7003853564547207,0.5698361176395859,0.7003853564547207,0.6116815692864924,
0.6758080313418218,0.6611165523996082,0.5295416134900447,0.6611165523996082,0.5743535931300199,
0.6957801766437685,0.6830225711481845,0.53395998357353,0.6830225711481845,0.5911253486781537,
0.6990972918756269,0.7031093279839519,0.5670759531341276,0.7031093279839519,0.6116693262537222,
0.7320717131474104,0.7241035856573705,0.577497940182715,0.7241035856573705,0.6326464046252098,
0.7013487475915221,0.6878612716763006,0.5398466519675029,0.6878612716763006,0.5975294520812199,
0.688588007736944,0.6789168278529981,0.534159149659249,0.6789168278529981,0.5864222898278356,
0.7070124879923151,0.6887608069164265,0.5396143728064393,0.6887608069164265,0.6009099198416793,
0.7120622568093385,0.6974708171206225,0.5895743642119003,0.6974708171206225,0.6139792363978046,
0.702252693437806,0.6944172380019589,0.5740233997614718,0.6944172380019589,0.5952608564606467,
0.6877510040160643,0.6847389558232931,0.5247526267652799,0.6847389558232931,0.5783241414207627,
0.6796407185628742,0.6696606786427146,0.5378434046578422,0.6696606786427146,0.5862219034111075,
0.7320197044334975,0.7103448275862069,0.5886525648046965,0.7103448275862069,0.631928486321141,
0.7268145161290323,0.7147177419354839,0.5713638034941583,0.7147177419354839,0.6282273792225476,
0.6823529411764706,0.6794117647058824,0.5391798545320464,0.6794117647058824,0.5878931577969797,
0.7057142857142857,0.7047619047619048,0.588099077220265,0.7047619047619048,0.6204623735824449,
0.6829745596868885,0.6643835616438356,0.5152897249148115,0.6643835616438356,0.5736034335258654,
0.7182539682539683,0.7113095238095238,0.5870152528095878,0.7113095238095238,0.6216284604098092,
0.7107355864811133,0.6988071570576541,0.5633928099384516,0.6988071570576541,0.6133868718136406,
