Majority Class Accuracy,Accuracy,Precision,Recall,F Score,Support
0.6936585365853658,0.6848780487804879,0.5499985492621603,0.6848780487804879,0.6002346456137985,
0.7014634146341463,0.6926829268292682,0.5337367482069519,0.6926829268292682,0.5934067153829526,
0.6923076923076923,0.6835443037974683,0.528787518034954,0.6835443037974683,0.5883173105788716,
0.6844181459566075,0.6755424063116371,0.54505076851311,0.6755424063116371,0.5772094311598874,
0.6932692307692307,0.6807692307692308,0.5046785896183487,0.6807692307692308,0.5745983401532994,
0.7025440313111546,0.6819960861056752,0.5218217657460686,0.6819960861056752,0.5852672729714574,
0.6853490658800393,0.6823992133726647,0.5593571437188252,0.6823992133726647,0.5864985076557269,
0.6941514860977949,0.6874400767018217,0.5311222340998568,0.6874400767018217,0.5849798871487513,
0.7134559535333979,0.707647628267183,0.5568522552968731,0.707647628267183,0.6022282089790442,
0.6858275520317145,0.6818632309217046,0.5523865570618298,0.6818632309217046,0.5854642202727691,
0.7134328358208956,0.6955223880597015,0.540160366505774,0.6955223880597015,0.6012814785561623,
0.6770126091173618,0.6595538312318138,0.5116199946335995,0.6595538312318138,0.5666002552977109,
0.6973811833171678,0.6925315227934045,0.5666981503499056,0.6925315227934045,0.5884132963670031,
0.6926877470355731,0.6857707509881423,0.5356554004932611,0.6857707509881423,0.5881703767615971,
0.704390243902439,0.6936585365853658,0.5451353955541481,0.6936585365853658,0.597940468417362,
0.7039922103213242,0.6893865628042843,0.5661757579221534,0.6893865628042843,0.6093469905201107,
0.7142857142857143,0.7142857142857143,0.5890625691794106,0.7142857142857143,0.6215246877630842,
0.699497487437186,0.6934673366834171,0.5456686579136789,0.6934673366834171,0.5951086853657888,
0.6769527483124397,0.6595949855351977,0.507958939722807,0.6595949855351977,0.5630425614798773,
0.6994106090373281,0.6954813359528488,0.5265430792739242,0.6954813359528488,0.5919110719555413,
0.6825242718446602,0.6669902912621359,0.5046564765431745,0.6669902912621359,0.5655445363861051,
0.6955665024630542,0.6945812807881774,0.5322857258386439,0.6945812807881774,0.588581737372732,
0.6673228346456693,0.6653543307086615,0.4978070263538486,0.6653543307086615,0.5507659304144757,
0.6715257531584062,0.673469387755102,0.5096191458512374,0.673469387755102,0.5650602557253674,
0.7017374517374517,0.693050193050193,0.5664424363266062,0.693050193050193,0.611673434041855,
0.7002967359050445,0.6913946587537092,0.5507528779553212,0.6913946587537092,0.5966315309506592,
0.7079731027857828,0.7041306436119116,0.5704134210634877,0.7041306436119116,0.6140839294351297,
0.7171514543630892,0.7091273821464393,0.5467421750289142,0.7091273821464393,0.6099549003935751,
0.6851145038167938,0.6812977099236641,0.5423370870213785,0.6812977099236641,0.5774422346777556,
0.655688622754491,0.656686626746507,0.5019747124234785,0.656686626746507,0.5551587402878524,
