Majority Class Accuracy,Accuracy,Precision,Recall,F Score,Support
0.6998069498069498,0.7027027027027027,0.5565651580689175,0.7027027027027027,0.5928374910410839,
0.7046370967741935,0.6854838709677419,0.5388523078242965,0.6854838709677419,0.5920678904914234,
0.6807881773399015,0.6798029556650246,0.5295264903991154,0.6798029556650246,0.5708892607993485,
0.7145669291338582,0.7116141732283464,0.5256537195910213,0.7116141732283464,0.5979143385528571,
0.693719806763285,0.6811594202898551,0.49807149758454095,0.6811594202898551,0.5709942688193136,
0.7121212121212122,0.696969696969697,0.5595676368933642,0.696969696969697,0.6078698226579313,
0.705,0.7,0.5498464752234385,0.7,0.6020672382927938,
0.6895893027698186,0.6781279847182426,0.5199767609003578,0.6781279847182426,0.5741560689322549,
0.6948818897637795,0.6929133858267716,0.5251819896000902,0.6929133858267716,0.5807566943421538,
0.7155599603567889,0.7145688800792864,0.5521889724603444,0.7145688800792864,0.6062006617441644,
0.6845703125,0.6767578125,0.5186710157571913,0.6767578125,0.5697587091303381,
0.6974459724950884,0.6905697445972495,0.5328207355121262,0.6905697445972495,0.5899550716692932,
0.6769690927218345,0.6769690927218345,0.5102691924227317,0.6769690927218345,0.5643089397597546,
0.6836327345309381,0.6686626746506986,0.5105568490229115,0.6686626746506986,0.5721684662785645,
0.6951819075712881,0.688298918387414,0.5530703030343129,0.688298918387414,0.5858740800172286,
0.6958661417322834,0.6968503937007874,0.5682540851503773,0.6968503937007874,0.5901808035497181,
0.6859099804305284,0.675146771037182,0.522018358424243,0.675146771037182,0.5707868023316224,
0.6914893617021277,0.6895551257253385,0.5525178047170586,0.6895551257253385,0.5870767108833662,
0.7063339731285988,0.7005758157389635,0.5435990903079082,0.7005758157389635,0.5910710431320111,
0.6828793774319066,0.6750972762645915,0.5156792549724467,0.6750972762645915,0.5677920724927743,
0.6829268292682927,0.6848780487804879,0.534420448604382,0.6848780487804879,0.5722172024119896,
0.6813294232649071,0.6754643206256109,0.5300916171287768,0.6754643206256109,0.5721633441822428,
0.691468253968254,0.6884920634920635,0.5110950615500666,0.6884920634920635,0.5721707406538368,
0.6851851851851852,0.6929824561403509,0.5393975508906892,0.6929824561403509,0.5835966942329792,
0.7116324535679375,0.6959921798631477,0.5372130997359396,0.6959921798631477,0.601476393574212,
0.702729044834308,0.7056530214424951,0.573700143999919,0.7056530214424951,0.6014983821300813,
0.6936852026390198,0.6918001885014138,0.5247385658894388,0.6918001885014138,0.5833897299574266,
0.6947674418604651,0.6918604651162791,0.5467645123869683,0.6918604651162791,0.5948903209707901,
0.7032755298651252,0.7013487475915221,0.5457028541659484,0.7013487475915221,0.5969866862385641,
0.6862367661212705,0.6843118383060636,0.5387372997831648,0.6843118383060636,0.5626621655335254,
