Majority Class Accuracy,Accuracy,Precision,Recall,F Score,Support
0.4493731918997107,0.4474445515911283,0.34340043903771983,0.4474445515911283,0.37448662980150693,
0.48296007789678674,0.4800389483933788,0.38609643060948273,0.4800389483933788,0.4112640259320941,
0.4862298195631529,0.4577397910731244,0.3649228592837443,0.4577397910731244,0.3914000084256862,
0.46808510638297873,0.4758220502901354,0.38061562319911046,0.4758220502901354,0.40259955965108063,
0.47664442326024786,0.45662535748331745,0.37370465220805327,0.45662535748331745,0.38870403577203516,
0.45849802371541504,0.45454545454545453,0.34001747045225306,0.45454545454545453,0.3735601794724815,
0.4508670520231214,0.4325626204238921,0.3285883737836893,0.4325626204238921,0.3435602951098724,
0.4698318496538081,0.44906033630069236,0.3319937890592369,0.44906033630069236,0.36906679105918266,
0.4844054580896686,0.5087719298245614,0.40513847648620926,0.5087719298245614,0.42587837518572624,
0.4604878048780488,0.44390243902439025,0.3298942957441756,0.44390243902439025,0.36464171642357646,
0.49034749034749037,0.4922779922779923,0.42398930582219596,0.4922779922779923,0.4310598072634387,
0.4752186588921283,0.4684159378036929,0.38466872085978027,0.4684159378036929,0.39690294413636834,
0.48936170212765956,0.4709864603481625,0.3592662554266562,0.4709864603481625,0.39668749150176474,
0.4738372093023256,0.47674418604651164,0.3779948105095414,0.47674418604651164,0.4104658171256767,
0.44843897824030277,0.45695364238410596,0.3436940229745296,0.45695364238410596,0.365112855078194,
0.48148148148148145,0.4600389863547758,0.33172412470735496,0.4600389863547758,0.37295081990393797,
0.468503937007874,0.46062992125984253,0.3481107886986976,0.46062992125984253,0.3825943618409368,
0.4687199230028874,0.4667949951876805,0.37773403944507294,0.4667949951876805,0.4066975636675113,
0.4880239520958084,0.48403193612774453,0.391371652629154,0.48403193612774453,0.4078348923914087,
0.4786821705426357,0.47771317829457366,0.37287681023146146,0.47771317829457366,0.39896097649252626,
0.45681381957773515,0.4654510556621881,0.3541808467414345,0.4654510556621881,0.38185762579501187,
0.4905847373637265,0.4836471754212091,0.376625430390434,0.4836471754212091,0.40720993380570314,
0.48282630029440626,0.4847890088321884,0.37561897581735243,0.4847890088321884,0.4086135076643568,
0.5009823182711198,0.48428290766208254,0.3902132604908808,0.48428290766208254,0.4174663935235007,
0.46673095467695275,0.4783027965284474,0.3674777565654982,0.4783027965284474,0.393048616067986,
0.4771825396825397,0.4871031746031746,0.44136132009478435,0.4871031746031746,0.4201697836454864,
0.47572815533980584,0.46601941747572817,0.3742191268949898,0.46601941747572817,0.4045700831011574,
0.5,0.4873046875,0.3821597622013373,0.4873046875,0.41497329200156136,
0.4774509803921569,0.46862745098039216,0.3557503218089404,0.46862745098039216,0.38468084913244704,
0.4573947110675808,0.4476003917727718,0.35875057738401833,0.4476003917727718,0.37686842128713927,
