Majority Class Accuracy,Accuracy,Precision,Recall,F Score,Support
0.7082926829268292,0.6936585365853658,0.5478069966579755,0.6936585365853658,0.6014041763252183,
0.7102161100196464,0.6984282907662083,0.5554406982594442,0.6984282907662083,0.6074104160778586,
0.7110894941634242,0.7013618677042801,0.5772151593357873,0.7013618677042801,0.6171953806445358,
0.691190706679574,0.6640851887705711,0.5148349349026603,0.6640851887705711,0.5703765744566063,
0.704612365063788,0.6938174681059862,0.5753911803949644,0.6938174681059862,0.6143357748837969,
0.7058252427184466,0.7077669902912621,0.5874273512828212,0.7077669902912621,0.6193189505810384,
0.7048543689320388,0.6961165048543689,0.5570203991526579,0.6961165048543689,0.6092075400327828,
0.709613478691774,0.7056491575817642,0.5728222109602124,0.7056491575817642,0.6187631705271088,
0.6943105110896818,0.6817743490838959,0.527751856291772,0.6817743490838959,0.5820045884556538,
0.666005946481665,0.6521308225966304,0.5144832867825929,0.6521308225966304,0.5600707079715193,
0.6905697445972495,0.6787819253438114,0.551613427924506,0.6787819253438114,0.6010251566964415,
0.6984585741811176,0.6897880539499036,0.5681848607303969,0.6897880539499036,0.601690602398071,
0.7235693501454898,0.7138700290979632,0.5843162377810508,0.7138700290979632,0.6279074411697069,
0.6682926829268293,0.6634146341463415,0.520134247448698,0.6634146341463415,0.5576560262437594,
0.7012609117361784,0.6876818622696411,0.5439844297885926,0.6876818622696411,0.5991802684800421,
0.6824324324324325,0.6747104247104247,0.5510371038672924,0.6747104247104247,0.5875686551270666,
0.7034412955465587,0.6862348178137652,0.5649623889191472,0.6862348178137652,0.5994387971370804,
0.6774193548387096,0.6627565982404692,0.5155263809839327,0.6627565982404692,0.5633262457556328,
0.7044145873320538,0.6871401151631478,0.539676360796595,0.6871401151631478,0.6008155797224535,
0.7049808429118773,0.6867816091954023,0.5607727810187819,0.6867816091954023,0.6055161502832194,
0.7130350194552529,0.6809338521400778,0.5555856993626859,0.6809338521400778,0.6057695736872046,
0.709452736318408,0.6975124378109453,0.5509925964669767,0.6975124378109453,0.6068035119709156,
0.7038461538461539,0.6951923076923077,0.6008451283443366,0.6951923076923077,0.6095967528503543,
0.7223320158102767,0.7094861660079052,0.5659279453037104,0.7094861660079052,0.6222094215691443,
0.7096153846153846,0.6932692307692307,0.548688684503902,0.6932692307692307,0.6044217268147198,
0.703125,0.69140625,0.5661531982659505,0.69140625,0.61283923018593,
0.7037037037037037,0.6890838206627681,0.5587173632509358,0.6890838206627681,0.6115189667524824,
0.7116504854368932,0.6970873786407767,0.5658695592802291,0.6970873786407767,0.6178210494229655,
0.7103718199608611,0.6937377690802349,0.5648620229308503,0.6937377690802349,0.6104661472739314,
0.6836935166994106,0.6777996070726916,0.5468885375189547,0.6777996070726916,0.59111707487549,
