Majority Class Accuracy,Accuracy,Precision,Recall,F Score,Support
0.44379276637341153,0.44868035190615835,0.3488623231036996,0.44868035190615835,0.382305641856634,
0.4472168905950096,0.44817658349328215,0.3438207906423913,0.44817658349328215,0.37057490436183516,
0.44933078393881454,0.4340344168260038,0.34183631196086756,0.4340344168260038,0.36923142328688713,
0.4780915287244401,0.4625121713729309,0.37660742244161477,0.4625121713729309,0.3993802584836775,
0.4598825831702544,0.4481409001956947,0.34670709318965937,0.4481409001956947,0.3778808773345072,
0.44871794871794873,0.45857988165680474,0.35487581991651757,0.45857988165680474,0.3908336840649829,
0.4697855750487329,0.47076023391812866,0.3676128302975902,0.47076023391812866,0.39266153615460797,
0.4382775119617225,0.4267942583732057,0.3397223607527014,0.4267942583732057,0.35716644914073803,
0.48055832502492524,0.4715852442671984,0.365489511548658,0.4715852442671984,0.39874530456323465,
0.49034749034749037,0.47876447876447875,0.3820461874828853,0.47876447876447875,0.41635211401316896,
0.4621284755512943,0.44870565675934804,0.3438759186288777,0.44870565675934804,0.3819377251969446,
0.4445534838076546,0.43277723258096173,0.32667611536711305,0.43277723258096173,0.35786366184600016,
0.4801980198019802,0.4524752475247525,0.3500674849225293,0.4524752475247525,0.3881683899666298,
0.4790243902439024,0.4585365853658537,0.35935427270455816,0.4585365853658537,0.38308319568840243,
0.4601344860710855,0.4505283381364073,0.35369596634853795,0.4505283381364073,0.37758102354569506,
0.4544564152791381,0.4671890303623898,0.36694113302683945,0.4671890303623898,0.39719273783062475,
0.48046875,0.4580078125,0.3701352963515485,0.4580078125,0.39301040537441223,
0.4703595724003887,0.4616132167152575,0.3764008795492303,0.4616132167152575,0.39637310442963847,
0.4649122807017544,0.47076023391812866,0.37286360021378817,0.47076023391812866,0.40525041663891753,
0.4892367906066536,0.45596868884540115,0.3612801243054565,0.45596868884540115,0.3967066658745684,
0.43792766373411535,0.44868035190615835,0.33391000849667457,0.44868035190615835,0.3691744309532915,
0.4569471624266145,0.4452054794520548,0.3423815956509553,0.4452054794520548,0.3758611575212168,
0.4575609756097561,0.4653658536585366,0.38164330237166216,0.4653658536585366,0.4053172789870841,
0.47468958930276983,0.47373447946513847,0.41158119318949865,0.47373447946513847,0.416215931869073,
0.46449704142011833,0.44871794871794873,0.35972932599029744,0.44871794871794873,0.3727671709242884,
0.4658203125,0.4736328125,0.3862664573419497,0.4736328125,0.4077484182821651,
0.4601344860710855,0.46397694524495675,0.364038101526164,0.46397694524495675,0.3840853739114918,
0.46548323471400394,0.4546351084812623,0.3503910248713252,0.4546351084812623,0.38370064653209557,
0.46153846153846156,0.44655344655344653,0.351522840110372,0.44655344655344653,0.3708319549245938,
0.4541832669322709,0.45219123505976094,0.36300384622649345,0.45219123505976094,0.3798120671516758,
