Majority Class Accuracy,Accuracy,Precision,Recall,F Score,Support
0.12092130518234165,0.22936660268714013,0.22534820265081623,0.22936660268714013,0.22468433439949276,
0.12660731948565776,0.2433234421364985,0.24139589465778405,0.2433234421364985,0.23603549609608385,
0.12039800995024875,0.24875621890547264,0.23864943190718124,0.24875621890547264,0.24100247194079383,
0.12943432406519656,0.22722914669223393,0.2127503763194909,0.22722914669223393,0.2138352965024177,
0.12971926427879962,0.22168441432720232,0.2137843718928876,0.22168441432720232,0.20944642824620527,
0.14327485380116958,0.2290448343079922,0.23126736470441614,0.2290448343079922,0.2245521357140682,
0.1232876712328767,0.23972602739726026,0.2304467643240567,0.23972602739726026,0.22771461403708823,
0.13408876298394712,0.25684608120868746,0.25384057309400354,0.25684608120868746,0.25133933703120637,
0.13185755534167468,0.25601539942252166,0.25896915859499103,0.25601539942252166,0.2455115417637372,
0.1472569778633301,0.22136669874879691,0.2159868769700504,0.22136669874879691,0.21462242570071557,
0.13013698630136986,0.21428571428571427,0.21442731356266703,0.21428571428571427,0.21354415590406034,
0.13425468904244817,0.2428430404738401,0.23683008580414291,0.2428430404738401,0.23674520604399182,
0.12389380530973451,0.23402163225172073,0.23061439603574918,0.23402163225172073,0.22578165022662477,
0.09932497589199614,0.22950819672131148,0.21797843894951194,0.22950819672131148,0.21909932710564314,
0.1359691417550627,0.26325940212150434,0.25126709934326796,0.26325940212150434,0.2528154088287769,
0.1278493557978196,0.22695738354806738,0.2252198365070753,0.22695738354806738,0.22323788778038364,
0.1298828125,0.2421875,0.2375457419469465,0.2421875,0.23555352135165541,
0.11833171677982542,0.24248302618816683,0.24010748532930945,0.24248302618816683,0.2345437396935228,
0.12944664031620554,0.21541501976284586,0.20858246961882362,0.21541501976284586,0.20984152656469157,
0.11281070745697896,0.24091778202676864,0.23758902696451714,0.24091778202676864,0.2355485348438036,
0.13902205177372962,0.23202301054650049,0.2200122128605156,0.23202301054650049,0.22055978722788147,
0.12291052114060963,0.21337266470009833,0.20648913391375737,0.21337266470009833,0.2069008046868802,
0.11359223300970873,0.22718446601941747,0.22308128319193615,0.22718446601941747,0.22280206647067147,
0.12266928361138371,0.21589793915603533,0.2019932851973669,0.21589793915603533,0.20328585870268637,
0.11470588235294117,0.24411764705882352,0.2399518769243584,0.24411764705882352,0.23768118798815,
0.12800769971126083,0.19634263715110684,0.19148845653513416,0.19634263715110684,0.1920872641806002,
0.1393998063891578,0.24394966118102615,0.24434482466289845,0.24394966118102615,0.23474716604409318,
0.1328125,0.2275390625,0.22400862038366523,0.2275390625,0.22185851071287216,
0.12858555885262116,0.2344213649851632,0.23505920280613038,0.2344213649851632,0.22830326386592378,
0.10727969348659004,0.2021072796934866,0.20030387938377878,0.2021072796934866,0.19649086945430758,
