Majority Class Accuracy,Accuracy,Precision,Recall,F Score,Support
0.49078564500484967,0.489815712900097,0.3882606074495859,0.489815712900097,0.41919512615764903,
0.46199407699901285,0.4432379072063179,0.3332432333623607,0.4432379072063179,0.3689191484601862,
0.48540856031128404,0.4669260700389105,0.3608539935496811,0.4669260700389105,0.386075015292808,
0.4418145956607495,0.4280078895463511,0.3342133901362808,0.4280078895463511,0.3600234480482191,
0.4708691499522445,0.47182425978987586,0.3824247659061809,0.47182425978987586,0.40566414835677705,
0.4649122807017544,0.43567251461988304,0.3627525947298638,0.43567251461988304,0.38721079420093313,
0.48296007789678674,0.47030185004868547,0.34551157273929395,0.47030185004868547,0.38218567076267834,
0.47791952894995093,0.4759568204121688,0.3548037090258567,0.4759568204121688,0.3871627009559575,
0.46206225680933855,0.47373540856031127,0.3928186646052223,0.47373540856031127,0.4016136849299692,
0.47600391772771794,0.4691478942213516,0.3638687103821962,0.4691478942213516,0.3956885744787665,
0.4772065955383123,0.463627546071775,0.3688357820107533,0.463627546071775,0.39071316443958876,
0.4356060606060606,0.4318181818181818,0.33125736358733376,0.4318181818181818,0.3506620157084741,
0.4724950884086444,0.46463654223968565,0.36615098027815685,0.46463654223968565,0.3947001566415724,
0.466796875,0.4638671875,0.3614708383272938,0.4638671875,0.39050754185555525,
0.4721669980119284,0.4831013916500994,0.3980148259765647,0.4831013916500994,0.41317495637327245,
0.47888675623800386,0.4875239923224568,0.3841682477015548,0.4875239923224568,0.4115712553420854,
0.4689922480620155,0.4583333333333333,0.35804173491152747,0.4583333333333333,0.38474971775935324,
0.4766081871345029,0.4727095516569201,0.35938000553803334,0.4727095516569201,0.3882197672129277,
0.4801932367149758,0.4782608695652174,0.3930826846101661,0.4782608695652174,0.41100728917937535,
0.4776264591439689,0.47470817120622566,0.3715825052369668,0.47470817120622566,0.4011531367676634,
0.4690873405299313,0.4533856722276742,0.3458670748040645,0.4533856722276742,0.3785206418769449,
0.4985507246376812,0.47729468599033814,0.3588202126387063,0.47729468599033814,0.3944648397691453,
0.4594594594594595,0.4584942084942085,0.3857776625544397,0.4584942084942085,0.39267036277499096,
0.4600577478344562,0.4475457170356112,0.34080712904497557,0.4475457170356112,0.37379850770079953,
0.4849368318756074,0.4839650145772595,0.3725694050705522,0.4839650145772595,0.3973517365157723,
0.4750499001996008,0.47904191616766467,0.3808496888828247,0.47904191616766467,0.40291872570857296,
0.483743842364532,0.470935960591133,0.3804636186198871,0.470935960591133,0.40750846197369384,
0.44555444555444557,0.4485514485514486,0.3489147700069274,0.4485514485514486,0.371229458644197,
0.4886025768087215,0.4786917740336967,0.373672980776242,0.4786917740336967,0.4067187032244081,
0.45948616600790515,0.4634387351778656,0.36999369519180175,0.4634387351778656,0.39156051541382786,
