Majority Class Accuracy,Accuracy,Precision,Recall,F Score,Support
0.7045235803657363,0.7064485081809432,0.5633002932941685,0.7064485081809432,0.6171529434519271,
0.6950980392156862,0.6843137254901961,0.5497394517717827,0.6843137254901961,0.5990774343021577,
0.6836049856184084,0.6912751677852349,0.547209423945806,0.6912751677852349,0.5911870585391926,
0.7085769980506823,0.7056530214424951,0.5503465453757852,0.7056530214424951,0.604431925820721,
0.6803519061583577,0.6793743890518084,0.5365681231009952,0.6793743890518084,0.5725344717857496,
0.7056491575817642,0.707631318136769,0.5766884024588934,0.707631318136769,0.6216329513455381,
0.7090729783037475,0.7100591715976331,0.5564175754745965,0.7100591715976331,0.6109420728702496,
0.6965853658536585,0.6956097560975609,0.533670362158167,0.6956097560975609,0.5903744417725867,
0.7050147492625368,0.7020648967551623,0.5587752311684316,0.7020648967551623,0.6036547158175152,
0.7196172248803828,0.7033492822966507,0.5710083515758784,0.7033492822966507,0.6194450694056365,
0.7011494252873564,0.6877394636015326,0.540740851391482,0.6877394636015326,0.5979356067737391,
0.6974708171206225,0.6974708171206225,0.5826698656927909,0.6974708171206225,0.6130687386864991,
0.6777777777777778,0.6717171717171717,0.541820052375608,0.6717171717171717,0.5653651417307956,
0.6819960861056752,0.6712328767123288,0.523557089051483,0.6712328767123288,0.5788994634241293,
0.6778656126482213,0.6709486166007905,0.5194468809323,0.6709486166007905,0.5709491808221151,
0.7073170731707317,0.7082926829268292,0.5650594629773689,0.7082926829268292,0.608996688034944,
0.7047244094488189,0.6909448818897638,0.5465868428539904,0.6909448818897638,0.6021437573010955,
0.6978557504873294,0.6920077972709552,0.5430771246679976,0.6920077972709552,0.5827293617354018,
0.6759720837487537,0.6699900299102692,0.4928820097085792,0.6699900299102692,0.5522582483962032,
0.7151277013752456,0.7111984282907662,0.5841725159987812,0.7111984282907662,0.6255381138032032,
0.7057057057057057,0.6936936936936937,0.5330074111342291,0.6936936936936937,0.5943163574630619,
0.7259332023575639,0.7229862475442044,0.5708570453219952,0.7229862475442044,0.6224242613579332,
0.7055393586005831,0.6997084548104956,0.5351351318660851,0.6997084548104956,0.5995367331181299,
0.7131857555341675,0.697786333012512,0.5558844001383522,0.697786333012512,0.608152966890118,
0.6901960784313725,0.6686274509803921,0.5049622796435288,0.6686274509803921,0.5694568120748065,
0.7114818449460255,0.7055937193326791,0.5700369451018876,0.7055937193326791,0.6171795111116752,
0.712487899322362,0.7018393030009681,0.5542005049854963,0.7018393030009681,0.6082041076388418,
0.687866927592955,0.6722113502935421,0.4957616118854587,0.6722113502935421,0.5633994826942672,
0.7058232931726908,0.6917670682730924,0.5474054607970295,0.6917670682730924,0.6019605078136735,
0.7251231527093596,0.7083743842364532,0.5764606032395732,0.7083743842364532,0.6233242554610958,
