Majority Class Accuracy,Accuracy,Precision,Recall,F Score,Support
0.687992125984252,0.6860236220472441,0.5525031831752721,0.6860236220472441,0.5936075961525633,
0.6828793774319066,0.6750972762645915,0.5568320651152057,0.6750972762645915,0.5873816476121375,
0.7199211045364892,0.7130177514792899,0.5985682237248261,0.7130177514792899,0.6413920089429946,
0.6966731898238747,0.6819960861056752,0.5375500473050852,0.6819960861056752,0.5948667409007028,
0.7089108910891089,0.6831683168316832,0.5712762388754677,0.6831683168316832,0.6114893577764933,
0.6880466472303207,0.6656948493683188,0.516472010594633,0.6656948493683188,0.5766702736272665,
0.6871945259042033,0.6764418377321603,0.5190694806573174,0.6764418377321603,0.5759035637343285,
0.7004830917874396,0.6975845410628019,0.5599000651703983,0.6975845410628019,0.6033579554778359,
0.7080078125,0.701171875,0.5809588527432238,0.701171875,0.6227017467668373,
0.7133138969873664,0.6987366375121478,0.5833060500496771,0.6987366375121478,0.6232192274150925,
0.7087087087087087,0.6976976976976977,0.5507920681407873,0.6976976976976977,0.6082017209917292,
0.691333982473223,0.6923076923076923,0.5915452376478358,0.6923076923076923,0.609759125512603,
0.6824925816023739,0.66864490603363,0.5483871783069599,0.66864490603363,0.5834972224201322,
0.6841085271317829,0.6715116279069767,0.5651782084027155,0.6715116279069767,0.5921928470350368,
0.6719056974459725,0.6620825147347741,0.5072263362047251,0.6620825147347741,0.5532840634927607,
0.7110894941634242,0.7101167315175098,0.5949362302522868,0.7101167315175098,0.6260470165176414,
0.7309941520467836,0.7183235867446394,0.5887475914976015,0.7183235867446394,0.6349444678392047,
0.699616122840691,0.6900191938579654,0.5458826308016009,0.6900191938579654,0.6000187984946318,
0.7015503875968992,0.6782945736434108,0.5338542607129048,0.6782945736434108,0.5923657728254245,
0.6973811833171678,0.6876818622696411,0.5425443354051888,0.6876818622696411,0.5978142356013408,
0.7138755980861244,0.7043062200956938,0.5770491240608221,0.7043062200956938,0.6222860779658856,
0.6910331384015594,0.6910331384015594,0.5588790688666305,0.6910331384015594,0.5943007651403642,
0.6976744186046512,0.6947674418604651,0.5674707496749964,0.6947674418604651,0.6042531313416439,
0.6907829534192269,0.686818632309217,0.5643660321664433,0.686818632309217,0.5998930100633194,
0.7220602526724975,0.7133138969873664,0.5887083797004508,0.7133138969873664,0.6298454852129631,
0.7025691699604744,0.682806324110672,0.5655842148462162,0.682806324110672,0.6029314744866577,
0.6967615309126595,0.6840039254170756,0.5425010404445827,0.6840039254170756,0.5944593069849738,
0.6689320388349514,0.658252427184466,0.5251647203844502,0.658252427184466,0.5655292903148609,
0.7098344693281402,0.697176241480039,0.582754100571308,0.697176241480039,0.623885895401735,
0.7142857142857143,0.7015655577299413,0.5665921619789469,0.7015655577299413,0.6170697696281459,
