Majority Class Accuracy,Accuracy,Precision,Recall,F Score,Support
0.6848780487804879,0.6751219512195122,0.5245184572834755,0.6751219512195122,0.5842454781719808,
0.6929911154985192,0.6959526159921027,0.566140435570602,0.6959526159921027,0.5995696020855049,
0.6842619745845552,0.678396871945259,0.5358043605936995,0.678396871945259,0.5859848964126061,
0.6855721393034826,0.6676616915422886,0.5117369192131453,0.6676616915422886,0.5724207794079835,
0.6819066147859922,0.6653696498054474,0.5296231657384095,0.6653696498054474,0.5651407043059546,
0.6922330097087379,0.6776699029126214,0.5120683218219152,0.6776699029126214,0.5769502347833684,
0.6978346456692913,0.6929133858267716,0.5609258422409766,0.6929133858267716,0.6013108496267253,
0.6666666666666666,0.6597222222222222,0.5090059078042751,0.6597222222222222,0.5590821479613731,
0.7007874015748031,0.6958661417322834,0.5433883655983504,0.6958661417322834,0.6019078295956781,
0.6943359375,0.6943359375,0.5614911437665344,0.6943359375,0.5970269889760228,
0.6950146627565983,0.6891495601173021,0.5594456877738795,0.6891495601173021,0.6040556697980094,
0.712487899322362,0.7115198451113263,0.5899208523796701,0.7115198451113263,0.6274321166764962,
0.707876370887338,0.6999002991026919,0.5665469806795829,0.6999002991026919,0.6151844017089922,
0.6817733990147783,0.6729064039408867,0.5044134781860649,0.6729064039408867,0.5691964603008881,
0.704265402843602,0.6966824644549763,0.5408184688211181,0.6966824644549763,0.5935492480387882,
0.7262021589793916,0.7154072620215898,0.5705219521167842,0.7154072620215898,0.6239955668817858,
0.6923076923076923,0.6845180136319376,0.5315783328104381,0.6845180136319376,0.5802441552649592,
0.719560878243513,0.7155688622754491,0.5940274066702153,0.7155688622754491,0.6341484021039594,
0.688953488372093,0.6753875968992248,0.5335463514638991,0.6753875968992248,0.5796820836285315,
0.708092485549133,0.7013487475915221,0.5672463644044101,0.7013487475915221,0.6140108091150837,
0.694,0.701,0.5718862433862434,0.701,0.608430176219359,
0.6923837784371909,0.6775469831849654,0.5273060333900644,0.6775469831849654,0.5844214187344606,
0.6735092864125122,0.6686217008797654,0.5262153679296347,0.6686217008797654,0.5612662617783872,
0.7046332046332047,0.6998069498069498,0.5398359359783692,0.6998069498069498,0.5903060067852537,
0.6932270916334662,0.6802788844621513,0.5428835661423227,0.6802788844621513,0.5940870346774189,
0.713026444662096,0.703232125367287,0.5658920785823977,0.703232125367287,0.6148133509597037,
0.688780487804878,0.6829268292682927,0.5658115043206288,0.6829268292682927,0.5812136018681795,
0.6935323383084577,0.6955223880597015,0.5629858310785255,0.6955223880597015,0.6006926641703577,
0.6918547595682041,0.6820412168792934,0.5439925151827987,0.6820412168792934,0.5922531808556418,
0.694015444015444,0.6785714285714286,0.5362481889168901,0.6785714285714286,0.5920304492936995,
