Majority Class Accuracy,Accuracy,Precision,Recall,F Score,Support
0.7004830917874396,0.6898550724637681,0.5406708558048489,0.6898550724637681,0.5977443902450459,
0.6918604651162791,0.689922480620155,0.5489976517365143,0.689922480620155,0.581656569183344,
0.7109144542772862,0.7059980334316618,0.5710067659233216,0.7059980334316618,0.6192442699431997,
0.6982591876208898,0.6934235976789168,0.5464423530317465,0.6934235976789168,0.5851715029398922,
0.7078109932497589,0.7049180327868853,0.5575292596610396,0.7049180327868853,0.6123672732369617,
0.6996086105675147,0.6819960861056752,0.521996719485304,0.6819960861056752,0.5830796464788265,
0.6717998075072185,0.6631376323387873,0.4851731810680852,0.6631376323387873,0.5493408746448768,
0.7100591715976331,0.6903353057199211,0.5560132902768186,0.6903353057199211,0.6021580104315799,
0.7057673509286413,0.7067448680351907,0.5495145863724729,0.7067448680351907,0.607813868080742,
0.6990196078431372,0.6970588235294117,0.552358383172017,0.6970588235294117,0.6028424833001557,
0.7007952286282306,0.6888667992047713,0.5594949615611055,0.6888667992047713,0.6036716325690922,
0.699616122840691,0.7015355086372361,0.5583161314646594,0.7015355086372361,0.603955302511881,
0.6953125,0.6845703125,0.5508234064142267,0.6845703125,0.5911858559928227,
0.6968810916179338,0.6998050682261209,0.5578661613880326,0.6998050682261209,0.6029699827512504,
0.6901960784313725,0.6823529411764706,0.5073060645023036,0.6823529411764706,0.5743900994420025,
0.690978886756238,0.6919385796545106,0.5512309917404635,0.6919385796545106,0.5833531262857526,
0.7030481809242871,0.6951819075712881,0.5450811746613503,0.6951819075712881,0.6007164511098821,
0.7041707080504365,0.6876818622696411,0.567570226354433,0.6876818622696411,0.5933588372529355,
0.7034068136272545,0.7064128256513026,0.5670444928223661,0.7064128256513026,0.6181102501403655,
0.6793969849246231,0.6793969849246231,0.5373048681735778,0.6793969849246231,0.5807316297848072,
0.6962151394422311,0.6852589641434262,0.5527952434528258,0.6852589641434262,0.5941789358730296,
0.6829268292682927,0.6702439024390244,0.49206527460958066,0.6702439024390244,0.5635763553303759,
0.7038499506416585,0.6910167818361304,0.5590982700961481,0.6910167818361304,0.6091588351121673,
0.6961271102284012,0.7000993048659384,0.5462742091322421,0.7000993048659384,0.5939990389585822,
0.7066276803118908,0.7105263157894737,0.5594631328576284,0.7105263157894737,0.6135684124680425,
0.6989247311827957,0.6871945259042033,0.5615539559821086,0.6871945259042033,0.5903470925917356,
0.7147117296222664,0.709741550695825,0.5617829750860377,0.709741550695825,0.6155530427541701,
0.696,0.674,0.5370387583466186,0.674,0.5886199540230908,
0.690522243713733,0.6808510638297872,0.5150136730474222,0.6808510638297872,0.5770443984970764,
0.7073170731707317,0.6965853658536585,0.554379750531512,0.6965853658536585,0.6026838738700415,
