Majority Class Accuracy,Accuracy,Precision,Recall,F Score,Support
0.7046783625730995,0.6900584795321637,0.5484691643191341,0.6900584795321637,0.601754575180063,
0.6811175337186898,0.6695568400770713,0.5375746308783049,0.6695568400770713,0.5767894090479704,
0.7166504381694255,0.6932814021421616,0.5685049616564464,0.6932814021421616,0.613868324996776,
0.7092337917485265,0.6984282907662083,0.558943156552136,0.6984282907662083,0.6090158184268528,
0.6881720430107527,0.6832844574780058,0.5438149554900824,0.6832844574780058,0.5761007551638648,
0.6961271102284012,0.6812313803376365,0.5650040276099257,0.6812313803376365,0.59799230386672,
0.7369970559371933,0.7134445534838076,0.5972518953257787,0.7134445534838076,0.644953965488042,
0.6972034715525555,0.6991321118611379,0.5695529168645074,0.6991321118611379,0.6016342369459118,
0.7,0.6902912621359223,0.5599797696399639,0.6902912621359223,0.601792316499082,
0.6932692307692307,0.6836538461538462,0.5358679099375835,0.6836538461538462,0.5855514314700347,
0.7117988394584139,0.7040618955512572,0.5774322382125753,0.7040618955512572,0.6213992534019918,
0.7199602780536246,0.7030784508440914,0.5816998983284012,0.7030784508440914,0.6263075954402512,
0.7069133398247323,0.7020447906523856,0.589943354000737,0.7020447906523856,0.6230270389283995,
0.6922320550639135,0.6794493608652901,0.5521636575327119,0.6794493608652901,0.5905313591966092,
0.7048192771084337,0.678714859437751,0.540668203559687,0.678714859437751,0.5926122377709597,
0.7069133398247323,0.6845180136319376,0.5561422498515661,0.6845180136319376,0.6085466606296331,
0.6988416988416989,0.6824324324324325,0.5482585513641414,0.6824324324324325,0.5931706941833694,
0.7063492063492064,0.7073412698412699,0.5759713299129886,0.7073412698412699,0.6223841873246669,
0.7016848364717542,0.6927651139742319,0.542764154422096,0.6927651139742319,0.5919193073014541,
0.685131195335277,0.6676384839650146,0.5262132927705243,0.6676384839650146,0.5689937440844548,
0.7144278606965174,0.690547263681592,0.547668504527814,0.690547263681592,0.604950555461445,
0.7041306436119116,0.6983669548511047,0.5562361862811711,0.6983669548511047,0.6046935451785074,
0.7094861660079052,0.7055335968379447,0.5694794316906909,0.7055335968379447,0.6183255543438316,
0.6904055390702275,0.6716122650840751,0.6029735993540851,0.6716122650840751,0.5861014932420515,
0.6939364773820982,0.6881616939364774,0.5329339661256955,0.6881616939364774,0.5883016970905361,
0.7100881488736532,0.6944172380019589,0.5717630125153529,0.6944172380019589,0.6127002702089843,
0.7002997002997003,0.6923076923076923,0.554820572098059,0.6923076923076923,0.5956847500325761,
0.6824457593688363,0.6715976331360947,0.5215588789298624,0.6715976331360947,0.5751012060346018,
0.6933461909353905,0.6779170684667309,0.530953778517822,0.6779170684667309,0.5854750741447797,
0.706511175898931,0.7016520894071915,0.5618319517686161,0.7016520894071915,0.6134375094054154,
