Majority Class Accuracy,Accuracy,Precision,Recall,F Score,Support
0.4819512195121951,0.4897560975609756,0.3989281987599809,0.4897560975609756,0.4100147240779226,
0.5058939096267191,0.4577603143418468,0.36474269587464936,0.4577603143418468,0.39667005449497866,
0.5,0.49142857142857144,0.41755072739847177,0.49142857142857144,0.4156948439894237,
0.4697855750487329,0.4756335282651072,0.3625412520091652,0.4756335282651072,0.3899962988839488,
0.5044334975369458,0.5054187192118227,0.40104581428580893,0.5054187192118227,0.4251417027352153,
0.504,0.492,0.3802680532437349,0.492,0.41543401742618025,
0.4853801169590643,0.4766081871345029,0.3795268872203011,0.4766081871345029,0.4020749481069165,
0.4755381604696673,0.4706457925636008,0.3921879922695424,0.4706457925636008,0.3983852378048809,
0.47109826589595377,0.47109826589595377,0.3632393795638666,0.47109826589595377,0.392982969148843,
0.4599033816425121,0.45603864734299515,0.34341679738351605,0.45603864734299515,0.3796774641164601,
0.4521224086870681,0.46791707798617965,0.36861234176933527,0.46791707798617965,0.3914104428100799,
0.47619047619047616,0.4684159378036929,0.35359152233541424,0.4684159378036929,0.3879261064765911,
0.48086359175662413,0.48282630029440626,0.3730042160672947,0.48282630029440626,0.3998963628984713,
0.4892367906066536,0.47162426614481406,0.35477315759866257,0.47162426614481406,0.39377950715561355,
0.46085232903865214,0.4717542120911794,0.3864338075230344,0.4717542120911794,0.4057260190441504,
0.4828599412340842,0.47992164544564153,0.37592295549402205,0.47992164544564153,0.402523538940468,
0.4571984435797665,0.448443579766537,0.3313126569953592,0.448443579766537,0.3659795066081931,
0.4613899613899614,0.4469111969111969,0.3312354795592092,0.4469111969111969,0.35814355644467843,
0.4454106280193237,0.43478260869565216,0.3170202423074934,0.43478260869565216,0.35391797550683796,
0.4370664023785927,0.4360753221010902,0.3420544268837838,0.4360753221010902,0.3692849689590966,
0.4714566929133858,0.45177165354330706,0.3321855479055051,0.45177165354330706,0.3656674830540759,
0.4528112449799197,0.4538152610441767,0.35287399048651463,0.4538152610441767,0.3789366441037565,
0.4509415262636274,0.4489593657086224,0.34164697964681584,0.4489593657086224,0.3740250285748391,
0.47572815533980584,0.46310679611650485,0.3571012096650465,0.46310679611650485,0.39396360295030447,
0.4886251236399604,0.4540059347181009,0.35923211389365217,0.4540059347181009,0.3925990166345818,
0.42084562438544737,0.42379547689282204,0.32500841930285745,0.42379547689282204,0.3365790506966916,
0.4704724409448819,0.45866141732283466,0.3686154277553266,0.45866141732283466,0.38643089191308855,
0.4482758620689655,0.4433497536945813,0.3266930299129775,0.4433497536945813,0.35510908960904664,
0.4787234042553192,0.4796905222437137,0.3737394454274778,0.4796905222437137,0.40274019944200373,
0.48202137998056366,0.4713313896987366,0.37183096677882543,0.4713313896987366,0.39530665846897284,
