Majority Class Accuracy,Accuracy,Precision,Recall,F Score,Support
0.693516699410609,0.6905697445972495,0.5436297059434249,0.6905697445972495,0.5841097617549575,
0.6762092793682132,0.667324777887463,0.49955639280585196,0.667324777887463,0.5622883670595517,
0.7144268774703557,0.7075098814229249,0.5687466169009264,0.7075098814229249,0.6119713595502457,
0.6979472140762464,0.6852394916911045,0.5475813943705257,0.6852394916911045,0.5981600156150734,
0.6743718592964824,0.6603015075376885,0.49630309667998107,0.6603015075376885,0.5580978945755535,
0.7067961165048544,0.6970873786407767,0.5406841733801555,0.6970873786407767,0.597104850766432,
0.6896217264791464,0.6838021338506305,0.5360231063003928,0.6838021338506305,0.584937140323774,
0.691699604743083,0.6946640316205533,0.5768470659775007,0.6946640316205533,0.5906878370566989,
0.66864490603363,0.6646884272997032,0.5009815421578167,0.6646884272997032,0.5500970549676475,
0.6867119301648884,0.6818622696411252,0.5576204139916555,0.6818622696411252,0.5951595610710657,
0.6892822025565388,0.6745329400196657,0.5054902243876982,0.6745329400196657,0.5682549404512294,
0.682341650671785,0.6746641074856046,0.5282765281030897,0.6746641074856046,0.569528523354923,
0.702085402184707,0.6881827209533267,0.5437064541766411,0.6881827209533267,0.5960678685568221,
0.6970278044103547,0.6874400767018217,0.5470724984147803,0.6874400767018217,0.5866802352690597,
0.6985074626865672,0.6935323383084577,0.5349517764300299,0.6935323383084577,0.585357887319644,
0.7037401574803149,0.6929133858267716,0.5605514694053584,0.6929133858267716,0.6047683502810641,
0.7118811881188118,0.7019801980198019,0.575296623258385,0.7019801980198019,0.6101532479551608,
0.71875,0.7109375,0.5609564756059894,0.7109375,0.6190904329123154,
0.7138728323699421,0.7061657032755299,0.5645249500018287,0.7061657032755299,0.608056646585282,
0.6985365853658536,0.6897560975609756,0.5364315427203352,0.6897560975609756,0.5893234548460378,
0.725883476599809,0.7106017191977078,0.5793589949514936,0.7106017191977078,0.6345235692397825,
0.6976076555023923,0.691866028708134,0.5479291999866163,0.691866028708134,0.5904397693597572,
0.7101879327398615,0.7082096933728981,0.5974211337760023,0.7082096933728981,0.6224736594793542,
0.6751717369970559,0.6673209028459274,0.4772873484600668,0.6673209028459274,0.5497571107710767,
0.6939571150097466,0.6871345029239766,0.5300782506163576,0.6871345029239766,0.5859183198035949,
0.6892430278884463,0.6902390438247012,0.5459387476382588,0.6902390438247012,0.5924865897874654,
0.6946341463414634,0.6907317073170731,0.5373207230388802,0.6907317073170731,0.592694808011186,
0.6585127201565558,0.6545988258317026,0.5146659816244311,0.6545988258317026,0.5491911340941423,
0.6717411988582302,0.6745956232159848,0.5388122825574225,0.6745956232159848,0.5767660988514051,
0.684971098265896,0.6840077071290944,0.5203809301195578,0.6840077071290944,0.574033185019709,
