Majority Class Accuracy,Accuracy,Precision,Recall,F Score,Support
0.7111111111111111,0.6985507246376812,0.5352966175518314,0.6985507246376812,0.6015218100953887,
0.66864490603363,0.655786350148368,0.5090281221765031,0.655786350148368,0.5651875290969753,
0.6928361138370952,0.6741903827281649,0.5560238491437025,0.6741903827281649,0.5974827764925914,
0.6934235976789168,0.6847195357833655,0.5545630432773498,0.6847195357833655,0.6034217961214503,
0.7025440313111546,0.6722113502935421,0.5327276642394503,0.6722113502935421,0.5868153743394072,
0.6956097560975609,0.6829268292682927,0.5459089802980409,0.6829268292682927,0.5946741285256318,
0.7062256809338522,0.693579766536965,0.5646828672347071,0.693579766536965,0.6147954597682475,
0.7180487804878048,0.6995121951219512,0.5728204570815761,0.6995121951219512,0.6229450184540403,
0.7054794520547946,0.6976516634050881,0.5610903946992427,0.6976516634050881,0.6148021547853177,
0.7155090390104663,0.7050428163653664,0.5689448334831764,0.7050428163653664,0.6211905046878275,
0.6774509803921569,0.6519607843137255,0.5275994080034838,0.6519607843137255,0.5648232834259163,
0.709280303030303,0.6875,0.5728590568187087,0.6875,0.6137684742522697,
0.714975845410628,0.7033816425120772,0.5891096355587897,0.7033816425120772,0.625676084039387,
0.7116324535679375,0.7008797653958945,0.5670957374329809,0.7008797653958945,0.6166625080471337,
0.7160852713178295,0.7112403100775194,0.6053830980066446,0.7112403100775194,0.621794826829716,
0.7016520894071915,0.6919339164237124,0.5342140156041126,0.6919339164237124,0.5944114046185769,
0.7030185004868549,0.6864654333008764,0.5470436093944232,0.6864654333008764,0.6001139307576822,
0.6900584795321637,0.6783625730994152,0.5538834366092749,0.6783625730994152,0.5905879173396255,
0.692458374142997,0.6904995102840352,0.5871680168547353,0.6904995102840352,0.6118016153536889,
0.6822244289970208,0.6613704071499503,0.5230156580702757,0.6613704071499503,0.5736698724576682,
0.693069306930693,0.6841584158415842,0.5533974599991646,0.6841584158415842,0.5892565439133454,
0.6718597857838364,0.6621226874391432,0.5212767559780378,0.6621226874391432,0.5699079612370752,
0.7041015625,0.69140625,0.5586951517826011,0.69140625,0.6011581295367894,
0.6914995224450812,0.6714422158548233,0.5486343890416316,0.6714422158548233,0.5947427712621499,
0.7091439688715954,0.6945525291828794,0.5782360032887144,0.6945525291828794,0.6207764797731409,
0.7018943170488534,0.6909272183449651,0.547160445857289,0.6909272183449651,0.6014474060336473,
0.7116858237547893,0.6915708812260536,0.5787579991941046,0.6915708812260536,0.6226588612452898,
0.7134502923976608,0.7007797270955166,0.5806317679554146,0.7007797270955166,0.6198860019340536,
0.7180746561886051,0.7151277013752456,0.5885048691956175,0.7151277013752456,0.6242047185822895,
0.6882745471877979,0.67302192564347,0.5251541559598413,0.67302192564347,0.5783958324836909,
