Majority Class Accuracy,Accuracy,Precision,Recall,F Score,Support
0.6946564885496184,0.6860687022900763,0.5438342826684097,0.6860687022900763,0.5940124869622763,
0.6944990176817288,0.6827111984282908,0.5557532218306012,0.6827111984282908,0.5915944304702158,
0.7023346303501945,0.6984435797665369,0.5784734905635406,0.6984435797665369,0.6215935126612773,
0.6830225711481845,0.6741903827281649,0.5394228916561431,0.6741903827281649,0.5879586814285933,
0.683852140077821,0.6789883268482491,0.4998072790200815,0.6789883268482491,0.5699115619136188,
0.7112195121951219,0.7102439024390244,0.5795934649184193,0.7102439024390244,0.627493357737131,
0.7108910891089109,0.7,0.5674315666860804,0.7,0.6124876729452877,
0.7016520894071915,0.6938775510204082,0.5537129167937928,0.6938775510204082,0.6009070800927732,
0.7085769980506823,0.6978557504873294,0.5596918995018411,0.6978557504873294,0.6123618904997363,
0.6713147410358565,0.6613545816733067,0.5203134551740128,0.6613545816733067,0.5597750712512997,
0.718172983479106,0.706511175898931,0.5516743038067358,0.706511175898931,0.6156425948293459,
0.6910331384015594,0.6793372319688109,0.5494865675156829,0.6793372319688109,0.5950815838533011,
0.6918547595682041,0.6800785083415113,0.5193202221159441,0.6800785083415113,0.5830373146520446,
0.6932153392330384,0.6843657817109144,0.5542337322573311,0.6843657817109144,0.6004366626562405,
0.6814595660749507,0.6627218934911243,0.5113486106718196,0.6627218934911243,0.5710015724113483,
0.6982248520710059,0.6824457593688363,0.5455785415923777,0.6824457593688363,0.5961497800093636,
0.6892156862745098,0.6774509803921569,0.5208997832709726,0.6774509803921569,0.5795600863949735,
0.6923837784371909,0.6775469831849654,0.5243646037427102,0.6775469831849654,0.581758065878606,
0.6932692307692307,0.6875,0.5511651346557008,0.6875,0.6028907386146192,
0.7068627450980393,0.696078431372549,0.5652444768063429,0.696078431372549,0.613138513138777,
0.6955280685061845,0.698382492863939,0.5710529474477076,0.698382492863939,0.6032430546573125,
0.7127555988315482,0.7088607594936709,0.5665256838458445,0.7088607594936709,0.6108834844963185,
0.6653919694072657,0.6567877629063098,0.49449406643338284,0.6567877629063098,0.5516001778287294,
0.7203791469194313,0.7118483412322275,0.5774609587444643,0.7118483412322275,0.6319552129061379,
0.727363184079602,0.7114427860696517,0.5813032970530874,0.7114427860696517,0.6286834049584812,
0.7113502935420744,0.700587084148728,0.5456778840195282,0.700587084148728,0.606506231379936,
0.712632594021215,0.7020250723240116,0.568958582401561,0.7020250723240116,0.6126709468387592,
0.678082191780822,0.6771037181996086,0.5454960119152604,0.6771037181996086,0.5902174123543987,
0.7272727272727273,0.7011605415860735,0.5780753808515393,0.7011605415860735,0.625985979611527,
0.6871896722939425,0.6693147964250248,0.4997491615029609,0.6693147964250248,0.5676729315127061,
