Majority Class Accuracy,Accuracy,Precision,Recall,F Score,Support
0.7098344693281402,0.7039922103213242,0.5800854360294527,0.7039922103213242,0.6196362095006179,
0.722167487684729,0.7083743842364532,0.57175455881082,0.7083743842364532,0.6232505501489837,
0.6932814021421616,0.6738072054527751,0.5553837419227166,0.6738072054527751,0.5919323128485029,
0.7169441723800196,0.7140058765915769,0.5873948259944043,0.7140058765915769,0.6343455115711316,
0.7242424242424242,0.701010101010101,0.5811788951788952,0.701010101010101,0.629099423986201,
0.6936936936936937,0.6916916916916916,0.5661794980329942,0.6916916916916916,0.5992804961624807,
0.7035225048923679,0.6741682974559687,0.5405527811482066,0.6741682974559687,0.5947926409758839,
0.7137176938369781,0.6938369781312127,0.5429058855265082,0.6938369781312127,0.6036620438285917,
0.7115198451113263,0.6999031945788964,0.557393253511745,0.6999031945788964,0.6125964184690417,
0.6935014548981572,0.6847720659553831,0.5537977397949576,0.6847720659553831,0.5947357452842236,
0.6936758893280632,0.6897233201581028,0.5568076202785275,0.6897233201581028,0.5974490003109844,
0.7125867195242814,0.6997026759167493,0.5720783331850293,0.6997026759167493,0.6245104746271806,
0.685131195335277,0.673469387755102,0.5387145712601561,0.673469387755102,0.5867500833927353,
0.7145575642245481,0.7069457659372027,0.5685279643127861,0.7069457659372027,0.6189406648847849,
0.7279920870425322,0.7002967359050445,0.5597094492085413,0.7002967359050445,0.6198577889334406,
0.6871345029239766,0.6744639376218323,0.5282122805199363,0.6744639376218323,0.5814230592577995,
0.7145650048875856,0.70772238514174,0.5640504803544268,0.70772238514174,0.6177579649407697,
0.709452736318408,0.7064676616915423,0.5596651662323305,0.7064676616915423,0.6158945376200476,
0.6884765625,0.673828125,0.5349708362042566,0.673828125,0.5874047948882076,
0.7086999022482894,0.6979472140762464,0.5676837245458017,0.6979472140762464,0.61378450662031,
0.7123015873015873,0.7073412698412699,0.5962928486290036,0.7073412698412699,0.6218047004027644,
0.6937377690802349,0.6771037181996086,0.5426139574345942,0.6771037181996086,0.5939651837684641,
0.688412852969815,0.6796494644595911,0.5449960668366246,0.6796494644595911,0.5897383434220643,
0.7094861660079052,0.6847826086956522,0.5555124760480722,0.6847826086956522,0.6051368872484126,
0.6781157998037292,0.6810598626104023,0.5795560077379627,0.6810598626104023,0.592220160387905,
0.6953966699314398,0.6777668952007836,0.5723381673998366,0.6777668952007836,0.6041255069301036,
0.6987951807228916,0.6887550200803213,0.5550862433495112,0.6887550200803213,0.6044964401443239,
0.7013232514177694,0.6899810964083176,0.5457453220459714,0.6899810964083176,0.6061078696383781,
0.7041420118343196,0.6942800788954635,0.5555901461673813,0.6942800788954635,0.6044318048149688,
0.6982758620689655,0.6800766283524904,0.5497524117405582,0.6800766283524904,0.5941809000643741,
