Majority Class Accuracy,Accuracy,Precision,Recall,F Score,Support
0.6951456310679611,0.6922330097087379,0.5561486866697288,0.6922330097087379,0.5929111477279069,
0.6972386587771203,0.6923076923076923,0.5314217126125066,0.6923076923076923,0.5888670037522566,
0.6944444444444444,0.6746031746031746,0.49339170366002144,0.6746031746031746,0.5673477950360082,
0.7245098039215686,0.7205882352941176,0.5698920578332343,0.7205882352941176,0.621697443441729,
0.7088607594936709,0.7039922103213242,0.5436873433737558,0.7039922103213242,0.601097437528047,
0.6801541425818882,0.6888246628131022,0.5352794228321729,0.6888246628131022,0.5906860529393183,
0.689892051030422,0.6849852796859667,0.5375163426199587,0.6849852796859667,0.5841278519082702,
0.6935638808837656,0.6897214217098944,0.4877795874768115,0.6897214217098944,0.5701646995758246,
0.7157894736842105,0.7110047846889952,0.5623491426179824,0.7110047846889952,0.6164559773140266,
0.6767200754005656,0.6720075400565504,0.48479488596164466,0.6720075400565504,0.5496331381778301,
0.6883239171374764,0.6902071563088512,0.5242976769571328,0.6902071563088512,0.5750714557641602,
0.6852207293666027,0.6833013435700576,0.5047190351862476,0.6833013435700576,0.5633730807520112,
0.7117818889970788,0.7078870496592016,0.5744356501781834,0.7078870496592016,0.617060528687513,
0.7217898832684825,0.7159533073929961,0.5630249061194539,0.7159533073929961,0.6120719358526019,
0.6984282907662083,0.6925343811394892,0.5345892491847771,0.6925343811394892,0.5935728330078559,
0.7087857847976308,0.6929911154985192,0.5405073848842205,0.6929911154985192,0.5962963063587099,
0.690522243713733,0.688588007736944,0.538661960561078,0.688588007736944,0.581773540437686,
0.697029702970297,0.69009900990099,0.5211186979907686,0.69009900990099,0.5862097132253814,
0.6936299292214358,0.6905965621840243,0.5377055831866648,0.6905965621840243,0.5930615700618074,
0.6857142857142857,0.677832512315271,0.5040297773720065,0.677832512315271,0.5658910287150569,
0.7032193158953722,0.6991951710261569,0.5303190651974532,0.6991951710261569,0.5963525811788617,
0.7037401574803149,0.6988188976377953,0.5628808041671811,0.6988188976377953,0.6019339088114043,
0.691089108910891,0.6831683168316832,0.5084782188393557,0.6831683168316832,0.5756382502755504,
0.7090909090909091,0.6976076555023923,0.5510737958749099,0.6976076555023923,0.5974079043016021,
0.6861386138613862,0.6821782178217822,0.5101805500997709,0.6821782178217822,0.5693165873299907,
0.6980582524271844,0.6815533980582524,0.5210261004901621,0.6815533980582524,0.5866154509402471,
0.6959921798631477,0.6930596285434996,0.5359258634542643,0.6930596285434996,0.5853408329860195,
0.6813819577735125,0.6737044145873321,0.510373443434115,0.6737044145873321,0.5729741445319001,
0.7015655577299413,0.6947162426614482,0.5273693600232633,0.6947162426614482,0.5843805742161376,
0.7106976744186047,0.7125581395348837,0.5980353714484646,0.7125581395348837,0.6122854347380275,
