Majority Class Accuracy,Accuracy,Precision,Recall,F Score,Support
0.1312127236580517,0.23757455268389663,0.2306114251921699,0.23757455268389663,0.22955970099100745,
0.12815533980582525,0.22427184466019418,0.2196911403709286,0.22427184466019418,0.21875651144585642,
0.11500974658869395,0.2212475633528265,0.2172206015987055,0.2212475633528265,0.21265232268330317,
0.11695906432748537,0.2573099415204678,0.254509771852533,0.2573099415204678,0.2513326561847144,
0.1268939393939394,0.24053030303030304,0.24022875988243114,0.24053030303030304,0.23319582576439804,
0.12757605495583907,0.2296368989205103,0.22625785217973884,0.2296368989205103,0.2238657942985092,
0.10622009569377991,0.2430622009569378,0.23375487487120822,0.2430622009569378,0.23457419743430485,
0.12007874015748031,0.24015748031496062,0.23398382792384237,0.24015748031496062,0.2312264645508189,
0.13163064833005894,0.22298624754420432,0.217147255417751,0.22298624754420432,0.2164944140805505,
0.12687312687312688,0.22377622377622378,0.2221996882527883,0.22377622377622378,0.21884679663783704,
0.12307692307692308,0.24519230769230768,0.23235260973863583,0.24519230769230768,0.23350225376179504,
0.1310344827586207,0.22660098522167488,0.23120347978302908,0.22660098522167488,0.21738096623113135,
0.11067961165048544,0.2262135922330097,0.2244983154754775,0.2262135922330097,0.21913776521288372,
0.12390243902439024,0.24390243902439024,0.23756179067416675,0.24390243902439024,0.23676946963837775,
0.13353413654618473,0.24497991967871485,0.23166103059841223,0.24497991967871485,0.23166657239849553,
0.1310344827586207,0.2413793103448276,0.23169167443331065,0.2413793103448276,0.2305967387692014,
0.1399014778325123,0.2374384236453202,0.23159301160466897,0.2374384236453202,0.23157130689462374,
0.12610837438423644,0.22857142857142856,0.23172575508586463,0.22857142857142856,0.22540953817002363,
0.1377601585728444,0.24380574826560952,0.23257449340971437,0.24380574826560952,0.23289270990520863,
0.11946050096339114,0.23410404624277456,0.22105226892418933,0.23410404624277456,0.2233580231496905,
0.15107212475633527,0.2309941520467836,0.21866668823506447,0.2309941520467836,0.21840534410290485,
0.12233009708737864,0.24660194174757283,0.23004906747074702,0.24660194174757283,0.23332130223161335,
0.10675808031341821,0.23212536728697356,0.22751506432315427,0.23212536728697356,0.22748233347285213,
0.10746268656716418,0.2417910447761194,0.24334320123910297,0.2417910447761194,0.2383514781144952,
0.12598425196850394,0.234251968503937,0.2165800220961765,0.234251968503937,0.21971715257234029,
0.13816425120772946,0.23671497584541062,0.2311323791979849,0.23671497584541062,0.2309366107476416,
0.12732615083251714,0.22037218413320275,0.21541814714881702,0.22037218413320275,0.21671742965262178,
0.13391984359726294,0.25024437927663734,0.2421206072161316,0.25024437927663734,0.24244531710583925,
0.12737642585551331,0.24524714828897337,0.23284628887519587,0.24524714828897337,0.2322182275323961,
0.13293650793650794,0.23115079365079366,0.22851787412179073,0.23115079365079366,0.22602578618776806,
