Majority Class Accuracy,Accuracy,Precision,Recall,F Score,Support
0.6998050682261209,0.6949317738791423,0.5501721963235788,0.6949317738791423,0.5930690640467291,
0.6818181818181818,0.6739130434782609,0.5272035575798029,0.6739130434782609,0.5761158479100508,
0.7134502923976608,0.7007797270955166,0.5697498694649966,0.7007797270955166,0.618684159344634,
0.7016520894071915,0.6958211856171039,0.5444863461153039,0.6958211856171039,0.6031309622260594,
0.6987242394504416,0.6859666339548577,0.519840329771635,0.6859666339548577,0.5823599843090986,
0.6929740134744947,0.685274302213667,0.5169007593849944,0.685274302213667,0.5815787359127205,
0.6941986234021632,0.6912487708947886,0.5633132270954259,0.6912487708947886,0.6123235232873087,
0.682806324110672,0.6808300395256917,0.5452429832295775,0.6808300395256917,0.5881792756870187,
0.711,0.7,0.556088966501427,0.7,0.6051196471182876,
0.7003891050583657,0.6741245136186771,0.541960694936705,0.6741245136186771,0.5922425136326216,
0.7001934235976789,0.6924564796905223,0.5476519017978553,0.6924564796905223,0.6031789345994344,
0.7061657032755299,0.6907514450867052,0.5455881626401856,0.6907514450867052,0.6042835255068122,
0.6834462729912875,0.6708615682478218,0.5327115588961304,0.6708615682478218,0.5858496693156631,
0.6784313725490196,0.6794117647058824,0.5594978632478632,0.6794117647058824,0.5821598682348521,
0.6966731898238747,0.6917808219178082,0.5543869923736102,0.6917808219178082,0.5993674854403899,
0.7161100196463654,0.7072691552062869,0.5438400375929349,0.7072691552062869,0.6083878293170755,
0.7038834951456311,0.7087378640776699,0.5932414198902315,0.7087378640776699,0.6249170422257131,
0.6871401151631478,0.6852207293666027,0.5490219300036755,0.6852207293666027,0.5855243309554444,
0.6860809476801579,0.6811451135241856,0.5397979886476474,0.6811451135241856,0.5935296645848394,
0.7117472852912142,0.7087857847976308,0.5604800808621725,0.7087857847976308,0.6174010101469035,
0.6858536585365854,0.6751219512195122,0.5253322196475724,0.6751219512195122,0.5770305879709082,
0.6900866217516843,0.685274302213667,0.5359356261220217,0.685274302213667,0.5882351425624218,
0.7033816425120772,0.6946859903381642,0.5290639549308931,0.6946859903381642,0.5916306565960588,
0.694831013916501,0.679920477137177,0.5178878299467266,0.679920477137177,0.5775429661624575,
0.6815533980582524,0.6776699029126214,0.5163557075221687,0.6776699029126214,0.5658488683158497,
0.6836049856184084,0.6855225311601151,0.5486037552055227,0.6855225311601151,0.5769602036614992,
0.6715257531584062,0.6724975704567542,0.5346778203176238,0.6724975704567542,0.5733542525300698,
0.6809571286141576,0.6799601196410767,0.5165325877280921,0.6799601196410767,0.5680706786508678,
0.6867469879518072,0.6767068273092369,0.5389052744135855,0.6767068273092369,0.5778096126126538,
0.7196078431372549,0.6990196078431372,0.5580333553280279,0.6990196078431372,0.6124045907601144,
