Majority Class Accuracy,Accuracy,Precision,Recall,F Score,Support
0.7226640159045725,0.7127236580516899,0.589635223503851,0.7127236580516899,0.6318213230880089,
0.7082514734774067,0.706286836935167,0.5770707132722114,0.706286836935167,0.617548238568564,
0.6777020447906524,0.6728334956183057,0.5624106869580902,0.6728334956183057,0.5751504566967344,
0.693069306930693,0.6841584158415842,0.5244622613974913,0.6841584158415842,0.5859194715352488,
0.7107843137254902,0.7049019607843138,0.5489550434732501,0.7049019607843138,0.6034085131626116,
0.6946341463414634,0.6829268292682927,0.5395511255422151,0.6829268292682927,0.5866810864149847,
0.7007797270955166,0.6861598440545809,0.556270868089345,0.6861598440545809,0.6020249204787795,
0.6986564299424184,0.6948176583493282,0.5550436176907773,0.6948176583493282,0.5944337170498013,
0.6908734052993131,0.689892051030422,0.5649738906412377,0.689892051030422,0.5990795440846997,
0.7061704211557297,0.703232125367287,0.5551536561393781,0.703232125367287,0.6032940563779566,
0.7105527638190955,0.700502512562814,0.5643151225621454,0.700502512562814,0.6116022955857511,
0.7155511811023622,0.7096456692913385,0.5642056985144898,0.7096456692913385,0.6148746359563039,
0.6965853658536585,0.6848780487804879,0.5281643615827596,0.6848780487804879,0.5885081112234366,
0.7105788423153693,0.7045908183632734,0.574757630159743,0.7045908183632734,0.6206001188211407,
0.6758080313418218,0.6718903036238981,0.5076605568770113,0.6718903036238981,0.5612299180070591,
0.7002967359050445,0.6923837784371909,0.5763209360476642,0.6923837784371909,0.6226156462540618,
0.7066276803118908,0.7007797270955166,0.5561155085956299,0.7007797270955166,0.6058698331214035,
0.7021072796934866,0.696360153256705,0.5497068965517241,0.696360153256705,0.5960836113982276,
0.696039603960396,0.6881188118811881,0.5484203684899083,0.6881188118811881,0.5917697667574514,
0.707876370887338,0.6949152542372882,0.5556229103141764,0.6949152542372882,0.6108271062539772,
0.7107039537126326,0.7020250723240116,0.5615565898490544,0.7020250723240116,0.6109943846908537,
0.6927592954990215,0.687866927592955,0.5520373724236568,0.687866927592955,0.5924717016968323,
0.7092337917485265,0.6994106090373281,0.558433924101837,0.6994106090373281,0.6128264585062994,
0.7082926829268292,0.7034146341463414,0.5473543947253473,0.7034146341463414,0.6066790115658661,
0.6936416184971098,0.674373795761079,0.5330260200602496,0.674373795761079,0.5853524602301399,
0.7096456692913385,0.702755905511811,0.5766119125722191,0.702755905511811,0.6241954778870076,
0.686829268292683,0.686829268292683,0.5596644097611716,0.686829268292683,0.591991247328483,
0.6977911646586346,0.6817269076305221,0.5383582671233273,0.6817269076305221,0.5928325733179801,
0.6937377690802349,0.6917808219178082,0.556472338836063,0.6917808219178082,0.597743794281881,
0.7043478260869566,0.6975845410628019,0.5744202769760592,0.6975845410628019,0.6101046928452841,
