Majority Class Accuracy,Accuracy,Precision,Recall,F Score,Support
0.12893700787401574,0.234251968503937,0.2256523226725306,0.234251968503937,0.22254810744037654,
0.14691478942213515,0.24877571008814886,0.24352698486585558,0.24877571008814886,0.24328053718857592,
0.0945945945945946,0.2133204633204633,0.2110138170881716,0.2133204633204633,0.2096996944825525,
0.14243614931237722,0.2220039292730845,0.21849834990695619,0.2220039292730845,0.21719988643257299,
0.10931558935361217,0.23479087452471484,0.2249444951205121,0.23479087452471484,0.22755848936477416,
0.13723608445297505,0.23896353166986564,0.23039732481484804,0.23896353166986564,0.2301598389322427,
0.13056379821958458,0.2344213649851632,0.2260199520795334,0.2344213649851632,0.2278120198172745,
0.12030798845043311,0.2271414821944177,0.21533430206127532,0.2271414821944177,0.21845102163696783,
0.12192723697148476,0.24188790560471976,0.23763871240577858,0.24188790560471976,0.2350724012643198,
0.15618860510805502,0.23968565815324164,0.23116664409955892,0.23968565815324164,0.22831274373240176,
0.12524271844660195,0.24660194174757283,0.23912779233509684,0.24660194174757283,0.23741181031101324,
0.1328740157480315,0.23523622047244094,0.2261368105318897,0.23523622047244094,0.22568637908077133,
0.13068731848983542,0.22168441432720232,0.2087046598068756,0.22168441432720232,0.20879558002319631,
0.12390243902439024,0.23121951219512196,0.22389909041493244,0.23121951219512196,0.2225739983369321,
0.13275193798449614,0.22771317829457363,0.22309346386540896,0.22771317829457363,0.22075954378350063,
0.11857707509881422,0.23715415019762845,0.22712779781391385,0.23715415019762845,0.22808315221191894,
0.12330097087378641,0.229126213592233,0.2193665058094985,0.229126213592233,0.2193543148223504,
0.11848341232227488,0.22748815165876776,0.22565920327247097,0.22748815165876776,0.22148352775689703,
0.12164750957854406,0.23850574712643677,0.23857588754200343,0.23850574712643677,0.23443486647754744,
0.12610837438423644,0.23645320197044334,0.22298379648739738,0.23645320197044334,0.22443786538657806,
0.13198458574181118,0.23603082851637766,0.23134210031487823,0.23603082851637766,0.23134925651223473,
0.12512218963831867,0.22580645161290322,0.21944618172354308,0.22580645161290322,0.21728452470197754,
0.11612284069097889,0.24664107485604606,0.24078450713046623,0.24664107485604606,0.23549619064230512,
0.12277227722772277,0.22376237623762377,0.21650149693630633,0.22376237623762377,0.21538841755149346,
0.12254901960784313,0.26176470588235295,0.2550742565281658,0.26176470588235295,0.25249443750085737,
0.12335692618806876,0.24974721941354905,0.23927929638512663,0.24974721941354905,0.24134698347032635,
0.12770137524557956,0.23673870333988212,0.23287857851236377,0.23673870333988212,0.22860533788345377,
0.12711022840119166,0.2442899702085402,0.24176124182683628,0.2442899702085402,0.23733025932948434,
0.13185755534167468,0.23676612127045235,0.23063655140356323,0.23676612127045235,0.2318189653245486,
0.11949069539666993,0.2693437806072478,0.259347512898064,0.2693437806072478,0.25841322923665544,
