Majority Class Accuracy,Accuracy,Precision,Recall,F Score,Support
0.72,0.700952380952381,0.5376614113702848,0.700952380952381,0.6050062659086802,
0.7195242814667988,0.7135777998017839,0.5478850809298907,0.7135777998017839,0.6125377327169889,
0.6949654491609082,0.6880552813425469,0.5471402699968656,0.6880552813425469,0.600261873978767,
0.6789883268482491,0.6702334630350194,0.5376187911251582,0.6702334630350194,0.5707180569651932,
0.6860236220472441,0.6830708661417323,0.5308642747619126,0.6830708661417323,0.5835169522721366,
0.7040816326530612,0.6938775510204082,0.5332953934216392,0.6938775510204082,0.5896195520701549,
0.7151162790697675,0.7093023255813954,0.5642921209316244,0.7093023255813954,0.6177899922996589,
0.6874409820585458,0.6704438149197356,0.5138286030637306,0.6704438149197356,0.5707169784316163,
0.6960309777347532,0.6892545982575025,0.5173850969723894,0.6892545982575025,0.5826298464882845,
0.697560975609756,0.6917073170731707,0.5578377730436274,0.6917073170731707,0.5945822571398566,
0.7049659201557936,0.697176241480039,0.541899634463765,0.697176241480039,0.5914922222113264,
0.7144308943089431,0.7103658536585366,0.5610016787271467,0.7103658536585366,0.6126091194554713,
0.6995073891625616,0.6916256157635468,0.5463671256987781,0.6916256157635468,0.5915638217411731,
0.7225433526011561,0.7177263969171483,0.5865862813277004,0.7177263969171483,0.6140646620478214,
0.696165191740413,0.696165191740413,0.5403333566272153,0.696165191740413,0.585917269022045,
0.6879361914257228,0.6909272183449651,0.5956119418672934,0.6909272183449651,0.6010461121289102,
0.7096466093600764,0.7000955109837631,0.5418960512239446,0.7000955109837631,0.5993914970314866,
0.6875,0.6805555555555556,0.5317279568832364,0.6805555555555556,0.5753944981613707,
0.7236467236467237,0.7141500474833808,0.5766868295603929,0.7141500474833808,0.6173575040050276,
0.716256157635468,0.7133004926108374,0.5710553340109991,0.7133004926108374,0.6294545925943386,
0.6893491124260355,0.6913214990138067,0.5491964016784023,0.6913214990138067,0.5863382646133609,
0.6791707798617966,0.6742349457058243,0.5224177171194979,0.6742349457058243,0.5741108900419606,
0.6954773869346733,0.6904522613065327,0.5544398401191764,0.6904522613065327,0.5853662687256743,
0.6750972762645915,0.6721789883268483,0.5072706385402296,0.6721789883268483,0.5680659839397196,
0.6865384615384615,0.6788461538461539,0.5294249256689793,0.6788461538461539,0.5681148106982367,
0.7197640117994101,0.6951819075712881,0.5765212837278295,0.6951819075712881,0.6234069243360334,
0.6917874396135266,0.6850241545893719,0.5265675448244895,0.6850241545893719,0.5771450823004804,
0.6950980392156862,0.6931372549019608,0.5382485516180778,0.6931372549019608,0.5860230154361501,
0.693359375,0.689453125,0.5344378256763617,0.689453125,0.5904135843397851,
0.6899902818270165,0.6822157434402333,0.5623789000959745,0.6822157434402333,0.5865322688450986,
