Majority Class Accuracy,Accuracy,Precision,Recall,F Score,Support
0.6982421875,0.6884765625,0.5458983869532867,0.6884765625,0.5937354209337382,
0.7015810276679841,0.6936758893280632,0.5639042361662064,0.6936758893280632,0.602123968252839,
0.6802721088435374,0.6695821185617103,0.4961808899383929,0.6695821185617103,0.5645058984774401,
0.7014492753623188,0.6821256038647343,0.5481761609163025,0.6821256038647343,0.599640157828818,
0.6867119301648884,0.6741028128031038,0.531670061852795,0.6741028128031038,0.5776392535804497,
0.7012858555885262,0.6913946587537092,0.5617250864358577,0.6913946587537092,0.6116616756327761,
0.6803519061583577,0.6813294232649071,0.5418112061729262,0.6813294232649071,0.5823419854293659,
0.696969696969697,0.6862170087976539,0.5474067381514011,0.6862170087976539,0.5982994416609686,
0.6909620991253644,0.6880466472303207,0.5574492208230809,0.6880466472303207,0.5918904164385567,
0.6808510638297872,0.6827852998065764,0.5298813200178122,0.6827852998065764,0.5839401840436422,
0.7017543859649122,0.6881091617933723,0.5591217165457993,0.6881091617933723,0.6038904845005476,
0.7167167167167167,0.7127127127127127,0.5731803197771785,0.7127127127127127,0.6186388196827722,
0.6811451135241856,0.6801579466929911,0.547378131904292,0.6801579466929911,0.579505499575653,
0.6848249027237354,0.6624513618677043,0.4992896565739,0.6624513618677043,0.5583208788530976,
0.7065637065637066,0.7046332046332047,0.5491571137638553,0.7046332046332047,0.6098604940162953,
0.7040913415794482,0.7050428163653664,0.5930478332168667,0.7050428163653664,0.6161524565229239,
0.7021484375,0.6962890625,0.5523010372582662,0.6962890625,0.602726581522967,
0.6970560303893637,0.6904083570750238,0.5516226312734769,0.6904083570750238,0.5907318477597843,
0.6715686274509803,0.6666666666666666,0.5218679933247273,0.6666666666666666,0.5707970663706607,
0.7023575638506876,0.7003929273084479,0.5505905553413009,0.7003929273084479,0.6004453631718207,
0.7033398821218074,0.6895874263261297,0.5736625037370899,0.6895874263261297,0.6083039660257149,
0.678396871945259,0.6647116324535679,0.5180301328054475,0.6647116324535679,0.5686428289568689,
0.7033398821218074,0.6787819253438114,0.5189559681347459,0.6787819253438114,0.5824686980678502,
0.6868787276341949,0.6819085487077535,0.5250918862634235,0.6819085487077535,0.5820823405807776,
0.7083743842364532,0.7014778325123153,0.5614684567528715,0.7014778325123153,0.6114150495109029,
0.6955223880597015,0.6895522388059702,0.5196643728398506,0.6895522388059702,0.5849791038354404,
0.689453125,0.6787109375,0.5381145253951991,0.6787109375,0.5757073103053826,
0.6832174776564052,0.6842105263157895,0.5461976885097782,0.6842105263157895,0.5789443246151689,
0.7188715953307393,0.6955252918287937,0.543726132681211,0.6955252918287937,0.605925282856456,
0.7061752988047809,0.6952191235059761,0.5581074851337748,0.6952191235059761,0.6051611969382646,
