Majority Class Accuracy,Accuracy,Precision,Recall,F Score,Support
0.12992125984251968,0.21358267716535434,0.2159341445611924,0.21358267716535434,0.2033887778141984,
0.10993249758919961,0.22950819672131148,0.22151939785032387,0.22950819672131148,0.22120164280106835,
0.13521400778210116,0.2178988326848249,0.20862727264268086,0.2178988326848249,0.20724121572047177,
0.13365853658536586,0.24,0.22741473086418848,0.24,0.2315610162663454,
0.12475442043222004,0.1994106090373281,0.19794030882888428,0.1994106090373281,0.19594832859736083,
0.11653386454183266,0.2350597609561753,0.23236859425979473,0.2350597609561753,0.22748637444988867,
0.13681102362204725,0.19783464566929135,0.20389308935953424,0.19783464566929135,0.1908630113839092,
0.12622309197651663,0.2191780821917808,0.2182157325755091,0.2191780821917808,0.21352619119291563,
0.12797619047619047,0.21825396825396826,0.20982281078626927,0.21825396825396826,0.21181693514112218,
0.13524185587364265,0.21224086870681144,0.21365466645381812,0.21224086870681144,0.2098830662538949,
0.12438785504407443,0.20470127326150833,0.20423400747704806,0.20470127326150833,0.19932197627207832,
0.13492822966507176,0.21626794258373205,0.21084549062466743,0.21626794258373205,0.2099481139277278,
0.12202380952380952,0.2251984126984127,0.215497263326382,0.2251984126984127,0.21270072579986404,
0.1254980079681275,0.2250996015936255,0.21321545923925592,0.2250996015936255,0.20960740441047518,
0.11266201395812563,0.21535393818544366,0.22380267667061265,0.21535393818544366,0.20836165945757235,
0.11186770428015565,0.23346303501945526,0.22354712464878015,0.23346303501945526,0.22288917299561037,
0.13178294573643412,0.20736434108527133,0.20668861506406577,0.20736434108527133,0.2003154202906439,
0.12278978388998035,0.2337917485265226,0.23735913144216864,0.2337917485265226,0.22590785755153814,
0.14069877242681775,0.18696883852691218,0.17998880633490794,0.18696883852691218,0.1772358864981604,
0.1484375,0.2431640625,0.23840242047373406,0.2431640625,0.23509157664635824,
0.1377601585728444,0.22001982160555006,0.21225924082274475,0.22001982160555006,0.2106376943874058,
0.132,0.227,0.22479812142984762,0.227,0.2223210557309743,
0.1172962226640159,0.21968190854870775,0.20713848987766692,0.21968190854870775,0.20437438743876862,
0.1286266924564797,0.21179883945841393,0.2113274570313736,0.21179883945841393,0.20521689371564567,
0.12216748768472907,0.20886699507389161,0.225577979508783,0.20886699507389161,0.19472148588138805,
0.123046875,0.205078125,0.19819016099339554,0.205078125,0.1994645616617288,
0.141012909632572,0.23833167825223436,0.23244082270717822,0.23833167825223436,0.22772088696266318,
0.11639185257032007,0.24733268671193018,0.23767944650223816,0.24733268671193018,0.23736751250042903,
0.12893700787401574,0.22440944881889763,0.21827195377369493,0.22440944881889763,0.21415702530281533,
0.12133072407045009,0.21330724070450097,0.20489850523280953,0.21330724070450097,0.2050225985375487,
