Majority Class Accuracy,Accuracy,Precision,Recall,F Score,Support
0.6962524654832347,0.7011834319526628,0.5559005135584807,0.7011834319526628,0.6065629834214191,
0.672463768115942,0.6666666666666666,0.49753574391255545,0.6666666666666666,0.5576406615467459,
0.7106045589692765,0.7086223984142715,0.5794085896061464,0.7086223984142715,0.6226580283774552,
0.7006737247353224,0.6881616939364774,0.531125737427465,0.6881616939364774,0.5848017666098604,
0.7120622568093385,0.7120622568093385,0.5455276970644487,0.7120622568093385,0.6056942384811054,
0.7176470588235294,0.711764705882353,0.5716966912413503,0.711764705882353,0.6169241835639949,
0.7079646017699115,0.6922320550639135,0.5371182974442771,0.6922320550639135,0.5998615723193649,
0.7043222003929273,0.6964636542239686,0.5321659396476166,0.6964636542239686,0.5867717989695931,
0.6859099804305284,0.678082191780822,0.5229985586859961,0.678082191780822,0.57032436634844,
0.682806324110672,0.6808300395256917,0.5073966446211909,0.6808300395256917,0.5656128642731271,
0.6993076162215628,0.6904055390702275,0.5185883849088596,0.6904055390702275,0.5814168045484216,
0.6952662721893491,0.6903353057199211,0.5081454090748638,0.6903353057199211,0.5772256561753689,
0.7045028142589118,0.7054409005628518,0.5443628446577369,0.7054409005628518,0.5994273991409366,
0.6766990291262136,0.6699029126213593,0.5011529126213592,0.6699029126213593,0.5592599362714384,
0.6998087954110899,0.6998087954110899,0.5535982562454834,0.6998087954110899,0.5968964939132791,
0.693516699410609,0.6827111984282908,0.5278692177639124,0.6827111984282908,0.584538493400856,
0.7063870352716873,0.7054337464251669,0.5667341288484231,0.7054337464251669,0.6106503730765643,
0.6754643206256109,0.667644183773216,0.48207931154429967,0.667644183773216,0.5543823608547997,
0.7141453831041258,0.7053045186640472,0.548560051662404,0.7053045186640472,0.6116240790379778,
0.7122507122507122,0.7084520417853751,0.5700261693966947,0.7084520417853751,0.6194778042749328,
0.6893865628042843,0.676728334956183,0.5157662665782173,0.676728334956183,0.5761520073052032,
0.7170542635658915,0.7122093023255814,0.5648926354789441,0.7122093023255814,0.6149595922469504,
0.6992110453648915,0.6952662721893491,0.5206485265957839,0.6952662721893491,0.5860610429951001,
0.7123420796890184,0.7016520894071915,0.5737676581657348,0.7016520894071915,0.6104712185897925,
0.7071984435797666,0.6994163424124513,0.5631202802083127,0.6994163424124513,0.6028159627882572,
0.6829745596868885,0.6819960861056752,0.5212285104138022,0.6819960861056752,0.5666809472098829,
0.6911764705882353,0.6862745098039216,0.5290709900302285,0.6862745098039216,0.5882358784869729,
0.6964112512124151,0.6867119301648884,0.5384128335341088,0.6867119301648884,0.5903855714539171,
0.692822966507177,0.6899521531100479,0.5341088814301698,0.6899521531100479,0.5837997811807935,
0.7113702623906706,0.7055393586005831,0.5575524794064931,0.7055393586005831,0.6089394413340956,
