Majority Class Accuracy,Accuracy,Precision,Recall,F Score,Support
0.7045235803657363,0.699711260827719,0.5525499436773149,0.699711260827719,0.6063501959661669,
0.6937561942517344,0.6848364717542121,0.5339308071939494,0.6848364717542121,0.5815574001801991,
0.712890625,0.7021484375,0.5273760667234427,0.7021484375,0.5976036833149067,
0.6942551119766309,0.6806231742940604,0.5516476957717735,0.6806231742940604,0.6007995006844071,
0.686829268292683,0.68,0.5375989767025979,0.68,0.5740357889576343,
0.7164179104477612,0.7044776119402985,0.5734821795056411,0.7044776119402985,0.6171001846668207,
0.6946859903381642,0.6772946859903382,0.5189149731837479,0.6772946859903382,0.5829491469572485,
0.7078870496592016,0.7039922103213242,0.5691499433107592,0.7039922103213242,0.6058947891765111,
0.706,0.691,0.5474114343368075,0.691,0.6008334574841651,
0.6979670861568248,0.6921587608906099,0.544718782864279,0.6921587608906099,0.5837807805156245,
0.6771130104463438,0.6799620132953467,0.5581468614792344,0.6799620132953467,0.5860398506425759,
0.7107843137254902,0.6950980392156862,0.5468819777795857,0.6950980392156862,0.6014432957270563,
0.6754385964912281,0.6695906432748538,0.5477490053446715,0.6695906432748538,0.5727872319709495,
0.7152641878669276,0.7172211350293543,0.5945861178553159,0.7172211350293543,0.6317493274929109,
0.6825870646766169,0.6786069651741293,0.5354863645797039,0.6786069651741293,0.5843509662340399,
0.6974206349206349,0.6815476190476191,0.5307119606684747,0.6815476190476191,0.5898624727733935,
0.7028112449799196,0.7018072289156626,0.5699181583306318,0.7018072289156626,0.611928240341708,
0.7002881844380403,0.681075888568684,0.5470747539830874,0.681075888568684,0.5930842638170197,
0.7106796116504854,0.7038834951456311,0.597444001917147,0.7038834951456311,0.6106756604840966,
0.6548418024928092,0.6500479386385427,0.5035877885829947,0.6500479386385427,0.5439440612665323,
0.6844143272023233,0.6747337850919651,0.5191888967085155,0.6747337850919651,0.5774878667556134,
0.6767068273092369,0.6726907630522089,0.5375251004016064,0.6726907630522089,0.5640076295515678,
0.7042801556420234,0.6906614785992218,0.5466898806119981,0.6906614785992218,0.5974288559765706,
0.6893865628042843,0.685491723466407,0.5294144139680974,0.685491723466407,0.5787150689462067,
0.70506454816286,0.6931479642502483,0.5454550215998558,0.6931479642502483,0.5998277078544278,
0.6919291338582677,0.687992125984252,0.5267864468186291,0.687992125984252,0.5874421096571548,
0.6893203883495146,0.6922330097087379,0.5320895652934489,0.6922330097087379,0.5837515364535957,
0.7091988130563798,0.6864490603363007,0.5309826636768492,0.6864490603363007,0.5958671032660692,
0.6866537717601547,0.6721470019342359,0.509561248322409,0.6721470019342359,0.5702048154863156,
0.6819960861056752,0.6771037181996086,0.5393635584244104,0.6771037181996086,0.574758557450265,
