Majority Class Accuracy,Accuracy,Precision,Recall,F Score,Support
0.6930875576036867,0.6866359447004609,0.5408545970268254,0.6866359447004609,0.5796124513974903,
0.6946859903381642,0.6792270531400966,0.5069660461097364,0.6792270531400966,0.5766629055488443,
0.6882239382239382,0.6833976833976834,0.5263328611542897,0.6833976833976834,0.5717123974510109,
0.7075098814229249,0.7015810276679841,0.5436310862775501,0.7015810276679841,0.6017221755733168,
0.7001972386587771,0.6834319526627219,0.5475163176395549,0.6834319526627219,0.5822890251938896,
0.7095516569200779,0.695906432748538,0.5585410454264688,0.695906432748538,0.603178327864334,
0.7295660948536832,0.7164480322906155,0.5888971558155502,0.7164480322906155,0.6338313043142192,
0.7052023121387283,0.7090558766859345,0.5966583268627959,0.7090558766859345,0.6075808188204488,
0.7092682926829268,0.6965853658536585,0.5716526192784864,0.6965853658536585,0.5992179839175441,
0.6931479642502483,0.6911618669314796,0.5560957718898203,0.6911618669314796,0.5943183912999811,
0.7122370936902486,0.7026768642447419,0.5910699281601203,0.7026768642447419,0.6186028823913274,
0.6917073170731707,0.688780487804878,0.531146543704243,0.688780487804878,0.5745969844790743,
0.7064393939393939,0.6950757575757576,0.5333227307922429,0.6950757575757576,0.5897969705741632,
0.7219558964525408,0.7123681687440077,0.5714717272581604,0.7123681687440077,0.6265689210026203,
0.6965317919075145,0.6868978805394991,0.5540885480349941,0.6868978805394991,0.6020955493904854,
0.6920077972709552,0.682261208576998,0.5621199358502864,0.682261208576998,0.5944958631080359,
0.6823529411764706,0.6754901960784314,0.5140182213964424,0.6754901960784314,0.574156224656053,
0.6940371456500489,0.6871945259042033,0.5484110439113055,0.6871945259042033,0.5941033493968658,
0.6881616939364774,0.6727622714148219,0.5345171343326859,0.6727622714148219,0.5786807900975894,
0.6931372549019608,0.6794117647058824,0.5269391790672125,0.6794117647058824,0.587428403815212,
0.7117818889970788,0.7030185004868549,0.5727284401128007,0.7030185004868549,0.6158224399306103,
0.6689930209371885,0.6630109670987039,0.5060422964129877,0.6630109670987039,0.5575758274035578,
0.6784313725490196,0.6725490196078432,0.532919156658212,0.6725490196078432,0.568782163466709,
0.6829745596868885,0.6692759295499021,0.5227497944774234,0.6692759295499021,0.5704460438135944,
0.7069306930693069,0.698019801980198,0.5594114585355918,0.698019801980198,0.6024387787096086,
0.7259185700099305,0.7149950347567031,0.5590751685784299,0.7149950347567031,0.6180616337969278,
0.6844181459566075,0.6765285996055227,0.5134498696427362,0.6765285996055227,0.5714301286535618,
0.7105004906771345,0.6957801766437685,0.5641424802194419,0.6957801766437685,0.6094489359650489,
0.6988416988416989,0.6776061776061776,0.5253934128934128,0.6776061776061776,0.5876960939895209,
0.6744639376218323,0.6637426900584795,0.5023294102265069,0.6637426900584795,0.5533392220050077,
