Majority Class Accuracy,Accuracy,Precision,Recall,F Score,Support
0.6848364717542121,0.6858275520317145,0.5535214418198596,0.6858275520317145,0.5862488743009622,
0.6852394916911045,0.6852394916911045,0.5227211564995173,0.6852394916911045,0.5746700326216404,
0.6955252918287937,0.6731517509727627,0.5411656394075139,0.6731517509727627,0.5918457303529563,
0.6673132880698351,0.6605237633365665,0.5413350213263414,0.6605237633365665,0.5745348674757311,
0.7063414634146341,0.6848780487804879,0.5631182664841201,0.6848780487804879,0.6097273108351606,
0.6815533980582524,0.6747572815533981,0.5286007646543543,0.6747572815533981,0.5785616485154803,
0.7027833001988072,0.6898608349900597,0.5852887495234895,0.6898608349900597,0.5967627398453692,
0.6970588235294117,0.696078431372549,0.5695605480690049,0.696078431372549,0.6091105482347213,
0.7007874015748031,0.6978346456692913,0.5612399616671494,0.6978346456692913,0.6001295250578221,
0.7016205910390848,0.6911344137273594,0.5606337980106318,0.6911344137273594,0.6073955033801208,
0.6870748299319728,0.6695821185617103,0.5420088060889434,0.6695821185617103,0.5781593821664714,
0.7097087378640776,0.6951456310679611,0.5728949378947594,0.6951456310679611,0.6172666550638537,
0.6615236258437801,0.6441658630665381,0.5295696360633315,0.6441658630665381,0.5487808777094191,
0.6715257531584062,0.6598639455782312,0.5158867582985143,0.6598639455782312,0.5715505002683317,
0.7128514056224899,0.7038152610441767,0.5532321217144947,0.7038152610441767,0.6152861888749801,
0.6730954676952748,0.6634522661523626,0.5088512196472046,0.6634522661523626,0.5663331760550138,
0.695,0.688,0.538351762154713,0.688,0.5948337744924588,
0.697986577181208,0.6826462128475551,0.5547415354138971,0.6826462128475551,0.6029987431437757,
0.7075564278704612,0.6957801766437685,0.5615264854973547,0.6957801766437685,0.6150461648374191,
0.7,0.6912621359223301,0.5582021688468359,0.6912621359223301,0.6030007832565257,
0.7099311701081613,0.7020648967551623,0.553546391662982,0.7020648967551623,0.6114553057565415,
0.6803827751196172,0.6650717703349283,0.5178587953399983,0.6650717703349283,0.5673209653905994,
0.7099609375,0.7021484375,0.5632597175428141,0.7021484375,0.6135458444741533,
0.7107601184600197,0.6910167818361304,0.5607796550228039,0.6910167818361304,0.609129268025931,
0.6913086913086913,0.6923076923076923,0.5550371612684247,0.6923076923076923,0.5998102237999274,
0.7049504950495049,0.6831683168316832,0.538976476468649,0.6831683168316832,0.5984370884649807,
0.6933962264150944,0.6830188679245283,0.5503816248445754,0.6830188679245283,0.5997040622871078,
0.6735092864125122,0.6686217008797654,0.5586211578147062,0.6686217008797654,0.5757689471193301,
0.7053571428571429,0.6944444444444444,0.5619789269091096,0.6944444444444444,0.6094657452029162,
0.712180746561886,0.6974459724950884,0.559800122379095,0.6974459724950884,0.6062647294212273,
