Majority Class Accuracy,Accuracy,Precision,Recall,F Score,Support
0.47104247104247104,0.4855212355212355,0.37589052907750165,0.4855212355212355,0.3992950433900508,
0.4945812807881773,0.49556650246305417,0.392040848699096,0.49556650246305417,0.42120852465650027,
0.48086359175662413,0.4681059862610402,0.3660369364051177,0.4681059862610402,0.38488703338533903,
0.4614643545279383,0.45183044315992293,0.3492047482048185,0.45183044315992293,0.3743201198952218,
0.48188050930460335,0.48971596474045054,0.4054990369480253,0.48971596474045054,0.42816938536675203,
0.4768472906403941,0.4630541871921182,0.3517894618299603,0.4630541871921182,0.3773661062697566,
0.5048828125,0.4912109375,0.3707541601836811,0.4912109375,0.4052325210006806,
0.4676470588235294,0.453921568627451,0.34768315348481904,0.453921568627451,0.37967100967522327,
0.4433399602385686,0.4393638170974155,0.3382680545951535,0.4393638170974155,0.36813701239496693,
0.5222551928783383,0.506429277942631,0.3822794048276357,0.506429277942631,0.4213008151640069,
0.490234375,0.4814453125,0.3589704411755374,0.4814453125,0.4031403936022325,
0.47439613526570046,0.47053140096618357,0.3706587448105101,0.47053140096618357,0.39756375065386496,
0.48841698841698844,0.49131274131274133,0.3589481948060823,0.49131274131274133,0.40293626955469786,
0.44064386317907445,0.43158953722334004,0.32580678305236566,0.43158953722334004,0.34837537760086457,
0.48830409356725146,0.47855750487329435,0.3766802632538909,0.47855750487329435,0.40729373634047117,
0.4707574304889741,0.48897411313518696,0.4005486983147911,0.48897411313518696,0.403135730229403,
0.48258706467661694,0.4975124378109453,0.4102255018317123,0.4975124378109453,0.4335086194813093,
0.4764705882352941,0.49411764705882355,0.39528097235449267,0.49411764705882355,0.41337321331089555,
0.45,0.4372549019607843,0.3229384722149973,0.4372549019607843,0.3568977948295153,
0.4660098522167488,0.46108374384236456,0.3728559802839432,0.46108374384236456,0.39927492539349607,
0.4567901234567901,0.4453941120607787,0.3462217959487339,0.4453941120607787,0.35731162465110017,
0.4774509803921569,0.4647058823529412,0.37353469256555083,0.4647058823529412,0.3949516498521347,
0.48293172690763053,0.4779116465863454,0.3762693398601152,0.4779116465863454,0.4075282265063683,
0.4619883040935672,0.4512670565302144,0.33568796760363295,0.4512670565302144,0.3715955704134473,
0.4714566929133858,0.47834645669291337,0.3722339541959778,0.47834645669291337,0.392929359233931,
0.4617618586640852,0.4753146176185866,0.3826061793819022,0.4753146176185866,0.40323929109208173,
0.45401174168297453,0.4589041095890411,0.3741513173989648,0.4589041095890411,0.3901902124372297,
0.503968253968254,0.49206349206349204,0.3946698667389661,0.49206349206349204,0.4240173259779178,
0.47378640776699027,0.45728155339805826,0.33413911886518355,0.45728155339805826,0.37391089107852743,
0.4804202483285578,0.4909264565425024,0.39347675726271797,0.4909264565425024,0.4221920036395804,
