Majority Class Accuracy,Accuracy,Precision,Recall,F Score,Support
0.7324902723735408,0.7334630350194552,0.5953646917700511,0.7334630350194552,0.6368162044554462,
0.7107516650808754,0.7059942911512845,0.5859426642003078,0.7059942911512845,0.6308635830572834,
0.7108549471661864,0.7041306436119116,0.5561637593132455,0.7041306436119116,0.6131534172701264,
0.6809338521400778,0.6799610894941635,0.5210635507373289,0.6799610894941635,0.5704855927966073,
0.6909448818897638,0.6801181102362205,0.510917023623747,0.6801181102362205,0.5763502378405368,
0.7028571428571428,0.700952380952381,0.5565085965085964,0.700952380952381,0.6040355437732925,
0.6753371868978806,0.6657032755298651,0.4947080540370002,0.6657032755298651,0.5565667171160249,
0.6857142857142857,0.6788177339901478,0.5116855587881486,0.6788177339901478,0.5733229021968024,
0.696551724137931,0.6876847290640394,0.5510139923933026,0.6876847290640394,0.5995855693108761,
0.7044334975369458,0.6926108374384237,0.557483385209635,0.6926108374384237,0.6007822826421193,
0.703631010794897,0.6997055937193327,0.576431872318278,0.6997055937193327,0.6045993247716523,
0.7164031620553359,0.6976284584980237,0.5874988106028916,0.6976284584980237,0.6254112727418699,
0.7029411764705882,0.692156862745098,0.5512073811478967,0.692156862745098,0.5915804875895107,
0.686595949855352,0.6692381870781099,0.5430550197741787,0.6692381870781099,0.5861267248893086,
0.7073170731707317,0.6956097560975609,0.5667437671817233,0.6956097560975609,0.6091808368571405,
0.7080867850098619,0.6942800788954635,0.5484552092016852,0.6942800788954635,0.6010520822360708,
0.6977205153617443,0.6897918731417245,0.524342292852803,0.6897918731417245,0.5824382413766869,
0.717948717948718,0.7130177514792899,0.5761302624316322,0.7130177514792899,0.6266256580524693,
0.7161226508407518,0.7062314540059347,0.5713890022495364,0.7062314540059347,0.6224060024932734,
0.6906130268199234,0.6839080459770115,0.544052192122693,0.6839080459770115,0.5934740455124091,
0.6650294695481336,0.6571709233791748,0.4920315854882543,0.6571709233791748,0.5434476691272201,
0.7032007759456838,0.6935014548981572,0.5372570847146182,0.6935014548981572,0.5943944502292987,
0.6796494644595911,0.6669912366114897,0.500671661069491,0.6669912366114897,0.5608814685261932,
0.7250726040658277,0.7134559535333979,0.5422748892651278,0.7134559535333979,0.6132451521785559,
0.707177033492823,0.6861244019138756,0.549779513447192,0.6861244019138756,0.6035565309135444,
0.7248995983935743,0.7118473895582329,0.5811822889539285,0.7118473895582329,0.6287484326079384,
0.6907114624505929,0.6857707509881423,0.5593590237354122,0.6857707509881423,0.587564664814535,
0.7073891625615764,0.6945812807881774,0.5480062393362886,0.6945812807881774,0.6050885182212032,
0.6783567134268537,0.6773547094188377,0.5274312464420876,0.6773547094188377,0.5791487940257549,
0.6906614785992218,0.6828793774319066,0.5362044469022313,0.6828793774319066,0.5849630037433202,
