Majority Class Accuracy,Accuracy,Precision,Recall,F Score,Support
0.7107039537126326,0.7107039537126326,0.5926976056424277,0.7107039537126326,0.6216137375333128,
0.6756756756756757,0.6640926640926641,0.5663870071751271,0.6640926640926641,0.5694620708525585,
0.6918489065606361,0.6908548707753479,0.5517575104926,0.6908548707753479,0.591068490449785,
0.6834319526627219,0.6775147928994083,0.49563404010519396,0.6775147928994083,0.5664482723685301,
0.7365805168986084,0.7326043737574552,0.5868683084011095,0.7326043737574552,0.6382877423883125,
0.7045675413022352,0.6861030126336248,0.5828281409433356,0.6861030126336248,0.611896495907056,
0.7172827172827173,0.7062937062937062,0.5604099029084085,0.7062937062937062,0.6113966757872057,
0.6874391431353457,0.6806231742940604,0.5681855952405878,0.6806231742940604,0.5867296676306828,
0.6807465618860511,0.6709233791748527,0.518046336857759,0.6709233791748527,0.5732931977975912,
0.7004830917874396,0.6917874396135266,0.5404833328891985,0.6917874396135266,0.5961872702578644,
0.7147030185004869,0.7098344693281402,0.5838726219349298,0.7098344693281402,0.6232795138793857,
0.7037401574803149,0.6860236220472441,0.5371731818030294,0.6860236220472441,0.590495349488292,
0.7201970443349753,0.7123152709359606,0.55163781706469,0.7123152709359606,0.6136488774711448,
0.7092337917485265,0.7013752455795678,0.5631522973600036,0.7013752455795678,0.6048199021365903,
0.6717998075072185,0.6602502406159769,0.5144419894537642,0.6602502406159769,0.5515936578930412,
0.6769383697813122,0.6540755467196819,0.5192543468850609,0.6540755467196819,0.5672836909419501,
0.6828282828282828,0.6787878787878788,0.5494121732147148,0.6787878787878788,0.580282342110299,
0.6795740561471443,0.6766698935140368,0.5568039590537436,0.6766698935140368,0.5929639455487926,
0.6904995102840352,0.682664054848188,0.5529945568750098,0.682664054848188,0.593996522815804,
0.7023346303501945,0.6867704280155642,0.5395501153797877,0.6867704280155642,0.5905841005509251,
0.7135826771653543,0.7037401574803149,0.5695998466667758,0.7037401574803149,0.6149946616261512,
0.6802788844621513,0.6663346613545816,0.49980410933740477,0.6663346613545816,0.5650523242397126,
0.7047434656340755,0.6902226524685382,0.5676069972594521,0.6902226524685382,0.6135301364847889,
0.7121951219512195,0.704390243902439,0.5557717395568459,0.704390243902439,0.6079982007029202,
0.6709233791748527,0.6581532416502947,0.49064154752555905,0.6581532416502947,0.5541776867389843,
0.6953966699314398,0.6875612144955926,0.5399737073360761,0.6875612144955926,0.5864937127141977,
0.6840077071290944,0.6772639691714836,0.5062020361577326,0.6772639691714836,0.571997557113079,
0.666015625,0.66015625,0.5179378468964978,0.66015625,0.5476269179546819,
0.7067961165048544,0.7009708737864078,0.5788610655501109,0.7009708737864078,0.6172744491327192,
0.6941176470588235,0.6784313725490196,0.531494271422452,0.6784313725490196,0.5879378735389994,
