Majority Class Accuracy,Accuracy,Precision,Recall,F Score,Support
0.13209393346379647,0.23972602739726026,0.22768287769940831,0.23972602739726026,0.22847563696430456,
0.11770428015564202,0.2519455252918288,0.24695444851612017,0.2519455252918288,0.243634576972891,
0.12620423892100194,0.23699421965317918,0.23172216807493717,0.23699421965317918,0.23084897647367994,
0.12825458052073288,0.2343297974927676,0.22544161391697243,0.2343297974927676,0.2271248544372148,
0.1417624521072797,0.2231800766283525,0.21738044100915555,0.2231800766283525,0.21880393389745892,
0.13746369796708616,0.2090997095837367,0.19864494925916826,0.2090997095837367,0.2016377681688516,
0.14019607843137255,0.23823529411764705,0.22960702878090733,0.23823529411764705,0.23001054173032573,
0.13809990205680706,0.22331047992164543,0.222267392121462,0.22331047992164543,0.22036760933953842,
0.11564625850340136,0.23226433430515064,0.21770149475268527,0.23226433430515064,0.22080192673805,
0.1222879684418146,0.21597633136094674,0.21587273322744313,0.21597633136094674,0.2122349128740398,
0.10650887573964497,0.23865877712031558,0.2316372552866798,0.23865877712031558,0.23168315323481642,
0.13976377952755906,0.24901574803149606,0.2420954143180459,0.24901574803149606,0.24323593765925464,
0.11423039690222653,0.21878025169409487,0.2101828741651067,0.21878025169409487,0.2123163199964795,
0.11843361986628462,0.2559694364851958,0.25218785204691374,0.2559694364851958,0.250828510634455,
0.11980676328502415,0.25217391304347825,0.24507052401120982,0.25217391304347825,0.24632078955504688,
0.12878048780487805,0.25658536585365854,0.24686572354972258,0.25658536585365854,0.24849330972611516,
0.1299093655589124,0.25176233635448136,0.24180200204628802,0.25176233635448136,0.2449444064506213,
0.13534566699123662,0.25121713729308665,0.24322451792408578,0.25121713729308665,0.24498367733534235,
0.11954459203036052,0.24573055028462998,0.24440703275481201,0.24573055028462998,0.24383381042932034,
0.13064361191162344,0.24879923150816521,0.23900550823242642,0.24879923150816521,0.24099195434332288,
0.11956521739130435,0.23616600790513834,0.2323821018937368,0.23616600790513834,0.23116652813177654,
0.12609117361784675,0.2463627546071775,0.2450561472946549,0.2463627546071775,0.2435742836426941,
0.11288711288711288,0.2217782217782218,0.21398284961277908,0.2217782217782218,0.21328011524700158,
0.11266201395812563,0.24227318045862412,0.2399808093803116,0.24227318045862412,0.23950351905563166,
0.12971926427879962,0.2575024201355276,0.25475279975813664,0.2575024201355276,0.2539490727179754,
0.11494252873563218,0.23180076628352492,0.2219605997119113,0.23180076628352492,0.2225090795455447,
0.12476007677543186,0.24664107485604606,0.24689649744830572,0.24664107485604606,0.24064329336133056,
0.13432835820895522,0.2099502487562189,0.20348871207032884,0.2099502487562189,0.20356558596086885,
0.1100196463654224,0.2583497053045187,0.26307846477458724,0.2583497053045187,0.2536169613103673,
0.118042226487524,0.23896353166986564,0.22863686535650707,0.23896353166986564,0.2322009463648786,
