Majority Class Accuracy,Accuracy,Precision,Recall,F Score,Support
0.7116324535679375,0.6871945259042033,0.5603909767317138,0.6871945259042033,0.6115547759459528,
0.6940371456500489,0.6832844574780058,0.5545719706176666,0.6832844574780058,0.6018498304577093,
0.7076771653543307,0.7086614173228346,0.576575917570253,0.7086614173228346,0.6246532518708907,
0.673352435530086,0.673352435530086,0.5470113820844181,0.673352435530086,0.5879132133617126,
0.7079556898288016,0.6978851963746223,0.5937643021027159,0.6978851963746223,0.6228013469964572,
0.6992110453648915,0.685404339250493,0.5531128264049906,0.685404339250493,0.5954223303824131,
0.7023445463812437,0.6839959225280327,0.5381886176366477,0.6839959225280327,0.5958619456177027,
0.708969465648855,0.6984732824427481,0.5831454350028316,0.6984732824427481,0.6205756151950258,
0.7152777777777778,0.6974206349206349,0.5496611205674636,0.6974206349206349,0.6087095171469499,
0.7021696252465484,0.6873767258382643,0.5595262851345426,0.6873767258382643,0.6016491635604733,
0.7424242424242424,0.7414141414141414,0.6380767947389093,0.7414141414141414,0.6639027329895607,
0.6698841698841699,0.6631274131274131,0.5055740703109125,0.6631274131274131,0.5681568839806587,
0.7138810198300283,0.7072710103871577,0.598597088266536,0.7072710103871577,0.6330516726971,
0.7026239067055393,0.6802721088435374,0.5561947644862091,0.6802721088435374,0.6030205139745329,
0.6978764478764479,0.6872586872586872,0.5513987133445262,0.6872586872586872,0.6010665703695073,
0.7098943323727186,0.6906820365033621,0.5425277182401742,0.6906820365033621,0.6002563930431922,
0.7188755020080321,0.7168674698795181,0.5950688111432998,0.7168674698795181,0.6306632117512891,
0.6792079207920793,0.6712871287128713,0.5338366041181846,0.6712871287128713,0.5772364705772577,
0.6962890625,0.685546875,0.5434371458769177,0.685546875,0.5935676004596951,
0.7261208576998051,0.7056530214424951,0.5799513496547395,0.7056530214424951,0.6287642480835736,
0.6962524654832347,0.6932938856015779,0.5590942901079797,0.6932938856015779,0.6041087577326351,
0.6970588235294117,0.6892156862745098,0.561226189685401,0.6892156862745098,0.5965541680971316,
0.6783567134268537,0.6693386773547094,0.5461404657499819,0.6693386773547094,0.5829899006603274,
0.7016848364717542,0.6897918731417245,0.5549817013927689,0.6897918731417245,0.5979404482116505,
0.6952380952380952,0.6828571428571428,0.5537332993803582,0.6828571428571428,0.5955979531485887,
0.6811023622047244,0.6742125984251969,0.5452921382465434,0.6742125984251969,0.5897104783707264,
0.6963761018609207,0.6895200783545543,0.5512762939942136,0.6895200783545543,0.5951517093938936,
0.712890625,0.705078125,0.5661014731413399,0.705078125,0.6195936189143216,
0.7046783625730995,0.6861598440545809,0.5248224774962178,0.6861598440545809,0.5914431043003451,
0.7158746208291203,0.704752275025278,0.5843318959525344,0.704752275025278,0.6278389712680913,
