Majority Class Accuracy,Accuracy,Precision,Recall,F Score,Support
0.49758919961427195,0.49951783992285437,0.38008073337642295,0.49951783992285437,0.4148303416396049,
0.4623552123552124,0.4517374517374517,0.35504270025238793,0.4517374517374517,0.3794335106332773,
0.4221153846153846,0.4201923076923077,0.3205234824817354,0.4201923076923077,0.3458452978366326,
0.4844221105527638,0.4884422110552764,0.3889171705125909,0.4884422110552764,0.4216453977343906,
0.466403162055336,0.4258893280632411,0.33025506306190017,0.4258893280632411,0.3635386606409704,
0.48141086749285034,0.45567206863679693,0.34093861507308204,0.45567206863679693,0.37466161506470197,
0.4531872509960159,0.43824701195219123,0.3544923197134875,0.43824701195219123,0.3747522210065388,
0.48454636091724823,0.4745762711864407,0.3673962622449431,0.4745762711864407,0.401407903933808,
0.5004878048780488,0.4751219512195122,0.4070462059375188,0.4751219512195122,0.41852450016982967,
0.4905284147557328,0.4795613160518445,0.39322247650409625,0.4795613160518445,0.41980264711653265,
0.4432793136320305,0.45376549094375596,0.3685657304419904,0.45376549094375596,0.3823479309386988,
0.4602215508559919,0.46324269889224573,0.358239630563135,0.46324269889224573,0.39665828104297496,
0.46355685131195334,0.4557823129251701,0.34391323875168556,0.4557823129251701,0.3848391487084284,
0.5076923076923077,0.4846153846153846,0.38991331291862763,0.4846153846153846,0.41935116214325396,
0.4549763033175355,0.45023696682464454,0.3536972033449586,0.45023696682464454,0.373529476553995,
0.45569620253164556,0.46153846153846156,0.3796697264044169,0.46153846153846156,0.39231418832800186,
0.44708209693372897,0.4421364985163205,0.3502429852468896,0.4421364985163205,0.3762339691572261,
0.4542829643888354,0.45332050048123196,0.3745681716911678,0.45332050048123196,0.39363317814904863,
0.47274529236868185,0.466798810703667,0.3553820752675676,0.466798810703667,0.39070322951991177,
0.4808259587020649,0.47000983284169123,0.3720871010276441,0.47000983284169123,0.4003773839238558,
0.49342770475227504,0.48028311425682507,0.3935861122402488,0.48028311425682507,0.417227631478207,
0.4462890625,0.4541015625,0.3917240795725225,0.4541015625,0.3939745530539259,
0.4703595724003887,0.4742468415937804,0.3844363586566201,0.4742468415937804,0.40841469159705446,
0.4818449460255152,0.48282630029440626,0.3971023071851409,0.48282630029440626,0.4205715634176678,
0.4502923976608187,0.4444444444444444,0.34411083667378306,0.4444444444444444,0.3723105380719501,
0.4749518304431599,0.4624277456647399,0.36161083678046035,0.4624277456647399,0.3976994004384549,
0.4786917740336967,0.464816650148662,0.3655840070710811,0.464816650148662,0.3950334657063305,
0.48151750972762647,0.47568093385214005,0.4000487800048416,0.47568093385214005,0.41485986386519064,
0.465161923454367,0.4563297350343474,0.3682586022683646,0.4563297350343474,0.3848892764878096,
0.48697394789579157,0.47995991983967934,0.38345257785739734,0.47995991983967934,0.41625561262587907,
