Majority Class Accuracy,Accuracy,Precision,Recall,F Score,Support
0.6982591876208898,0.695357833655706,0.5715212641210388,0.695357833655706,0.6008231165848179,
0.6953046953046953,0.6733266733266733,0.5248313277320863,0.6733266733266733,0.5805767977682845,
0.697560975609756,0.6936585365853658,0.5390709178814129,0.6936585365853658,0.5925428771132905,
0.7137216189536032,0.7038499506416585,0.5780721589929569,0.7038499506416585,0.6210169343703276,
0.7090367428003972,0.6941410129096326,0.574289982651528,0.6941410129096326,0.6162981472849051,
0.6796407185628742,0.6726546906187625,0.5911738614274719,0.6726546906187625,0.5862118787285107,
0.7032007759456838,0.6867119301648884,0.583526604455375,0.6867119301648884,0.6055286223750984,
0.7067594433399602,0.6868787276341949,0.5489672710180971,0.6868787276341949,0.5999049508581084,
0.6935014548981572,0.6789524733268671,0.5260078946113116,0.6789524733268671,0.58070323091621,
0.7053742802303263,0.7034548944337812,0.5583973623115973,0.7034548944337812,0.6076671435508455,
0.6931372549019608,0.6843137254901961,0.5453084487927402,0.6843137254901961,0.5856528081124369,
0.687015503875969,0.6763565891472868,0.53134675011423,0.6763565891472868,0.581313988032862,
0.7044334975369458,0.6788177339901478,0.5375401385745561,0.6788177339901478,0.5945816654779407,
0.6763565891472868,0.6589147286821705,0.4889092794457536,0.6589147286821705,0.5572158310530404,
0.6828793774319066,0.669260700389105,0.5141640453664645,0.669260700389105,0.5702549766668124,
0.7004784688995215,0.6832535885167464,0.5542303467907249,0.6832535885167464,0.6075413746697291,
0.6915615906886518,0.6876818622696411,0.5314782475888251,0.6876818622696411,0.5934239629680949,
0.709452736318408,0.6975124378109453,0.5673123106273147,0.6975124378109453,0.6065763077526535,
0.6977205153617443,0.6818632309217046,0.536815572190462,0.6818632309217046,0.5920689408328346,
0.6916342412451362,0.6819066147859922,0.5438917256764371,0.6819066147859922,0.5939992605975278,
0.7125867195242814,0.6987115956392468,0.572105851016706,0.6987115956392468,0.6138595440617073,
0.7093023255813954,0.7015503875968992,0.5544452933904249,0.7015503875968992,0.6068618954652012,
0.6955252918287937,0.6809338521400778,0.5380505323851842,0.6809338521400778,0.592766760848725,
0.7046783625730995,0.7037037037037037,0.5733299737855604,0.7037037037037037,0.6196369160539504,
0.7220630372492837,0.7067812798471824,0.5615125859492306,0.7067812798471824,0.6232883802697864,
0.7092682926829268,0.6936585365853658,0.5332536734541656,0.6936585365853658,0.5931531092279424,
0.6786060019361084,0.6698935140367861,0.5493062278154244,0.6698935140367861,0.5827794008273948,
0.6741463414634147,0.6702439024390244,0.5328505326686156,0.6702439024390244,0.5778527754369425,
0.6939182452642074,0.6959122632103689,0.5594651127484803,0.6959122632103689,0.6001296773783025,
0.6943620178041543,0.6834817012858556,0.5037525105710907,0.6834817012858556,0.5717238014461666,
