Majority Class Accuracy,Accuracy,Precision,Recall,F Score,Support
0.6959921798631477,0.6852394916911045,0.5551108327479242,0.6852394916911045,0.6028519411109001,
0.6739780658025922,0.6689930209371885,0.517379409390875,0.6689930209371885,0.562459943515709,
0.684931506849315,0.678082191780822,0.5384127646117958,0.678082191780822,0.575952130502224,
0.6966731898238747,0.6927592954990215,0.53009510924275,0.6927592954990215,0.591452574402498,
0.695,0.675,0.5174921496414033,0.675,0.5792370172567837,
0.6993987975951904,0.685370741482966,0.5255161775833825,0.685370741482966,0.5789993671174761,
0.7142857142857143,0.7093596059113301,0.5576591136401071,0.7093596059113301,0.6132379096985873,
0.6790971540726202,0.677134445534838,0.5373782821408372,0.677134445534838,0.5757055984361238,
0.6935960591133005,0.683743842364532,0.5382129112045035,0.683743842364532,0.5973347795302874,
0.7100591715976331,0.6942800788954635,0.5357474656860395,0.6942800788954635,0.6008537149722708,
0.6931372549019608,0.6754901960784314,0.5499992517364443,0.6754901960784314,0.5869931338077291,
0.6856316297010607,0.6779170684667309,0.5192166881655792,0.6779170684667309,0.5732336826737616,
0.6925373134328359,0.6825870646766169,0.5456231676664052,0.6825870646766169,0.5942581215096687,
0.6799610894941635,0.6750972762645915,0.5225303414057318,0.6750972762645915,0.5716152808691435,
0.7104743083003953,0.691699604743083,0.564767573385271,0.691699604743083,0.6110973907623093,
0.7142857142857143,0.7054187192118226,0.55915973512073,0.7054187192118226,0.607827907663704,
0.6689059500959693,0.6602687140115163,0.4978742955239077,0.6602687140115163,0.5550361782276528,
0.6931372549019608,0.6764705882352942,0.5268364494689111,0.6764705882352942,0.5851816037797332,
0.693719806763285,0.6840579710144927,0.5409731932836872,0.6840579710144927,0.5964221402903372,
0.6977648202137998,0.6899902818270165,0.5334305150631681,0.6899902818270165,0.5902639292975206,
0.7077534791252486,0.7027833001988072,0.5608770310920473,0.7027833001988072,0.6096737667548385,
0.7066929133858267,0.6978346456692913,0.5490177638353986,0.6978346456692913,0.607143420256467,
0.6970873786407767,0.6902912621359223,0.5705062805112172,0.6902912621359223,0.6076183359563072,
0.7072691552062869,0.6974459724950884,0.5350033379074387,0.6974459724950884,0.6012112137306215,
0.69921875,0.6904296875,0.5711604224918746,0.6904296875,0.6026523988739027,
0.6959526159921027,0.6821322803553801,0.546410916413961,0.6821322803553801,0.583013102515684,
0.6692836113837095,0.6584887144259077,0.5143781202319795,0.6584887144259077,0.5555759934874326,
0.7156673114119922,0.7127659574468085,0.5921622212701422,0.7127659574468085,0.6148559627020732,
0.675025075225677,0.6670010030090271,0.5241595119666042,0.6670010030090271,0.5624574433349725,
0.672962226640159,0.6530815109343936,0.4996711703747148,0.6530815109343936,0.5607542984743199,
