Majority Class Accuracy,Accuracy,Precision,Recall,F Score,Support
0.12928501469147893,0.23016650342801176,0.22951630514223792,0.23016650342801176,0.2170858933489736,
0.11301044634377967,0.19848053181386516,0.1921331343541348,0.19848053181386516,0.19023707018275368,
0.13847675568743817,0.21167161226508407,0.2040342787411013,0.21167161226508407,0.20313720058493417,
0.13249516441005801,0.2079303675048356,0.2071631969062566,0.2079303675048356,0.20364476451065086,
0.11839530332681017,0.2318982387475538,0.23236902840765528,0.2318982387475538,0.22487396864877335,
0.13170731707317074,0.2302439024390244,0.2286708217037297,0.2302439024390244,0.2210464769192578,
0.11627906976744186,0.23837209302325582,0.2313711173115537,0.23837209302325582,0.22971279304708456,
0.13960396039603962,0.23267326732673269,0.22952390377645393,0.23267326732673269,0.22288497671062152,
0.11477045908183632,0.2215568862275449,0.21660946437448425,0.2215568862275449,0.21643635383973597,
0.12687312687312688,0.23976023976023977,0.22731985967814328,0.23976023976023977,0.2271018592366806,
0.115234375,0.2314453125,0.2300137800886866,0.2314453125,0.22534729749713397,
0.140748031496063,0.20374015748031496,0.2070240062867895,0.20374015748031496,0.20033866877592357,
0.11671612265084075,0.2423343224530168,0.23817349354088563,0.2423343224530168,0.23432653011342078,
0.12584704743465633,0.23039690222652467,0.21908036996134972,0.23039690222652467,0.21743046856281031,
0.1221449851042701,0.2135054617676266,0.2036404872258059,0.2135054617676266,0.20000899509117537,
0.12962962962962962,0.22612085769980506,0.222075691835898,0.22612085769980506,0.21918614888449992,
0.12124151309408342,0.2289039767216295,0.2216651923477211,0.2289039767216295,0.22163316588079504,
0.12342079689018465,0.25267249757045673,0.23060760578380568,0.25267249757045673,0.23200788504178158,
0.1226321036889332,0.22931206380857427,0.22621789168177667,0.22931206380857427,0.219294866302833,
0.1269083969465649,0.25,0.23700321318741127,0.25,0.23531479176135645,
0.12962962962962962,0.21637426900584794,0.21559075532766667,0.21637426900584794,0.21078753562473201,
0.12391093901258471,0.21297192642787996,0.20297904849188975,0.21297192642787996,0.20045398207996612,
0.1282565130260521,0.21442885771543085,0.21356415630026865,0.21442885771543085,0.2092910900617909,
0.11556829035339064,0.2110792741165234,0.19997587236879485,0.2110792741165234,0.19793308756060018,
0.12788461538461537,0.21153846153846154,0.20708141790940524,0.21153846153846154,0.20581453200863026,
0.12,0.23219512195121952,0.22711650252881205,0.23219512195121952,0.2236677676337713,
0.13843175217812198,0.23523717328170377,0.22888764955579993,0.23523717328170377,0.2247580298482131,
0.136669874879692,0.22136669874879691,0.21216502138667698,0.22136669874879691,0.2106816090580336,
0.13170731707317074,0.20878048780487804,0.200366639876401,0.20878048780487804,0.1985279670799717,
0.11946050096339114,0.2302504816955684,0.22229177075219902,0.2302504816955684,0.22213533066905464,
