Majority Class Accuracy,Accuracy,Precision,Recall,F Score,Support
0.7036328871892925,0.7007648183556405,0.5542844798344535,0.7007648183556405,0.5991239933171812,
0.7025948103792415,0.7025948103792415,0.6124090465407831,0.7025948103792415,0.6041221877972747,
0.7140133460438512,0.7092469018112488,0.6019139001558248,0.7092469018112488,0.6193042429350928,
0.6885406464250735,0.6816846229187071,0.5313395824594471,0.6816846229187071,0.5839396382368959,
0.7168316831683168,0.7128712871287128,0.5928583817714409,0.7128712871287128,0.624806146055782,
0.697786333012512,0.6891241578440809,0.5380656142586212,0.6891241578440809,0.5941969896767129,
0.7178743961352657,0.7111111111111111,0.5652469667888762,0.7111111111111111,0.6234548487154766,
0.7168141592920354,0.7079646017699115,0.5603932761507375,0.7079646017699115,0.6174466378809316,
0.6872586872586872,0.6747104247104247,0.5479165129478283,0.6747104247104247,0.5847596240734776,
0.7090558766859345,0.7013487475915221,0.5896418042110639,0.7013487475915221,0.6028189331026423,
0.7115198451113263,0.7047434656340755,0.5781236094437049,0.7047434656340755,0.6115637682268642,
0.6886699507389162,0.6768472906403941,0.522659187533716,0.6768472906403941,0.5768380028787057,
0.6926070038910506,0.6770428015564203,0.5435725818039892,0.6770428015564203,0.5888590934083332,
0.7000973709834469,0.691333982473223,0.5400219060024372,0.691333982473223,0.5907215782428751,
0.6881091617933723,0.6851851851851852,0.5428255950709527,0.6851851851851852,0.5921256445122627,
0.7099903006789525,0.6905916585838991,0.5442138883315117,0.6905916585838991,0.6013032991686142,
0.6643902439024391,0.6643902439024391,0.5269520421482135,0.6643902439024391,0.5678593166376621,
0.7030784508440914,0.6951340615690169,0.5505022636841839,0.6951340615690169,0.5964033835501512,
0.6993275696445725,0.7031700288184438,0.5695900767611778,0.7031700288184438,0.6088757407459668,
0.7144259077526988,0.7075564278704612,0.5799459038597231,0.7075564278704612,0.6163438927432484,
0.7033398821218074,0.6944990176817288,0.5286247849226272,0.6944990176817288,0.5932508750136952,
0.7012609117361784,0.6954413191076625,0.5309989853960598,0.6954413191076625,0.5907629719326664,
0.7061105722599418,0.6954413191076625,0.5687643662538389,0.6954413191076625,0.6073284792483199,
0.6871945259042033,0.6793743890518084,0.5421872533112971,0.6793743890518084,0.5808553736194889,
0.6912621359223301,0.6757281553398058,0.5630940836485981,0.6757281553398058,0.5872198115532618,
0.6918604651162791,0.685077519379845,0.5324199423036633,0.685077519379845,0.577780809854702,
0.7019417475728156,0.7097087378640776,0.5786193420079178,0.7097087378640776,0.609775412932565,
0.7019230769230769,0.6865384615384615,0.5389189080552175,0.6865384615384615,0.5911976683619211,
0.7083743842364532,0.7054187192118226,0.5700652726393175,0.7054187192118226,0.6131908659292027,
0.6832358674463938,0.6812865497076024,0.5455662845562078,0.6812865497076024,0.5852667478200266,
