Majority Class Accuracy,Accuracy,Precision,Recall,F Score,Support
0.457807953443259,0.30746847720659554,0.292981297128933,0.30746847720659554,0.2994534295050561,
0.47847847847847846,0.34434434434434436,0.32480908382324,0.34434434434434436,0.3336608480787799,
0.44711538461538464,0.30096153846153845,0.2803293155792441,0.30096153846153845,0.28833861303908515,
0.44129158512720157,0.3111545988258317,0.2856757852495219,0.3111545988258317,0.29666545245273546,
0.4798076923076923,0.3230769230769231,0.30613818982945634,0.3230769230769231,0.3136347261260465,
0.4578790882061447,0.30822596630327054,0.3002599791840863,0.30822596630327054,0.3034496944060721,
0.49555774925962487,0.3168805528134255,0.30969949899584726,0.3168805528134255,0.3130568681030499,
0.4863013698630137,0.34344422700587085,0.32845617276632544,0.34344422700587085,0.3354936313365228,
0.47992164544564153,0.3281096963761019,0.30971212348675564,0.3281096963761019,0.3179818782012047,
0.44553483807654565,0.31599607458292445,0.2913620228345279,0.31599607458292445,0.301696761206344,
0.4598039215686274,0.30686274509803924,0.299521663157061,0.30686274509803924,0.30247379126599133,
0.46123650637880276,0.30225711481844947,0.2922077933563012,0.30225711481844947,0.29678428847047694,
0.45877788554801163,0.32492725509214354,0.3057641281956016,0.32492725509214354,0.31368278438217034,
0.5,0.3391472868217054,0.3394520493360537,0.3391472868217054,0.3391718978314837,
0.4921259842519685,0.3405511811023622,0.3248375328430265,0.3405511811023622,0.33175755477342456,
0.48090107737512244,0.33006856023506365,0.3176434733787093,0.33006856023506365,0.32352951884930686,
0.4661508704061896,0.31334622823984526,0.30494693909769727,0.31334622823984526,0.3089473962616823,
0.46750727449078566,0.3268671193016489,0.31088261247555293,0.3268671193016489,0.3180512274146121,
0.47262247838616717,0.34293948126801155,0.328354785645081,0.34293948126801155,0.33446060786569226,
0.4584139264990329,0.30464216634429403,0.2935808378983237,0.30464216634429403,0.2984252366666088,
0.5034079844206426,0.3213242453748783,0.3096686400139793,0.3213242453748783,0.3153221520038935,
0.44508118433619864,0.3008595988538682,0.27378230442544244,0.3008595988538682,0.28486992520898236,
0.46153846153846156,0.3155818540433925,0.2963462954583147,0.3155818540433925,0.30426851073195516,
0.43559488692232057,0.30678466076696165,0.28400796070338763,0.30678466076696165,0.29331469460152565,
0.5049115913555993,0.34970530451866405,0.33650293594021435,0.34970530451866405,0.3425860848848221,
0.48927875243664715,0.3284600389863548,0.3100407877530009,0.3284600389863548,0.31876331708504513,
0.5034756703078451,0.32969215491559084,0.3394661567500505,0.32969215491559084,0.3342796931716032,
0.4743465634075508,0.324298160696999,0.30855001938714177,0.324298160696999,0.31579475746427155,
0.4896957801766438,0.3042198233562316,0.29762961549220973,0.3042198233562316,0.3001921393093088,
0.47838899803536344,0.35461689587426326,0.34000323278877326,0.35461689587426326,0.3465310417970792,
