Majority Class Accuracy,Accuracy,Precision,Recall,F Score,Support
0.6976047904191617,0.5319361277445109,0.5295943842885528,0.5319361277445109,0.5305087486251401,
0.7012487992315082,0.5485110470701249,0.518546275878027,0.5485110470701249,0.5329209771493099,
0.7054794520547946,0.5352250489236791,0.5412364808228892,0.5352250489236791,0.5379751846350755,
0.7213740458015268,0.5572519083969466,0.5554687661487064,0.5572519083969466,0.5562804853506541,
0.6779324055666004,0.5198807157057654,0.4960633899551951,0.5198807157057654,0.5070061095783954,
0.7191574724172518,0.5356068204613842,0.5473387684648389,0.5356068204613842,0.5413427606884837,
0.6936585365853658,0.5258536585365854,0.5304875357973438,0.5258536585365854,0.5280430200183672,
0.7052023121387283,0.5375722543352601,0.5254853046162848,0.5375722543352601,0.5312374192535794,
0.7007874015748031,0.5226377952755905,0.5298358651629131,0.5226377952755905,0.5260748738849201,
0.7174975562072337,0.552297165200391,0.554061258431706,0.552297165200391,0.5530421270923179,
0.6753507014028056,0.5120240480961924,0.4839025870714213,0.5120240480961924,0.49741880541977374,
0.717201166180758,0.576287657920311,0.5668941781357149,0.576287657920311,0.5714387431783293,
0.7346733668341708,0.5708542713567839,0.5617986446007858,0.5708542713567839,0.5662236116706011,
0.6833333333333333,0.49117647058823527,0.5049980567364987,0.4911764705882352,0.49789951824523704,
0.7017716535433071,0.5364173228346457,0.5289602055202178,0.5364173228346457,0.5325260926791943,
0.6835443037974683,0.5092502434274586,0.48266178612778665,0.5092502434274586,0.4952581881756895,
0.7087753134040502,0.5525554484088717,0.5406582075722591,0.5525554484088717,0.5464059387803573,
0.676266137040715,0.5124131082423039,0.4906785678347978,0.5124131082423039,0.5006700318668532,
0.6996047430830039,0.5266798418972332,0.5223931886616545,0.5266798418972332,0.5239139511750471,
0.677734375,0.5009765625,0.48943292723459186,0.5009765625,0.49502412765318105,
0.6829745596868885,0.5342465753424658,0.5143601655701757,0.5342465753424658,0.5233167638284187,
0.6737657308809293,0.510164569215876,0.4841861518762426,0.510164569215876,0.49659074361930483,
0.7044334975369458,0.5280788177339901,0.5406643524870368,0.5280788177339901,0.5340420828675149,
0.6669970267591675,0.49454905847373637,0.47560615571704956,0.49454905847373637,0.48478056270957287,
0.7081673306772909,0.5139442231075697,0.5246776034212016,0.5139442231075697,0.5191234519507402,
0.7002967359050445,0.5262116716122651,0.5204372016770379,0.5262116716122651,0.5232288494499947,
0.7423076923076923,0.5634615384615385,0.5861812407754432,0.5634615384615385,0.5744644053079349,
0.6846758349705304,0.5235756385068763,0.5054631991666307,0.5235756385068763,0.5142438075036544,
0.7023575638506876,0.5157170923379175,0.5320565487969637,0.5157170923379175,0.5236063580147431,
0.7119460500963392,0.5520231213872833,0.5255005484159693,0.5520231213872833,0.5379588416919686,
