Majority Class Accuracy,Accuracy,Precision,Recall,F Score,Support
0.12634671890303623,0.13712047012732614,0.13459447008465997,0.13712047012732614,0.13510233899043764,
0.12291052114060963,0.15142576204523106,0.15282295867186396,0.15142576204523106,0.151210771858521,
0.11530815109343936,0.15208747514910537,0.15203508435038307,0.15208747514910537,0.15110488867774483,
0.12135922330097088,0.11941747572815534,0.12225600640763636,0.11941747572815534,0.12045553212819156,
0.11742059672762271,0.14629451395572665,0.1454212054098646,0.14629451395572665,0.14483248656498313,
0.12386706948640483,0.1510574018126888,0.1533279977452047,0.1510574018126888,0.15194116526807003,
0.11956521739130435,0.12055335968379446,0.12075308768579038,0.12055335968379446,0.12039237215263092,
0.1360078277886497,0.14579256360078277,0.14513634550663376,0.14579256360078277,0.14481530229655273,
0.13976377952755906,0.1279527559055118,0.12703266989735776,0.1279527559055118,0.1264907051581707,
0.12596153846153846,0.12596153846153846,0.12543464394255854,0.12596153846153846,0.12500784249552066,
0.12106299212598425,0.15059055118110237,0.1494952822219915,0.15059055118110237,0.14928753531698502,
0.11121951219512195,0.13658536585365855,0.13438202494290347,0.13658536585365855,0.13468183445263665,
0.11572700296735905,0.13353115727002968,0.1330334106388278,0.13353115727002968,0.13191339255600526,
0.11293436293436293,0.12644787644787644,0.12555540189110792,0.12644787644787644,0.12524575011516662,
0.13457760314341846,0.13261296660117877,0.1333419977785932,0.13261296660117877,0.13286808570026015,
0.13793103448275862,0.13497536945812807,0.1341707192788616,0.13497536945812807,0.1342720931771154,
0.1264705882352941,0.11274509803921569,0.1123771422664278,0.11274509803921569,0.11240028498164592,
0.11895551257253385,0.12669245647969052,0.12720449442899442,0.12669245647969052,0.12684873299733634,
0.1344294003868472,0.13539651837524178,0.13812113649393457,0.13539651837524178,0.13515518221320574,
0.12030798845043311,0.1482194417709336,0.14715960832523373,0.1482194417709336,0.14694469617163455,
0.11175337186897881,0.1233140655105973,0.12618740370875609,0.1233140655105973,0.12406330723734621,
0.11493123772102161,0.14243614931237722,0.14080367223592655,0.14243614931237722,0.14049613253619944,
0.1457725947521866,0.13119533527696792,0.1338027335649629,0.13119533527696792,0.13141070391163784,
0.1405940594059406,0.1198019801980198,0.12075041845831899,0.1198019801980198,0.11975116546338353,
0.14455445544554454,0.14752475247524752,0.14951230939097182,0.14752475247524752,0.14794670700245946,
0.13124387855044076,0.12830558276199805,0.12903277617326178,0.12830558276199805,0.1283385280784418,
0.11884057971014493,0.14106280193236714,0.14282212083864354,0.14106280193236714,0.1411377634555075,
0.1298828125,0.15625,0.1584961838255098,0.15625,0.15649572321627012,
0.14102564102564102,0.15483234714003946,0.15402917311014744,0.15483234714003946,0.15375993955124606,
0.12246865959498554,0.133076181292189,0.13166259905938002,0.133076181292189,0.13169516757505884,
