Majority Class Accuracy,Accuracy,Precision,Recall,F Score,Support
0.6986301369863014,0.5068493150684932,0.518637644221651,0.5068493150684932,0.5124906142067962,
0.6818181818181818,0.5306324110671937,0.50699815256697,0.5306324110671937,0.5180860119794769,
0.6962025316455697,0.5462512171372931,0.5289465470693662,0.5462512171372931,0.5366274660150192,
0.6962890625,0.53125,0.5192252018201947,0.53125,0.5243993233957389,
0.6878727634194831,0.525844930417495,0.5109496136649859,0.525844930417495,0.5180989470601928,
0.7052023121387283,0.5298651252408478,0.5216166802562576,0.5298651252408478,0.5256578072269351,
0.6797323135755258,0.5181644359464627,0.5026251661973086,0.5181644359464627,0.5100872137129406,
0.7054263565891473,0.5300387596899225,0.5318042214738639,0.5300387596899225,0.530418894603286,
0.7075098814229249,0.5434782608695652,0.5511958640327725,0.5434782608695652,0.5472680872939005,
0.688298918387414,0.5368731563421829,0.5111249163973579,0.5368731563421829,0.5233008794040717,
0.7032007759456838,0.5402521823472357,0.51966432089523,0.5402521823472357,0.5296137432074363,
0.696911196911197,0.5154440154440154,0.5192857501353324,0.5154440154440154,0.517266446563568,
0.6747337850919651,0.5314617618586641,0.5010071082140087,0.5314617618586641,0.5146018634474631,
0.6946341463414634,0.5385365853658537,0.5256970751255522,0.5385365853658537,0.5319123925636142,
0.7011834319526628,0.539447731755424,0.5378165094390318,0.539447731755424,0.5385197676898169,
0.6910331384015594,0.5311890838206628,0.5134252912690457,0.5311890838206628,0.5217600857638877,
0.6956947162426614,0.5362035225048923,0.5265364796349792,0.5362035225048923,0.5311747588876786,
0.7253384912959381,0.5725338491295938,0.5649480388743892,0.5725338491295938,0.5680777989475733,
0.7127344521224087,0.510365251727542,0.5289242727580331,0.510365251727542,0.5192307335412594,
0.7110894941634242,0.5505836575875487,0.5448320624095236,0.5505836575875487,0.5475699055453458,
0.710172744721689,0.5143953934740882,0.5246624606898525,0.5143953934740882,0.519437323535483,
0.6892278360343184,0.5090562440419447,0.5021827662306753,0.5090562440419447,0.5055337958610608,
0.6814671814671814,0.5212355212355212,0.5116009141966819,0.5212355212355212,0.5161905866092049,
0.7108673978065803,0.5353938185443669,0.5374172133665448,0.5353938185443669,0.536402744469089,
0.6843137254901961,0.5294117647058824,0.5084554962410939,0.5294117647058824,0.5184011366618201,
0.6702649656526006,0.5132482826300294,0.4937444098225218,0.5132482826300294,0.5030046671283661,
0.6953907815631263,0.5400801603206413,0.5299599579531828,0.5400801603206413,0.5345706386128578,
0.7117117117117117,0.5475475475475475,0.5432501357939955,0.5475475475475475,0.5451038238882954,
0.6857419980601358,0.5664403491755577,0.5254854693748972,0.5664403491755577,0.5439247354292482,
0.6916256157635468,0.5507389162561577,0.5394559789067105,0.5507389162561577,0.5446639137229188,
