Majority Class Accuracy,Accuracy,Precision,Recall,F Score,Support
0.6846229187071499,0.6464250734573947,0.5027210728911907,0.6464250734573947,0.5564049330612089,
0.6686274509803921,0.6352941176470588,0.4619366326906545,0.6352941176470588,0.5306384505021521,
0.685131195335277,0.652089407191448,0.48861208255432687,0.652089407191448,0.5545922263232377,
0.6927592954990215,0.6575342465753424,0.5153340788370142,0.6575342465753424,0.5667254541827411,
0.7047434656340755,0.6718296224588577,0.5352534902928502,0.6718296224588577,0.5887206820994417,
0.7064128256513026,0.657314629258517,0.5145217303512768,0.657314629258517,0.5725910109677644,
0.6890424481737414,0.6386969397828233,0.4873994152773013,0.6386969397828233,0.5483100873876536,
0.6970278044103547,0.6586768935762224,0.5094497628393626,0.6586768935762224,0.5663471870384488,
0.6990291262135923,0.6456310679611651,0.502146889010741,0.6456310679611651,0.5609680235730655,
0.733140655105973,0.6811175337186898,0.5418055057496346,0.6811175337186898,0.6021350183702534,
0.7039159503342884,0.6685768863419294,0.524037254131941,0.6685768863419294,0.5768709487552978,
0.7091439688715954,0.664396887159533,0.5219430558429163,0.664396887159533,0.5794143234976378,
0.6908576814326107,0.6569274269557022,0.5014811966999447,0.6569274269557022,0.5583815912359226,
0.6978346456692913,0.65748031496063,0.5065067674900259,0.65748031496063,0.5652197696059036,
0.6840039254170756,0.6486751717369971,0.5148596863125071,0.6486751717369971,0.5579950906227183,
0.6996124031007752,0.6734496124031008,0.5346367036950459,0.6734496124031008,0.5720983645548162,
0.706,0.649,0.5070490683229815,0.649,0.5656988572327584,
0.7003891050583657,0.6527237354085603,0.5060289904647881,0.6527237354085603,0.5663649567058296,
0.7321603128054741,0.6852394916911045,0.5619046927244996,0.6852394916911045,0.6112700764527454,
0.7049019607843138,0.6676470588235294,0.5212448133811659,0.6676470588235294,0.5775301692230886,
0.6889952153110048,0.6373205741626794,0.4997240351408236,0.6373205741626794,0.5532827616831275,
0.7021484375,0.650390625,0.5153099495634422,0.650390625,0.5712710247977902,
0.6958661417322834,0.655511811023622,0.5025290771004883,0.655511811023622,0.5622819132185756,
0.7082096933728981,0.6656775469831849,0.5047552517327281,0.6656775469831849,0.5721597786062329,
0.6856866537717602,0.6470019342359767,0.49621379480741507,0.6470019342359767,0.5535581003245378,
0.7271835132482827,0.6928361138370952,0.5703809318483086,0.6928361138370952,0.6136591083798929,
0.6881616939364774,0.6371511068334937,0.4847325039952746,0.6371511068334937,0.5461970056933353,
0.7241379310344828,0.6807881773399015,0.5460870628515528,0.6807881773399015,0.6012268573256736,
0.6876790830945558,0.6513849092645654,0.5158486939393668,0.6513849092645654,0.5653555400626865,
0.6863323500491643,0.6440511307767945,0.4879198918368198,0.6440511307767945,0.5490296702096111,
