Majority Class Accuracy,Accuracy,Precision,Recall,F Score,Support
0.6583493282149712,0.517274472168906,0.4858366788894135,0.517274472168906,0.5002431041095278,
0.7128810226155359,0.5467059980334317,0.5522591060362355,0.5467059980334317,0.5493545350668907,
0.6813819577735125,0.5009596928982726,0.49341211099847987,0.5009596928982726,0.49681241911411317,
0.6861030126336248,0.5257531584062196,0.5165245725283386,0.5257531584062196,0.5209538727784853,
0.6901960784313725,0.5294117647058824,0.5107960417451336,0.5294117647058824,0.5198477505358818,
0.6949152542372882,0.5373878364905285,0.5338663170232153,0.5373878364905285,0.5355473570367899,
0.7269116186693148,0.5431976166832175,0.5631244129539227,0.5431976166832175,0.5528278171207213,
0.6591355599214146,0.49214145383104124,0.48146610705586235,0.49214145383104124,0.48645355442216254,
0.7021484375,0.5517578125,0.5387704238834848,0.5517578125,0.5450928738252147,
0.6853823814133592,0.5246853823814134,0.5043543784830855,0.5246853823814134,0.5139407203708699,
0.6653543307086615,0.5127952755905512,0.4878722955368764,0.5127952755905512,0.4993413318145013,
0.7348336594911937,0.5655577299412916,0.5760036145722747,0.5655577299412916,0.570657541377299,
0.705,0.543,0.5372783485902407,0.543,0.5397368037031125,
0.6927592954990215,0.5205479452054794,0.511856964158791,0.5205479452054794,0.5159464464740413,
0.6922330097087379,0.5436893203883495,0.5178396300293722,0.5436893203883495,0.5296739185691213,
0.6938976377952756,0.5423228346456693,0.5221848103490843,0.5423228346456693,0.5318336604225334,
0.6905916585838991,0.5121241513094084,0.4982104983329875,0.5121241513094084,0.5049292178896325,
0.716256157635468,0.5467980295566502,0.5530424801239247,0.5467980295566502,0.5497542879793816,
0.7218992248062015,0.5377906976744186,0.5476424893430906,0.5377906976744186,0.5426143829760448,
0.6993210475266731,0.5402521823472357,0.5240028371810764,0.5402521823472357,0.5316820497854463,
0.7008973080757727,0.5363908275174477,0.529055080253279,0.5363908275174477,0.5320466003120582,
0.7292069632495164,0.539651837524178,0.5660515522886606,0.539651837524178,0.5523809949265249,
0.6957364341085271,0.5290697674418605,0.5309426813828649,0.5290697674418605,0.5299211575016869,
0.6840551181102362,0.5295275590551181,0.5198418703521894,0.5295275590551181,0.5245651410680651,
0.7196078431372549,0.5196078431372549,0.5458227460944851,0.5196078431372549,0.5321078013910284,
0.685404339250493,0.5502958579881657,0.5219506317795283,0.5502958579881657,0.5347373039227438,
0.7278978388998035,0.5383104125736738,0.5679003550384428,0.5383104125736738,0.5524894054158372,
0.7011494252873564,0.5201149425287356,0.5242358963725501,0.5201149425287356,0.5218715577748647,
0.6825242718446602,0.5,0.4951815907681261,0.5,0.497509067855793,
0.6942231075697212,0.5617529880478087,0.530746169624487,0.5617529880478087,0.5453767713166047,
