Majority Class Accuracy,Accuracy,Precision,Recall,F Score,Support
0.47996089931573804,0.3069403714565005,0.31013421782357775,0.3069403714565005,0.308343926045966,
0.4878522837706511,0.3080660835762877,0.30767398800209556,0.3080660835762877,0.3075721813385,
0.44288577154308617,0.3156312625250501,0.3001609803322442,0.3156312625250501,0.3053148200538082,
0.46846846846846846,0.34434434434434436,0.32887845454975484,0.34434434434434436,0.3344336138312695,
0.46646646646646645,0.30930930930930933,0.28695662996998716,0.30930930930930933,0.29707810777449595,
0.4645286686103013,0.2944606413994169,0.28230414463078574,0.2944606413994169,0.2878617326191866,
0.4524271844660194,0.3194174757281553,0.29428949900268975,0.3194174757281553,0.30459601065876957,
0.47881773399014776,0.3054187192118227,0.31351028986317653,0.3054187192118227,0.3092075317606961,
0.4729596853490659,0.3048180924287119,0.29424062164190506,0.3048180924287119,0.29905836295336363,
0.46484375,0.306640625,0.30085268817117305,0.306640625,0.3036351278704674,
0.46484375,0.3193359375,0.3076823938019453,0.3193359375,0.31301662561891386,
0.4761441090555015,0.29892891918208375,0.30008603252292115,0.29892891918208375,0.2993773264962697,
0.4476744186046512,0.3003875968992248,0.28183648177108744,0.3003875968992248,0.2899747392913399,
0.48585365853658535,0.30829268292682926,0.3017183674332532,0.30829268292682926,0.30451773110181113,
0.4571984435797665,0.3025291828793774,0.2864464163805026,0.3025291828793774,0.2933864558974692,
0.4655004859086492,0.30029154518950435,0.2870584555515703,0.30029154518950435,0.29249635585422634,
0.43641618497109824,0.3208092485549133,0.29814252624849213,0.3208092485549133,0.30675891002425454,
0.4518950437317784,0.3080660835762877,0.29474993015211826,0.3080660835762877,0.2998029981713691,
0.506416584402764,0.32181638696939785,0.3225200639849438,0.32181638696939785,0.3219531128688638,
0.4800777453838678,0.33527696793002915,0.32730949516256536,0.33527696793002915,0.33071701801042186,
0.4606413994169096,0.3216715257531584,0.3120892687605997,0.3216715257531584,0.3161915586123302,
0.4577603143418468,0.31237721021611004,0.2959237474544075,0.31237721021611004,0.30290764878187004,
0.46432062561094817,0.31573802541544477,0.2929546401758577,0.31573802541544477,0.3030260396655306,
0.4797687861271676,0.3140655105973025,0.3056458177646986,0.3140655105973025,0.30942054295379323,
0.4797630799605133,0.3060217176702863,0.3071449852839137,0.3060217176702863,0.30645374450778895,
0.4661508704061896,0.32205029013539654,0.3039969755573699,0.32205029013539654,0.31219180531533347,
0.48,0.3180487804878049,0.30831949349974586,0.3180487804878049,0.31240202352467966,
0.48778103616813295,0.3088954056695992,0.31637447569546323,0.3088954056695992,0.3123013428178997,
0.48166501486620417,0.32210109018830524,0.3151919774144719,0.32210109018830524,0.3181629960535442,
0.48396793587174347,0.3246492985971944,0.31718232801399576,0.3246492985971944,0.3207429511522409,
