Majority Class Accuracy,Accuracy,Precision,Recall,F Score,Support
0.7089108910891089,0.5306930693069307,0.5406174273668458,0.5306930693069307,0.5353226488402482,
0.703921568627451,0.5147058823529411,0.5138307258410048,0.5147058823529411,0.5141860188562133,
0.685077519379845,0.5193798449612403,0.5121936813895408,0.5193798449612403,0.5150653244802723,
0.6816846229187071,0.5386875612144956,0.5137895474787947,0.5386875612144956,0.5258230615789588,
0.6993210475266731,0.5111542192046556,0.5174066057916736,0.5111542192046556,0.5141502043052852,
0.6964795432921027,0.5356803044719315,0.5130765789632452,0.5356803044719315,0.5240086484881435,
0.7051406401551892,0.5402521823472357,0.5303271264784359,0.5402521823472357,0.5347056410714142,
0.7137254901960784,0.5323529411764706,0.5343064837170883,0.5323529411764706,0.5331372796026231,
0.6970588235294117,0.5313725490196078,0.5178600880809826,0.5313725490196078,0.5242473859071402,
0.707631318136769,0.5569871159563925,0.547217312053729,0.5569871159563925,0.5519124795607043,
0.7019047619047619,0.5285714285714286,0.5085162216101711,0.5285714285714286,0.5180542063452005,
0.7044145873320538,0.5393474088291746,0.5375200582039537,0.5393474088291746,0.5383764230639625,
0.6989453499520614,0.5397890699904123,0.5136692232386126,0.5397890699904123,0.5262602987102069,
0.7208374875373879,0.5413758723828515,0.5611044282466432,0.5413758723828515,0.5508627019468598,
0.684971098265896,0.5038535645472062,0.4982715393541018,0.5038535645472062,0.5008742770821359,
0.6973293768545994,0.5311572700296736,0.5358745550838089,0.5311572700296736,0.5334408044927316,
0.7006737247353224,0.5264677574590952,0.5326904764103257,0.5264677574590952,0.5295569322080522,
0.7183794466403162,0.5247035573122529,0.5407427183696975,0.5247035573122529,0.5325752313743981,
0.6972386587771203,0.5502958579881657,0.5441498073524177,0.5502958579881657,0.54716433416812,
0.6788461538461539,0.5326923076923077,0.5036728014694754,0.5326923076923077,0.5172335133033912,
0.7214566929133859,0.5196850393700787,0.5341042043287486,0.5196850393700787,0.5266828496726407,
0.7253731343283583,0.5383084577114428,0.5539078390722134,0.5383084577114428,0.545889593497191,
0.6832844574780058,0.5043988269794721,0.4995683644529477,0.5043988269794721,0.5019189427196115,
0.6871896722939425,0.506454816285998,0.5165839116324858,0.506454816285998,0.5113227609621219,
0.6988416988416989,0.5328185328185329,0.5136040725765233,0.5328185328185329,0.5229609199390257,
0.7186878727634195,0.5278330019880716,0.5432085003916644,0.5278330019880716,0.5353123089169847,
0.6844143272023233,0.5111326234269119,0.4997584748576719,0.5111326234269119,0.505080199001774,
0.6880998080614203,0.5095969289827256,0.5007986465614793,0.5095969289827256,0.5051454390559951,
0.6776625824693685,0.49764373232799247,0.5047663578227496,0.49764373232799247,0.5005924034317024,
0.67,0.518,0.5029172492099067,0.518,0.509944380817376,
