Majority Class Accuracy,Accuracy,Precision,Recall,F Score,Support
0.6826171875,0.5390625,0.521261064505565,0.5390625,0.5298965676656098,
0.7031700288184438,0.579250720461095,0.5789196998823218,0.579250720461095,0.5785703796623408,
0.6970588235294117,0.5764705882352941,0.5670655341408776,0.5764705882352941,0.5713696801638813,
0.6821322803553801,0.5666337611056268,0.5536894714018002,0.5666337611056268,0.559937294850828,
0.703155818540434,0.596646942800789,0.590110678794906,0.596646942800789,0.5928696701807242,
0.6968810916179338,0.580896686159844,0.5701911790043964,0.580896686159844,0.5751869298642699,
0.7102439024390244,0.5609756097560976,0.5594353533719288,0.5609756097560976,0.5601323663222754,
0.696078431372549,0.5862745098039216,0.5644288427371112,0.5862745098039216,0.5749821247822847,
0.6915708812260536,0.5670498084291188,0.569872599038217,0.5670498084291188,0.568170888246423,
0.6783216783216783,0.5334665334665335,0.5317995831779085,0.5334665334665335,0.5326131851739897,
0.71484375,0.6005859375,0.6033123374424219,0.6005859375,0.6016734152492086,
0.7155172413793104,0.6063218390804598,0.6119793793029967,0.6063218390804598,0.6086064338777152,
0.7281648675171737,0.5858684985279686,0.5922233815862267,0.5858684985279686,0.5889299865192739,
0.7023575638506876,0.5697445972495089,0.5647508651351558,0.5697445972495089,0.5667910438085159,
0.6775469831849654,0.5548961424332344,0.5423035248628719,0.5548961424332344,0.5479792241261987,
0.6783567134268537,0.5871743486973948,0.5642158677004971,0.5871743486973948,0.5750609032982473,
0.7082926829268292,0.5970731707317073,0.5909076705943023,0.5970731707317073,0.5931950482276314,
0.6872037914691943,0.5753554502369668,0.5543127368303027,0.5753554502369668,0.5644439234164422,
0.6864490603363007,0.5845697329376854,0.5593251372784047,0.5845697329376854,0.5713612246662525,
0.7051282051282052,0.5857988165680473,0.5831665425396046,0.5857988165680473,0.5839154318355054,
0.7029411764705882,0.5637254901960784,0.5644248476502868,0.5637254901960784,0.5639317631124691,
0.685404339250493,0.5650887573964497,0.5527475640542603,0.5650887573964497,0.5583000084852204,
0.6806231742940604,0.5628042843232717,0.5384606772424881,0.5628042843232717,0.5500422076131805,
0.6980392156862745,0.5686274509803921,0.5705262373779489,0.5686274509803921,0.569433236369675,
0.6822244289970208,0.5600794438927508,0.5670063695922735,0.5600794438927508,0.5635044815755552,
0.7124378109452736,0.5751243781094527,0.5894823852503551,0.5751243781094527,0.5820190472464021,
0.7149805447470817,0.5826848249027238,0.5918853940602733,0.5826848249027238,0.5870616984480855,
0.6813725490196079,0.5774509803921568,0.5602842487279079,0.5774509803921568,0.5680429479439981,
0.690522243713733,0.59284332688588,0.5547369193853029,0.59284332688588,0.5716821319766936,
0.7181008902077152,0.609297725024728,0.6066662318887838,0.609297725024728,0.6074134773148536,
