Majority Class Accuracy,Accuracy,Precision,Recall,F Score,Support
0.47195357833655704,0.4090909090909091,0.3691418145355412,0.4090909090909091,0.3852961328921378,
0.480276134122288,0.4072978303747535,0.37420960642466855,0.4072978303747535,0.38891221570040185,
0.47632850241545893,0.4067632850241546,0.3678154010376333,0.4067632850241546,0.3856705481697464,
0.47195357833655704,0.40522243713733075,0.37237940093968985,0.40522243713733075,0.38635335652874075,
0.4661432777232581,0.4052993130520118,0.36469727079002495,0.4052993130520118,0.38243409925366434,
0.46993987975951906,0.39579158316633267,0.36690935831555394,0.39579158316633267,0.37970036416098213,
0.48884578079534435,0.4073714839961203,0.3735821936807745,0.4073714839961203,0.38823807516073683,
0.47470817120622566,0.42996108949416345,0.403779514470549,0.42996108949416345,0.41459757311496376,
0.4708691499522445,0.4068767908309456,0.3718723606264341,0.4068767908309456,0.38678827350817135,
0.4808259587020649,0.4139626352015733,0.3959741421303796,0.4139626352015733,0.40394816536547234,
0.475,0.44134615384615383,0.3973522640109178,0.44134615384615383,0.41494022169164096,
0.4915590863952334,0.4131082423038729,0.37999282230955084,0.4131082423038729,0.39404167748838553,
0.48717948717948717,0.4280078895463511,0.39210199660490785,0.4280078895463511,0.4076994136030521,
0.4611602753195674,0.415929203539823,0.3804739194682854,0.415929203539823,0.3948918713287035,
0.4775390625,0.4052734375,0.3611989622031978,0.4052734375,0.3792915371712722,
0.48289345063538613,0.42717497556207235,0.38041850693708046,0.42717497556207235,0.40065718403973277,
0.46439024390243905,0.3902439024390244,0.34913625088458305,0.3902439024390244,0.36476377487066663,
0.457807953443259,0.41028128031037825,0.37826276815545834,0.41028128031037825,0.3917901724202625,
0.4482758620689655,0.3931034482758621,0.3599153004530148,0.3931034482758621,0.372397627359486,
0.4898941289701636,0.44465832531280075,0.4115151824211471,0.44465832531280075,0.4263286452779977,
0.44131910766246363,0.39670223084384093,0.35538567000640636,0.39670223084384093,0.37171287375476225,
0.48265895953757226,0.41714836223506746,0.3790856701828157,0.41714836223506746,0.39563472052986093,
0.4763779527559055,0.42322834645669294,0.3967572059963893,0.42322834645669294,0.40834922275829477,
0.4362745098039216,0.3862745098039216,0.33946740719748314,0.3862745098039216,0.35855744326462197,
0.4794921875,0.4033203125,0.3857755623124102,0.4033203125,0.392959082707865,
0.44901960784313727,0.37549019607843137,0.33995563592870987,0.37549019607843137,0.35518834993554266,
0.4580152671755725,0.39122137404580154,0.3681897009543863,0.39122137404580154,0.37820578326438997,
0.46819085487077533,0.415506958250497,0.37627324554724223,0.415506958250497,0.39359650464183576,
0.4451988360814743,0.39282250242483024,0.3592944265709611,0.39282250242483024,0.3739219178906195,
0.48502994011976047,0.4281437125748503,0.39175597703590265,0.4281437125748503,0.407466816452092,
