Majority Class Accuracy,Accuracy,Precision,Recall,F Score,Support
0.6932814021421616,0.5774099318403116,0.5616836482366429,0.5774099318403116,0.5691979885689993,
0.6966403162055336,0.5770750988142292,0.5577680603363683,0.5770750988142292,0.5665393424253865,
0.7251461988304093,0.5984405458089669,0.6012142693889608,0.5984405458089669,0.5994407873053806,
0.6851851851851852,0.5779727095516569,0.544685340793188,0.5779727095516569,0.5605017889593776,
0.7062374245472837,0.5865191146881288,0.580641616087437,0.5865191146881288,0.583520406585096,
0.6863679694947569,0.5996186844613918,0.5594005130673557,0.5996186844613918,0.5779233529543519,
0.7241045498547919,0.5953533397870281,0.6201594067307482,0.5953533397870281,0.6071048879991203,
0.710019267822736,0.605009633911368,0.5978690801897624,0.605009633911368,0.6012426177365335,
0.6989247311827957,0.5679374389051809,0.5649671699924264,0.5679374389051809,0.5661136409688324,
0.7154228855721393,0.5850746268656717,0.5895936320039511,0.5850746268656717,0.5871038644453694,
0.7068965517241379,0.578544061302682,0.5796034020956312,0.578544061302682,0.5787797130093154,
0.7124378109452736,0.5761194029850746,0.5840796169198427,0.5761194029850746,0.5799821688988676,
0.6986027944111777,0.5748502994011976,0.5711675846707576,0.5748502994011976,0.5725446441463204,
0.675146771037182,0.5606653620352251,0.5501199598075845,0.5606653620352251,0.554930316645353,
0.720703125,0.599609375,0.6066317562669755,0.599609375,0.6030444220273011,
0.6989247311827957,0.5845552297165201,0.5664407405414306,0.5845552297165201,0.5751561272011818,
0.7144249512670565,0.5760233918128655,0.5897150827570488,0.5760233918128655,0.5825513113969696,
0.7043478260869566,0.58743961352657,0.5812850557036939,0.58743961352657,0.584224133509599,
0.6767578125,0.5380859375,0.5279224199393379,0.5380859375,0.5327836633878031,
0.6753371868978806,0.5847784200385356,0.5677477409642393,0.5847784200385356,0.5753871377369095,
0.6902485659655831,0.5803059273422562,0.5543847855905789,0.5803059273422562,0.5668548767667606,
0.6909272183449651,0.5912263210368893,0.5676548103068814,0.5912263210368893,0.5785588298728738,
0.7024048096192385,0.5881763527054108,0.5712493029564725,0.5881763527054108,0.5792175268423904,
0.7004878048780487,0.5951219512195122,0.5852074092760551,0.5951219512195122,0.5898343560857868,
0.6702334630350194,0.556420233463035,0.5464511508587719,0.556420233463035,0.5512782238203452,
0.7216796875,0.587890625,0.597586099721612,0.587890625,0.5921591404817803,
0.6900191938579654,0.581573896353167,0.5773622012824786,0.581573896353167,0.5793193733545421,
0.6901270772238515,0.5786901270772239,0.5685943702688211,0.5786901270772239,0.5724928393953488,
0.6948493683187561,0.5743440233236151,0.5702059627555317,0.5743440233236151,0.5721017576798767,
0.6988416988416989,0.5926640926640927,0.5825268446242088,0.5926640926640927,0.5871476338226734,
