Majority Class Accuracy,Accuracy,Precision,Recall,F Score,Support
0.7102439024390244,0.6517073170731708,0.5783156630547597,0.6517073170731708,0.6093421810678256,
0.696911196911197,0.637065637065637,0.5560442409799422,0.637065637065637,0.591348463185556,
0.696445725264169,0.6359269932756965,0.5576987654433381,0.6359269932756965,0.5920358079225422,
0.6929824561403509,0.621832358674464,0.5497462089567352,0.621832358674464,0.5813427163712658,
0.7242044358727098,0.6518804243008679,0.6070764801542418,0.6518804243008679,0.6273964569235915,
0.6854368932038835,0.6194174757281553,0.5534046801359414,0.6194174757281553,0.5810979770589151,
0.7196819085487077,0.6679920477137177,0.598419330644326,0.6679920477137177,0.6275810793579358,
0.6929133858267716,0.6377952755905512,0.5696535019723661,0.6377952755905512,0.5976929269527304,
0.6621490803484995,0.601161665053243,0.5174039104531178,0.601161665053243,0.552606665310878,
0.6910331384015594,0.6325536062378168,0.5500226449494817,0.6325536062378168,0.5854939999136262,
0.7007648183556405,0.6367112810707457,0.5638385309893483,0.6367112810707457,0.5954617193726368,
0.7162426614481409,0.6643835616438356,0.5936409268985998,0.6643835616438356,0.6235007714592854,
0.6835564053537285,0.5936902485659655,0.5306841014330747,0.5936902485659655,0.5593575598223253,
0.6866267465069861,0.6407185628742516,0.5448606950114824,0.6407185628742516,0.5853549103100758,
0.7012487992315082,0.6167146974063401,0.5511851769809796,0.6167146974063401,0.5803979739640737,
0.7041707080504365,0.6527643064985451,0.5832415551921991,0.6527643064985451,0.6127831765472017,
0.6978131212723658,0.6361829025844931,0.5678787388016907,0.6361829025844931,0.5966517263545329,
0.6896551724137931,0.617816091954023,0.5599747566647924,0.617816091954023,0.5860765273656213,
0.7131630648330058,0.6444007858546169,0.5894583764064043,0.6444007858546169,0.6145685214781693,
0.6845771144278607,0.608955223880597,0.5449373577735935,0.608955223880597,0.5726094319896714,
0.69921875,0.6337890625,0.5749362998847181,0.6337890625,0.6003367036030548,
0.7090558766859345,0.6454720616570327,0.5751666139721461,0.6454720616570327,0.60551723274629,
0.6889106967615309,0.634936211972522,0.5526242330615464,0.634936211972522,0.5875295537604018,
0.7095837366892546,0.6563407550822846,0.5963446042705216,0.6563407550822846,0.6210478548383592,
0.696039603960396,0.6346534653465347,0.5624313585204674,0.6346534653465347,0.5934250272916466,
0.7040714995034757,0.6395233366434955,0.5738539193808828,0.6395233366434955,0.6028275829735196,
0.7252747252747253,0.6593406593406593,0.6029063662227864,0.6593406593406593,0.6284067082486977,
0.6763236763236763,0.6093906093906094,0.5392737395933983,0.6093906093906094,0.57002771057519,
0.7006937561942518,0.643211100099108,0.5769175118931839,0.643211100099108,0.6049416376437448,
0.7016129032258065,0.6421370967741935,0.560062490171413,0.6421370967741935,0.596006664560461,
