Majority Class Accuracy,Accuracy,Precision,Recall,F Score,Support
0.1240234375,0.16015625,0.1614721500958908,0.16015625,0.16058823291825375,
0.115234375,0.1640625,0.16745348520346215,0.1640625,0.16491421544916904,
0.1350293542074364,0.15166340508806261,0.15038379442128194,0.15166340508806261,0.1507753953026069,
0.1344621513944223,0.16633466135458166,0.16657765711136335,0.16633466135458166,0.1662177824640031,
0.13686313686313686,0.14485514485514486,0.14630218811622864,0.14485514485514486,0.1451818947177537,
0.12363996043521266,0.19188921859545005,0.190599807006432,0.19188921859545005,0.1909113919076388,
0.11770428015564202,0.14494163424124515,0.14473637261258973,0.14494163424124515,0.1444251945322306,
0.10721247563352826,0.1783625730994152,0.17922098319159993,0.1783625730994152,0.17826953893548497,
0.12023460410557185,0.16715542521994134,0.17098071143250054,0.16715542521994134,0.16842786780167548,
0.12065637065637065,0.16795366795366795,0.16979952554487932,0.16795366795366795,0.16825393383162948,
0.12221144519883609,0.1629485935984481,0.16388246985860905,0.1629485935984481,0.16235789007933987,
0.12043435340572557,0.16781836130306022,0.17095748487867485,0.16781836130306022,0.16878266726048208,
0.10582524271844661,0.1650485436893204,0.16101031308289918,0.1650485436893204,0.1614420552604191,
0.1239193083573487,0.1585014409221902,0.15986275028727331,0.1585014409221902,0.15842122957762908,
0.13645418326693226,0.14342629482071714,0.14071846303421384,0.14342629482071714,0.14142008397835082,
0.14285714285714285,0.1487279843444227,0.15338054856045538,0.1487279843444227,0.1505175051945551,
0.12054001928640308,0.1677917068466731,0.16667499913953868,0.1677917068466731,0.16666215854862057,
0.11549851924975321,0.16781836130306022,0.17268014582221913,0.16781836130306022,0.16955855961270033,
0.11122047244094488,0.15748031496062992,0.15658615545715635,0.15748031496062992,0.15640043490743732,
0.13173076923076923,0.14903846153846154,0.14882481441413642,0.14903846153846154,0.14851696963725433,
0.1344294003868472,0.18085106382978725,0.18002682440451093,0.18085106382978725,0.17967378970806527,
0.10867492850333652,0.17349857006673022,0.1743132134632748,0.17349857006673022,0.1736367635026153,
0.12512030798845045,0.1588065447545717,0.1577503993936157,0.1588065447545717,0.15773120820958683,
0.14146341463414633,0.1873170731707317,0.18976703004270276,0.1873170731707317,0.18757034050545526,
0.12343297974927676,0.16489874638379942,0.1628097295082257,0.16489874638379942,0.16326834602077353,
0.11902439024390243,0.19219512195121952,0.19481340264274855,0.19219512195121952,0.19265674252794104,
0.13528855250709557,0.1684011352885525,0.16729099288745441,0.1684011352885525,0.16761039537851075,
0.12451737451737452,0.16988416988416988,0.16829015329228375,0.16988416988416988,0.16745400495908794,
0.12330097087378641,0.1533980582524272,0.15664202818565476,0.1533980582524272,0.15442792545832262,
0.13902205177372962,0.16970278044103548,0.16942984821789076,0.16970278044103548,0.1689408389787533,
