Majority Class Accuracy,Accuracy,Precision,Recall,F Score,Support
0.6931166347992351,0.5439770554493308,0.5082360198643256,0.5439770554493308,0.5252762013438377,
0.7068466730954677,0.600771456123433,0.5491173004982096,0.600771456123433,0.573216131502438,
0.6981317600786627,0.5870206489675516,0.5606538809781656,0.5870206489675516,0.5729659561680208,
0.7037401574803149,0.6082677165354331,0.5718067952637057,0.6082677165354331,0.5880435219764302,
0.7201565557729941,0.6037181996086106,0.5848293791270235,0.6037181996086106,0.5939693067687725,
0.6992110453648915,0.5857988165680473,0.5630168324840994,0.5857988165680473,0.5736343559309574,
0.7253588516746412,0.6066985645933014,0.5932987836998938,0.6066985645933014,0.5998553011053598,
0.7102161100196464,0.5854616895874263,0.5640650051194952,0.5854616895874263,0.5737833080115167,
0.6931479642502483,0.573982125124131,0.5523744138667436,0.573982125124131,0.5626483468688538,
0.699009900990099,0.5267326732673268,0.5288240006111548,0.5267326732673268,0.5275578883724367,
0.6905697445972495,0.5707269155206287,0.5436148282984462,0.5707269155206287,0.5565507362635241,
0.7195979899497488,0.5979899497487438,0.586276894425343,0.5979899497487438,0.591750044446711,
0.6982248520710059,0.5857988165680473,0.5502894806769963,0.5857988165680473,0.5662809488513784,
0.682570593962999,0.569620253164557,0.5397711213780545,0.569620253164557,0.5535594950095142,
0.7038123167155426,0.5757575757575758,0.5662900569423691,0.5757575757575758,0.570717757596635,
0.6973811833171678,0.5712900096993211,0.549674578747651,0.5712900096993211,0.5596623152914406,
0.6899902818270165,0.5675413022351797,0.5307067053137574,0.5675413022351797,0.5481702346469887,
0.6747809152872444,0.5413826679649465,0.5315928751033594,0.5413826679649465,0.5363064659524805,
0.6994106090373281,0.5766208251473477,0.551373245520903,0.5766208251473477,0.5623219438295787,
0.7116141732283464,0.6003937007874016,0.5684680660156263,0.6003937007874016,0.5836790984821277,
0.6847720659553831,0.5712900096993211,0.5496951774284119,0.5712900096993211,0.5596628444282961,
0.7111984282907662,0.5677799607072691,0.5658385172539485,0.5677799607072691,0.5667033761323563,
0.68359375,0.560546875,0.5492704806294408,0.560546875,0.5540017513249965,
0.6873786407766991,0.5533980582524272,0.5361546956418843,0.5533980582524272,0.5445160899232305,
0.7157157157157157,0.5855855855855856,0.5594921459260997,0.5855855855855856,0.5719342414991824,
0.7044776119402985,0.564179104477612,0.546946217528748,0.564179104477612,0.555073419392391,
0.7062256809338522,0.5963035019455253,0.5762583022693004,0.5963035019455253,0.5856192718722437,
0.7046783625730995,0.5964912280701754,0.5750327893906617,0.5964912280701754,0.5849516697123651,
0.7007952286282306,0.5606361829025845,0.5392795404116383,0.5606361829025845,0.5493597394307086,
0.7107601184600197,0.5873642645607108,0.5733730016971917,0.5873642645607108,0.5798105465192904,
