Majority Class Accuracy,Accuracy,Precision,Recall,F Score,Support
0.4801548886737657,0.3727008712487899,0.3681458189235983,0.3727008712487899,0.37020783761759063,
0.46825396825396826,0.3333333333333333,0.32134028830301803,0.3333333333333333,0.32706331670916533,
0.4837758112094395,0.3352999016715831,0.330949883064151,0.3352999016715831,0.3328166598227216,
0.4430379746835443,0.3252190847127556,0.29805480152728175,0.3252190847127556,0.309678805537901,
0.47310756972111556,0.36752988047808766,0.33405216696130935,0.36752988047808766,0.34904829021930023,
0.4701789264413519,0.3667992047713718,0.3430617465316545,0.3667992047713718,0.3539271079443925,
0.48579545454545453,0.36742424242424243,0.3448177771453244,0.36742424242424243,0.3549059572875687,
0.4570582428430405,0.33168805528134254,0.3130542170682661,0.33168805528134254,0.3211539327481848,
0.5004916420845624,0.3608652900688299,0.34164310444843743,0.3608652900688299,0.35046625000762077,
0.4872037914691943,0.3791469194312796,0.3633398015384924,0.3791469194312796,0.3706360458657064,
0.47876447876447875,0.34266409266409265,0.35218719737696075,0.34266409266409265,0.34591340410499694,
0.47373540856031127,0.3521400778210117,0.33769913511144745,0.3521400778210117,0.3433633065486919,
0.47586206896551725,0.3704433497536946,0.3534643403406201,0.3704433497536946,0.3612540021085862,
0.48265895953757226,0.3737957610789981,0.36741221642244426,0.3737957610789981,0.37017695027400577,
0.45167464114832534,0.3397129186602871,0.3216780176117964,0.3397129186602871,0.32963318823363574,
0.45660749506903353,0.34418145956607493,0.3258775652797779,0.34418145956607493,0.3335538869605421,
0.45069033530571995,0.3264299802761341,0.31337453911041735,0.3264299802761341,0.31904284059425464,
0.45170731707317074,0.31414634146341464,0.29692962792432115,0.31414634146341464,0.3046902150544929,
0.47184466019417476,0.3194174757281553,0.309676802083192,0.3194174757281553,0.314066692711939,
0.4608030592734226,0.3604206500956023,0.3450795804978126,0.3604206500956023,0.3514230181458936,
0.49071358748778104,0.33528836754643204,0.33067766233741414,0.33528836754643204,0.33252233717425306,
0.4556213017751479,0.33037475345167655,0.32070228706631126,0.33037475345167655,0.3247875015050836,
0.4658753709198813,0.3363006923837784,0.3292585811885357,0.3363006923837784,0.3324767519178147,
0.49029126213592233,0.3718446601941748,0.3601659528697501,0.3718446601941748,0.3652545786953816,
0.42870722433460073,0.33460076045627374,0.30964853530248404,0.33460076045627374,0.3200675214135506,
0.46301633045148893,0.3515850144092219,0.3433018064135309,0.3515850144092219,0.34660203988027183,
0.5165692007797271,0.3791423001949318,0.3730967543254353,0.3791423001949318,0.37578336506615906,
0.4768472906403941,0.3556650246305419,0.35201081395125694,0.3556650246305419,0.3531140273871981,
0.47230614300100704,0.3403826787512588,0.33658150846535007,0.3403826787512588,0.3383130993221461,
0.4731285988483685,0.3618042226487524,0.34879039740877954,0.3618042226487524,0.3546127956172373,
