Majority Class Accuracy,Accuracy,Precision,Recall,F Score,Support
0.13021868787276342,0.20377733598409542,0.20370594246478782,0.20377733598409542,0.20271395111977514,
0.12413108242303873,0.2005958291956306,0.2014999612999087,0.2005958291956306,0.2002439834479294,
0.1488095238095238,0.22916666666666666,0.22878366998015073,0.22916666666666666,0.22793108845535867,
0.11165523996082272,0.22820763956904996,0.22278498345035522,0.22820763956904996,0.22471959185333493,
0.11959798994974874,0.19798994974874373,0.19715460244115812,0.19798994974874373,0.19707310788022214,
0.12180746561886051,0.18958742632612965,0.19040078256511014,0.18958742632612965,0.18921129058806796,
0.11793855302279485,0.19722497522299307,0.1968509225997778,0.19722497522299307,0.19681253761167095,
0.12413108242303873,0.2035749751737835,0.20451942018470398,0.2035749751737835,0.20347428278540639,
0.14685314685314685,0.2037962037962038,0.20387566613376434,0.2037962037962038,0.20266177877659164,
0.13702623906705538,0.19047619047619047,0.1879650461106267,0.19047619047619047,0.1887041408374052,
0.1303030303030303,0.21212121212121213,0.21113855240799195,0.21212121212121213,0.2108524026404792,
0.13463414634146342,0.1980487804878049,0.20373114016258104,0.1980487804878049,0.1998102676641176,
0.1279296875,0.21484375,0.2144760601212041,0.21484375,0.21420027096707545,
0.11587147030185005,0.2181110029211295,0.22031674332804976,0.2181110029211295,0.2178979549670278,
0.1218568665377176,0.20309477756286268,0.2013527516524018,0.20309477756286268,0.20179129162552953,
0.12573099415204678,0.1705653021442495,0.17092017847870017,0.1705653021442495,0.17050107928921432,
0.12124151309408342,0.22502424830261883,0.22265224819336504,0.22502424830261883,0.22269321516104404,
0.13453815261044177,0.20983935742971888,0.20541873549307554,0.20983935742971888,0.2066901451933218,
0.12266928361138371,0.2168792934249264,0.2104202299683117,0.2168792934249264,0.21191915365814593,
0.12598425196850394,0.21358267716535434,0.22162011092927728,0.21358267716535434,0.216062094269622,
0.12389380530973451,0.19370698131760078,0.19096759953650042,0.19370698131760078,0.1908113212073173,
0.132,0.254,0.25291990013540594,0.254,0.2530954527698198,
0.1346153846153846,0.18461538461538463,0.18426753724060335,0.18461538461538463,0.1839003191842723,
0.12704523580365737,0.2165543792107796,0.2145894804684328,0.2165543792107796,0.21496937650150108,
0.13359920239282153,0.21535393818544366,0.21931580840881784,0.21535393818544366,0.21668258257357062,
0.12475247524752475,0.201980198019802,0.2026061739533629,0.201980198019802,0.20078831057603036,
0.1301775147928994,0.1932938856015779,0.1949791354412436,0.1932938856015779,0.1932849980961224,
0.12291052114060963,0.21042281219272368,0.20599090897626904,0.21042281219272368,0.20786629668294138,
0.11243781094527364,0.2208955223880597,0.22356439087897198,0.2208955223880597,0.22063989454874694,
0.12180746561886051,0.20923379174852652,0.20726016070719153,0.20923379174852652,0.20728352461433616,
