Majority Class Accuracy,Accuracy,Precision,Recall,F Score,Support
0.7032967032967034,0.5684315684315684,0.5483978780093949,0.5684315684315684,0.5580240854042104,
0.6943359375,0.5703125,0.5401856353946684,0.5703125,0.5543991668518541,
0.7149901380670611,0.5996055226824457,0.5804660218156904,0.5996055226824457,0.5893076894485351,
0.6923076923076923,0.6005917159763313,0.5761267125664038,0.6005917159763313,0.5877806012106839,
0.7153996101364523,0.5955165692007798,0.5589084377070895,0.5955165692007798,0.5763345641387131,
0.6801932367149759,0.5594202898550724,0.5296021751848042,0.5594202898550724,0.5429011062432655,
0.7051406401551892,0.5994180407371484,0.5786872874037905,0.5994180407371484,0.5885599126347603,
0.7095808383233533,0.5848303393213573,0.5524069016360817,0.5848303393213573,0.5679051865403758,
0.7071005917159763,0.6025641025641025,0.5797390315347045,0.6025641025641025,0.5908322559710231,
0.702191235059761,0.5946215139442231,0.5603630174640428,0.5946215139442231,0.5762842286016724,
0.7109375,0.572265625,0.5642056269005864,0.572265625,0.5680852935147701,
0.6965853658536585,0.5658536585365853,0.5303777937102524,0.5658536585365853,0.5470999019291702,
0.7204301075268817,0.5972629521016618,0.5872274485423259,0.5972629521016618,0.5919714580790463,
0.69164265129683,0.5715658021133525,0.5485435699404762,0.5715658021133525,0.5593008120231348,
0.6963249516441006,0.5793036750483559,0.560948268543753,0.5793036750483559,0.5696460726156021,
0.6929133858267716,0.5639763779527559,0.5467048842255373,0.5639763779527559,0.5548955375070911,
0.7142857142857143,0.5937803692905733,0.5697280068576975,0.5937803692905733,0.5810468134650879,
0.692929292929293,0.5606060606060606,0.5381554083944082,0.5606060606060606,0.5487152659401463,
0.6841085271317829,0.5523255813953488,0.5521382028924253,0.5523255813953488,0.5520267434071187,
0.6861598440545809,0.5565302144249513,0.5377222979152066,0.5565302144249513,0.5466557925297012,
0.6893106893106893,0.5574425574425574,0.528284104487313,0.5574425574425574,0.5421011892335275,
0.7053658536585365,0.5658536585365853,0.5443992068292544,0.5658536585365853,0.5546221286657648,
0.703953712632594,0.562198649951784,0.5726031539658413,0.562198649951784,0.5672564343185432,
0.7064039408866996,0.5783251231527093,0.5443245627713297,0.5783251231527093,0.5601442797958557,
0.7058242843040474,0.5913129318854886,0.5614406161696421,0.5913129318854886,0.5758041981846368,
0.7021484375,0.5673828125,0.5473157564581048,0.5673828125,0.5571213361010715,
0.6944444444444444,0.5734126984126984,0.5409534618043023,0.5734126984126984,0.5562314845667161,
0.7038834951456311,0.5660194174757281,0.5551384922199574,0.5660194174757281,0.5602279402790289,
0.6640625,0.556640625,0.504303570690598,0.556640625,0.5275954869234076,
0.6995169082125604,0.5903381642512078,0.5508715403640184,0.5903381642512078,0.5690382438515844,
