Majority Class Accuracy,Accuracy,Precision,Recall,F Score,Support
0.7018756169792695,0.5745310957551826,0.553798713160469,0.5745310957551826,0.563690665130864,
0.6757281553398058,0.5689320388349515,0.5379543396397932,0.5689320388349515,0.5524739365622919,
0.6939782823297137,0.5616979269496545,0.545146554091948,0.5616979269496545,0.5531477810606126,
0.6917740336967294,0.5550049554013875,0.5334716399026267,0.5550049554013875,0.5438516410900853,
0.7164179104477612,0.5810945273631841,0.5684289666051526,0.5810945273631841,0.5745924759354211,
0.6814159292035398,0.5653883972468043,0.5314526166778734,0.5653883972468043,0.5477726874967399,
0.7148475909537857,0.584070796460177,0.5693483589125483,0.584070796460177,0.5763986174576745,
0.7115198451113263,0.5730880929332043,0.5661556487915654,0.5730880929332043,0.5687300504135218,
0.7252427184466019,0.6009708737864078,0.5937741608586167,0.6009708737864078,0.5972257734112344,
0.7099009900990099,0.5782178217821782,0.566367204551089,0.5782178217821782,0.5720323705886051,
0.6986027944111777,0.5598802395209581,0.5442318072642465,0.5598802395209581,0.5515748770998113,
0.695085255767302,0.567703109327984,0.54927278598979,0.567703109327984,0.5583152632990622,
0.6810431293881645,0.5606820461384152,0.5329034680259378,0.5606820461384152,0.5463190408964731,
0.7153846153846154,0.6259615384615385,0.5906554021132628,0.6259615384615385,0.6058473899572714,
0.6909448818897638,0.5738188976377953,0.5598711064582064,0.5738188976377953,0.5663973759779576,
0.6938579654510557,0.5614203454894434,0.5246369529467894,0.5614203454894434,0.5415613968380654,
0.7006937561942518,0.5678889990089198,0.5616453495684236,0.5678889990089198,0.5643860460184371,
0.7062200956937799,0.5875598086124402,0.5620248983424917,0.5875598086124402,0.5743316434131299,
0.7129094412331407,0.594412331406551,0.5846273389340041,0.594412331406551,0.5893161128130192,
0.6903163950143816,0.5532118887823586,0.5325535112040283,0.5532118887823586,0.5424100753459353,
0.68359375,0.5908203125,0.5659783132844299,0.5908203125,0.5779557186998145,
0.6829511465603191,0.5633100697906281,0.5359005598464669,0.5633100697906281,0.5488341641652399,
0.6807881773399015,0.5645320197044335,0.5180306516683558,0.5645320197044335,0.5397162778700881,
0.7189349112426036,0.5936883629191322,0.5687711945533256,0.5936883629191322,0.5807823866210714,
0.7198067632850241,0.5816425120772947,0.5708316979840011,0.5816425120772947,0.5761088371525795,
0.6832669322709163,0.5617529880478087,0.5330113709330381,0.5617529880478087,0.5458039054755701,
0.6954813359528488,0.56286836935167,0.5533554755081723,0.56286836935167,0.5579950956714177,
0.6940371456500489,0.5894428152492669,0.5702358835464291,0.5894428152492669,0.5792657135732965,
0.6820866141732284,0.5610236220472441,0.5554091152739217,0.5610236220472441,0.5578152279642784,
0.7191119691119691,0.6071428571428571,0.5838590955394234,0.6071428571428571,0.5949501164723328,
