Majority Class Accuracy,Accuracy,Precision,Recall,F Score,Support
0.6979472140762464,0.5718475073313783,0.526875802699014,0.5718475073313783,0.5464410480059271,
0.722007722007722,0.5945945945945946,0.5341869264967257,0.5945945945945946,0.5621356244364348,
0.689484126984127,0.5902777777777778,0.5294410677000038,0.5902777777777778,0.5554963416801647,
0.7169441723800196,0.5964740450538688,0.54791994700389,0.5964740450538688,0.5693408329882053,
0.7006802721088435,0.6034985422740525,0.531061472510702,0.6034985422740525,0.5626163139342016,
0.6926147704590818,0.5808383233532934,0.5109703832693974,0.5808383233532934,0.5413585022633182,
0.7096774193548387,0.5767350928641252,0.5280439407843992,0.5767350928641252,0.5499888146820756,
0.711556829035339,0.5893027698185291,0.539281271212204,0.5893027698185291,0.561395507076962,
0.6831683168316832,0.5663366336633663,0.5008141500198311,0.5663366336633663,0.5299510761397951,
0.6793372319688109,0.5545808966861598,0.4801866546082867,0.5545808966861598,0.5138532302416408,
0.6978851963746223,0.5659617321248741,0.5092687140203007,0.5659617321248741,0.5340268467874363,
0.7004830917874396,0.5671497584541063,0.5061702960627054,0.5671497584541063,0.5339782655915354,
0.7140077821011673,0.5982490272373541,0.5426234372025611,0.5982490272373541,0.5657595972894117,
0.7049659201557936,0.5842259006815969,0.5265994243360481,0.5842259006815969,0.5525505289696658,
0.70703125,0.5732421875,0.5313064414926219,0.5732421875,0.550529716804415,
0.6797323135755258,0.5650095602294455,0.4943308885417204,0.5650095602294455,0.5259933066562492,
0.6812439261418853,0.5694849368318756,0.498113975714884,0.5694849368318756,0.5283457532862127,
0.7027833001988072,0.5795228628230616,0.5283675352128557,0.5795228628230616,0.5517756999966168,
0.6902226524685382,0.5701839303000968,0.5029094674626465,0.5701839303000968,0.532787743165878,
0.6934235976789168,0.5909090909090909,0.5227408669902958,0.5909090909090909,0.5512191663300927,
0.6876818622696411,0.542192046556741,0.4874586813517733,0.542192046556741,0.5125901707349736,
0.697786333012512,0.5659287776708374,0.4946317442714554,0.5659287776708374,0.5266497807492728,
0.6790606653620352,0.5714285714285714,0.49963266784032334,0.5714285714285714,0.5294783348283395,
0.6988304093567251,0.5740740740740741,0.5178822826519522,0.5740740740740741,0.542358492118121,
0.6941176470588235,0.5637254901960784,0.5002978777272623,0.5637254901960784,0.5284818454495047,
0.697176241480039,0.5842259006815969,0.5126195837242591,0.5842259006815969,0.5445908647346414,
0.6873767258382643,0.5581854043392505,0.499100489528723,0.5581854043392505,0.5259371797957003,
0.685515873015873,0.5595238095238095,0.4872404972228188,0.5595238095238095,0.5198030013737803,
0.6673286991062563,0.5650446871896723,0.48455305814719996,0.5650446871896723,0.5189101525664253,
0.6978346456692913,0.5974409448818898,0.5304999962852311,0.5974409448818898,0.5595352019437403,
