Majority Class Accuracy,Accuracy,Precision,Recall,F Score,Support
0.6963761018609207,0.5905974534769833,0.5257028468737001,0.5905974534769833,0.5547417999786262,
0.6882352941176471,0.5754901960784313,0.5047465684772882,0.5754901960784313,0.5370753264598265,
0.6989247311827957,0.5894428152492669,0.5117290264711918,0.5894428152492669,0.5458261254445442,
0.6993143976493633,0.5768854064642507,0.5073997120072707,0.5768854064642507,0.5390694940012131,
0.6748768472906403,0.548768472906404,0.48334123468628704,0.548768472906404,0.5120888364396894,
0.6997084548104956,0.5850340136054422,0.5239597995122834,0.5850340136054422,0.5508135129906573,
0.707843137254902,0.596078431372549,0.5322252983146689,0.596078431372549,0.5600783875705843,
0.7049659201557936,0.5735150925024343,0.5288941435906851,0.5735150925024343,0.5488735997362518,
0.7195242814667988,0.5916749256689792,0.5430895419060223,0.5916749256689792,0.565617964684216,
0.6867588932806324,0.5849802371541502,0.5060865015333528,0.5849802371541502,0.5387997074156725,
0.694059405940594,0.5752475247524752,0.5085392865800175,0.5752475247524752,0.5380742986170115,
0.6983349657198825,0.5700293829578844,0.5124685469027531,0.5700293829578844,0.5377759488303262,
0.695364238410596,0.5771050141911069,0.5059116989423863,0.5771050141911069,0.5376252789277912,
0.6967054263565892,0.5668604651162791,0.5142357076692529,0.5668604651162791,0.5384321148347364,
0.6947472745292369,0.5807730426164519,0.51217967138588,0.5807730426164519,0.5423816581818255,
0.7188405797101449,0.58743961352657,0.5393154474485542,0.58743961352657,0.561376021945737,
0.6928361138370952,0.5829244357212954,0.49891684533318825,0.5829244357212954,0.5358518694242369,
0.7043062200956938,0.6047846889952153,0.5362929294117528,0.6047846889952153,0.5660429516933587,
0.7042801556420234,0.566147859922179,0.5130591159618576,0.566147859922179,0.5366317172610523,
0.6966183574879227,0.5806763285024155,0.5182900901633265,0.5806763285024155,0.5467366967809248,
0.7089108910891089,0.594059405940594,0.5289535287678094,0.594059405940594,0.5582172964850302,
0.6768916155419223,0.5521472392638037,0.48065259485348716,0.5521472392638037,0.5119063711152644,
0.6961165048543689,0.5728155339805825,0.5056033666978734,0.5728155339805825,0.5352759609643807,
0.7280617164898746,0.6113789778206364,0.5669985834997937,0.6113789778206364,0.587195619852836,
0.6882352941176471,0.5666666666666667,0.50223397404939,0.5666666666666667,0.5304039858001665,
0.6910331384015594,0.5584795321637427,0.5093377349848629,0.5584795321637427,0.5317903918651021,
0.6793743890518084,0.5513196480938416,0.47584723889637076,0.5513196480938416,0.5091032901499893,
0.683852140077821,0.5700389105058365,0.4972063334829185,0.5700389105058365,0.5270269349812029,
0.6907317073170731,0.5648780487804878,0.4926540342215685,0.5648780487804878,0.5239104247559909,
0.7262952101661779,0.6099706744868035,0.5596036814321745,0.6099706744868035,0.5827251367745933,
