Majority Class Accuracy,Accuracy,Precision,Recall,F Score,Support
0.1274131274131274,0.12548262548262548,0.12678536848318334,0.12548262548262548,0.12510116905413782,
0.12067260138476756,0.12067260138476756,0.12374780877453476,0.12067260138476756,0.12114145812771401,
0.1099116781157998,0.1256133464180569,0.12470144131601124,0.1256133464180569,0.12398306442934741,
0.11078998073217726,0.14547206165703275,0.14633128877273976,0.14547206165703275,0.14280201382226565,
0.1310344827586207,0.12413793103448276,0.1252229669977284,0.12413793103448276,0.12400549807710695,
0.11188118811881188,0.12673267326732673,0.12700844578956394,0.12673267326732673,0.12650312238267097,
0.12611717974180736,0.13406156901688182,0.14053860113103475,0.13406156901688182,0.13566053180358864,
0.12830558276199805,0.15964740450538686,0.15866035802415548,0.15964740450538686,0.1575552689365446,
0.11851126346718903,0.13907933398628794,0.14066388402447924,0.13907933398628794,0.1371779484531759,
0.12007874015748031,0.12598425196850394,0.12562874573837227,0.12598425196850394,0.12458770253845465,
0.11400966183574879,0.13526570048309178,0.13902995812998403,0.13526570048309178,0.13521235109227026,
0.12462612163509472,0.13858424725822532,0.13790730024182993,0.13858424725822532,0.13776444963348985,
0.14003944773175542,0.11439842209072978,0.11405977834903862,0.11439842209072978,0.11305725858774997,
0.11804878048780487,0.12195121951219512,0.12286317799111426,0.12195121951219512,0.1213719783223179,
0.11707317073170732,0.12878048780487805,0.12967243856068156,0.12878048780487805,0.12892743787970443,
0.14024975984630164,0.13256484149855907,0.13546706042280032,0.13256484149855907,0.13217045612960096,
0.11572700296735905,0.1414441147378833,0.13584052776258224,0.1414441147378833,0.13694909236408603,
0.1270935960591133,0.1566502463054187,0.15679739567113815,0.1566502463054187,0.15492383429402906,
0.12835820895522387,0.14328358208955225,0.14107555802366836,0.14328358208955225,0.14074062034286489,
0.10546875,0.130859375,0.12842178194075266,0.130859375,0.12808341910464988,
0.1424446583253128,0.1260827718960539,0.12659944185784908,0.1260827718960539,0.12585759501450583,
0.11930164888457807,0.12318137730358875,0.12285586516544872,0.12318137730358875,0.12251414750085887,
0.10831721470019343,0.13152804642166344,0.13253096818997723,0.13152804642166344,0.13026600577336206,
0.12858555885262116,0.13254203758654798,0.13123080672366672,0.13254203758654798,0.131055060047414,
0.12878048780487805,0.11121951219512195,0.11189794981284672,0.11121951219512195,0.11019101114449137,
0.11741682974559686,0.1506849315068493,0.15266435146147242,0.1506849315068493,0.15034606015491106,
0.11741682974559686,0.11545988258317025,0.12160746942777974,0.11545988258317025,0.11702964621548216,
0.13242453748782862,0.11684518013631938,0.11608879942999656,0.11684518013631938,0.11559437817649768,
0.12931885488647582,0.13425468904244817,0.13494907499436717,0.13425468904244817,0.13281469837043355,
0.13725490196078433,0.1323529411764706,0.1300301684158089,0.1323529411764706,0.13031760875924675,
