Majority Class Accuracy,Accuracy,Precision,Recall,F Score,Support
0.12800769971126083,0.1289701636188643,0.13350174019325156,0.1289701636188643,0.12666832382552443,
0.12759643916913946,0.13452027695351138,0.1291982003733131,0.13452027695351138,0.1254802160395985,
0.107421875,0.1220703125,0.11572873482764404,0.1220703125,0.11479294922322911,
0.11706349206349206,0.1349206349206349,0.13443588221937036,0.1349206349206349,0.13109086487757618,
0.1194471865745311,0.1332675222112537,0.13027346721819763,0.1332675222112537,0.12620742570165125,
0.1242544731610338,0.12823061630218688,0.12593973008570328,0.12823061630218688,0.12333032677450334,
0.12246865959498554,0.12921890067502412,0.13220373567283997,0.12921890067502412,0.1271221611812793,
0.12115384615384615,0.1451923076923077,0.1421706309465489,0.1451923076923077,0.1326651428437092,
0.1259469696969697,0.12973484848484848,0.1307082157740959,0.12973484848484848,0.1276374029659262,
0.107421875,0.140625,0.13617244394569866,0.140625,0.13487209542859216,
0.12573099415204678,0.12573099415204678,0.12602562382513313,0.12573099415204678,0.11977214695426176,
0.12178217821782178,0.1198019801980198,0.11935293198653271,0.1198019801980198,0.11565189787664473,
0.12790697674418605,0.1375968992248062,0.13399837355039435,0.1375968992248062,0.13211325650756345,
0.1379647749510763,0.1232876712328767,0.11796497575082462,0.1232876712328767,0.11267359588122436,
0.1258741258741259,0.13386613386613386,0.132381868833632,0.13386613386613386,0.129898167422797,
0.11271676300578035,0.14258188824662812,0.1398329809085654,0.14258188824662812,0.13791147560994152,
0.1111111111111111,0.12412412412412413,0.12370457339374931,0.12412412412412413,0.11659562017657762,
0.1270935960591133,0.12807881773399016,0.12608212109508465,0.12807881773399016,0.12168314757257447,
0.13253012048192772,0.13353413654618473,0.12866823381437759,0.13353413654618473,0.1289630806562648,
0.1298828125,0.123046875,0.1343691802019502,0.123046875,0.12498712492280525,
0.14478764478764478,0.11196911196911197,0.11457593185898182,0.11196911196911197,0.10915287779347427,
0.14728682170542637,0.11918604651162791,0.12240281701348743,0.11918604651162791,0.11542949658467797,
0.13405088062622308,0.12915851272015655,0.12122692977594363,0.12915851272015655,0.11911081111831374,
0.1225071225071225,0.12155745489078823,0.12211791696768248,0.12155745489078823,0.11692712914409079,
0.14146341463414633,0.13463414634146342,0.13547906187945277,0.13463414634146342,0.13179721563227156,
0.14356435643564355,0.1306930693069307,0.13422325231350452,0.1306930693069307,0.12883064155883472,
0.1209349593495935,0.12601626016260162,0.12300259456873984,0.12601626016260162,0.11916243465175838,
0.11568627450980393,0.11078431372549019,0.11182696608078352,0.11078431372549019,0.10797560402330866,
0.10727969348659004,0.13218390804597702,0.1350639459904192,0.13218390804597702,0.12882129323085306,
0.1248780487804878,0.12975609756097561,0.13043332078480444,0.12975609756097561,0.12377655667189856,
