Majority Class Accuracy,Accuracy,Precision,Recall,F Score,Support
0.7,0.5776699029126213,0.50880600609406,0.5776699029126213,0.5391188646558102,
0.7106299212598425,0.5836614173228346,0.5222376118966477,0.5836614173228346,0.5504994894135001,
0.6859903381642513,0.5603864734299517,0.5003556094869824,0.5603864734299517,0.5273146897302181,
0.6929057337220602,0.5743440233236151,0.5132814801846686,0.5743440233236151,0.5394769336728384,
0.7134670487106017,0.5921680993314231,0.5406874154677458,0.5921680993314231,0.5644244079305286,
0.6879227053140097,0.5700483091787439,0.5069611312664358,0.5700483091787439,0.5350475082568394,
0.7075098814229249,0.5701581027667985,0.5201703771268988,0.5701581027667985,0.5425576687122143,
0.7142857142857143,0.5992063492063492,0.5390535542382328,0.5992063492063492,0.5661430120944877,
0.7003891050583657,0.5700389105058365,0.514471557558234,0.5700389105058365,0.5395787632179145,
0.6859099804305284,0.5694716242661448,0.5015965322014737,0.5694716242661448,0.5304063367354402,
0.703953712632594,0.5785920925747348,0.5207687844139146,0.5785920925747348,0.5469925012282131,
0.7125984251968503,0.5679133858267716,0.52098872041481,0.5679133858267716,0.5429932339684006,
0.7035611164581328,0.5717035611164581,0.5156751686269385,0.5717035611164581,0.5406874780730859,
0.7134387351778656,0.5889328063241107,0.5441306878783717,0.5889328063241107,0.5643009174979357,
0.6872509960159362,0.5647410358565738,0.5052862153478931,0.5647410358565738,0.5312238145963931,
0.7085769980506823,0.5867446393762183,0.5310236534650227,0.5867446393762183,0.5559879777347747,
0.7100881488736532,0.5778648383937316,0.5201055433955132,0.5778648383937316,0.5470130317308536,
0.6979269496544916,0.56071076011846,0.5053839348802108,0.56071076011846,0.5306870746210337,
0.7101449275362319,0.591304347826087,0.5266758918144496,0.591304347826087,0.555870271681297,
0.689484126984127,0.5793650793650794,0.5101598612810593,0.5793650793650794,0.5402805561564685,
0.7003968253968254,0.5783730158730159,0.5036965917348344,0.5783730158730159,0.5368996043954714,
0.7102001906577693,0.5910390848427073,0.5441930231814993,0.5910390848427073,0.5641068821469776,
0.6866404715127702,0.5756385068762279,0.5004169481879586,0.5756385068762279,0.5334823333031482,
0.7064039408866996,0.5901477832512315,0.5332909794132714,0.5901477832512315,0.5591944011924618,
0.693359375,0.572265625,0.5135321537244358,0.572265625,0.5404850801422271,
0.6952288218111002,0.5920155793573515,0.5312872500408096,0.5920155793573515,0.5576191519586968,
0.6976047904191617,0.5828343313373253,0.5093885965425001,0.5828343313373253,0.5417780265639474,
0.6844181459566075,0.5680473372781065,0.5012190024510504,0.5680473372781065,0.5291521211682289,
0.6897233201581028,0.5721343873517787,0.5011982558259657,0.5721343873517787,0.5323337633025831,
0.6936585365853658,0.5785365853658536,0.4973235294117647,0.5785365853658536,0.5337215664955905,
