Majority Class Accuracy,Accuracy,Precision,Recall,F Score,Support
0.7017543859649122,0.5185185185185185,0.5098610049601788,0.5185185185185185,0.5140920052696302,
0.6849852796859667,0.5309126594700687,0.499934909312336,0.5309126594700687,0.5146679705940976,
0.692458374142997,0.5475024485798237,0.5267284710437298,0.5475024485798237,0.5367326039090079,
0.7203065134099617,0.5517241379310345,0.5470879398195982,0.5517241379310345,0.5493816082557244,
0.6935323383084577,0.5194029850746269,0.5104324107762716,0.5194029850746269,0.5147282371901215,
0.6755162241887905,0.5290068829891839,0.4827904582347397,0.5290068829891839,0.5037076792359214,
0.7115768463073853,0.5459081836327345,0.5356130385501765,0.5459081836327345,0.540667296434287,
0.7159647404505387,0.5504407443682664,0.5432623900079607,0.5504407443682664,0.5464797268723636,
0.7052023121387283,0.5221579961464354,0.5169363246386772,0.5221579961464354,0.5194856824938677,
0.6918547595682041,0.534838076545633,0.5173766250956842,0.534838076545633,0.5256346949105387,
0.6943907156673114,0.534816247582205,0.5024318770768278,0.534816247582205,0.5175053286163798,
0.7027833001988072,0.5715705765407555,0.5309606536591613,0.5715705765407555,0.5498033427133252,
0.6941986234021632,0.5585054080629301,0.515806954648817,0.5585054080629301,0.534646543559912,
0.7177734375,0.5625,0.5389163609278916,0.5625,0.549805206204414,
0.7342026078234705,0.5767301905717152,0.5727792193204254,0.5767301905717152,0.5744946153482666,
0.712776176753122,0.5619596541786743,0.5320920082948734,0.5619596541786743,0.5462814662080193,
0.7019417475728156,0.5533980582524272,0.5266574571080018,0.5533980582524272,0.5394170858231825,
0.700990099009901,0.5554455445544555,0.5193457019037163,0.5554455445544555,0.5361843280130935,
0.7032967032967034,0.5594405594405595,0.5349899533292063,0.5594405594405595,0.5462795157520041,
0.6953966699314398,0.5592556317335945,0.5252189254599381,0.5592556317335945,0.5412439817575784,
0.6982421875,0.5380859375,0.512598903456258,0.5380859375,0.5248543278020102,
0.6884615384615385,0.5278846153846154,0.5036809924596183,0.5278846153846154,0.5151731104024804,
0.6919291338582677,0.5078740157480315,0.48690124513360056,0.5078740157480315,0.49691794877842066,
0.7304347826086957,0.548792270531401,0.5523125004192564,0.548792270531401,0.5503262085543946,
0.6999041227229147,0.5349952061361457,0.5141534505593165,0.5349952061361457,0.524205705810652,
0.6927480916030534,0.5543893129770993,0.5130029169286777,0.5543893129770993,0.5317825556896162,
0.6853281853281853,0.5260617760617761,0.49784232284232277,0.5260617760617761,0.5113115753930719,
0.6871896722939425,0.5561072492552135,0.5188664895143732,0.5561072492552135,0.5356540723037065,
0.6964112512124151,0.5499515033947624,0.5061382151035175,0.5499515033947624,0.5262694042735765,
0.6970873786407767,0.5611650485436893,0.5188770503902093,0.5611650485436893,0.5380966203599306,
