Majority Class Accuracy,Accuracy,Precision,Recall,F Score,Support
0.13694581280788176,0.1123152709359606,0.11119137806547838,0.1123152709359606,0.10984133464777024,
0.13320274240940255,0.12242899118511263,0.12453822759714568,0.12242899118511263,0.12253215206414945,
0.13170731707317074,0.12390243902439024,0.1278850910233353,0.12390243902439024,0.12529759988576128,
0.13398058252427184,0.11553398058252427,0.11320317286162791,0.11553398058252427,0.11276070896779257,
0.13119533527696792,0.12730806608357628,0.12713809763957812,0.12730806608357628,0.1264428502201092,
0.12573099415204678,0.13060428849902533,0.13228638575624616,0.13060428849902533,0.13003877150896453,
0.12633624878522837,0.12633624878522837,0.12543690768425564,0.12633624878522837,0.12501159528805486,
0.12487899322362052,0.13262342691190707,0.12972868187513514,0.13262342691190707,0.12978790953221975,
0.11164581328200192,0.1424446583253128,0.1413754414011576,0.1424446583253128,0.14071908859697674,
0.1359126984126984,0.1488095238095238,0.15015926834113638,0.1488095238095238,0.14877008898098718,
0.14742967992240544,0.12318137730358875,0.12698629577019588,0.12318137730358875,0.1240544094500012,
0.109375,0.15234375,0.149620420686724,0.15234375,0.14985394098533633,
0.12884615384615383,0.12115384615384615,0.12164409469969129,0.12115384615384615,0.12058991147889295,
0.12092130518234165,0.12667946257197696,0.12693457600308147,0.12667946257197696,0.12537355681045453,
0.13702623906705538,0.13994169096209913,0.14214695569317276,0.13994169096209913,0.13940890161718036,
0.14634146341463414,0.13170731707317074,0.13354917022753898,0.13170731707317074,0.13206770145560345,
0.12549019607843137,0.11666666666666667,0.12045523326623898,0.11666666666666667,0.11597586627244612,
0.14091350826044705,0.13702623906705538,0.1358718013725579,0.13702623906705538,0.13476170992056624,
0.13060428849902533,0.12573099415204678,0.1208841000484703,0.12573099415204678,0.12163306499296098,
0.1264591439688716,0.13715953307392997,0.1392508450201347,0.13715953307392997,0.13710474676198717,
0.1393523061825319,0.14720314033366044,0.14558659498506546,0.14720314033366044,0.14558126137136057,
0.1294685990338164,0.1391304347826087,0.14080430790158938,0.1391304347826087,0.1388475159713902,
0.1378640776699029,0.10194174757281553,0.10197235728891808,0.10194174757281553,0.10136882307738722,
0.13339824732229796,0.14216163583252192,0.1428465496696449,0.14216163583252192,0.14117124572971682,
0.11630218687872763,0.13220675944333996,0.1362321318746751,0.13220675944333996,0.13305647482342123,
0.11489776046738072,0.14216163583252192,0.14507945150406623,0.14216163583252192,0.14135637020792544,
0.10297029702970296,0.1306930693069307,0.13596214435431478,0.1306930693069307,0.1317676414211903,
0.1274131274131274,0.13223938223938225,0.13323148767811108,0.13223938223938225,0.13244515593243747,
0.10454985479186835,0.13746369796708616,0.13625425343403627,0.13746369796708616,0.13550564021430309,
0.13450292397660818,0.13742690058479531,0.13864483922170442,0.13742690058479531,0.136294471793273,
