Majority Class Accuracy,Accuracy,Precision,Recall,F Score,Support
0.7018043684710351,0.6448243114909782,0.543997021942636,0.6448243114909782,0.5813826069106632,
0.6811175337186898,0.6021194605009634,0.49172903002460416,0.6021194605009634,0.5345198999554586,
0.7240038872691934,0.6540330417881438,0.5565180947168648,0.6540330417881438,0.5978973988212722,
0.7029411764705882,0.6333333333333333,0.528672181532665,0.6333333333333333,0.5697363295946595,
0.6796116504854369,0.6213592233009708,0.5021078164810254,0.6213592233009708,0.5484975480288897,
0.7093023255813954,0.6443798449612403,0.5232734789211037,0.6443798449612403,0.5724572926308156,
0.7081673306772909,0.6304780876494024,0.5252184821920585,0.6304780876494024,0.5647247238736621,
0.7049659201557936,0.6144109055501461,0.5083420985077168,0.6144109055501461,0.5542591662456428,
0.7118301314459049,0.6380182002022244,0.5407596995929201,0.6380182002022244,0.5790226316029259,
0.6786786786786787,0.6076076076076076,0.4819832146250636,0.6076076076076076,0.5322182094786645,
0.7102161100196464,0.6434184675834971,0.5349238688622782,0.6434184675834971,0.5794005053570479,
0.717948717948718,0.647673314339981,0.5366183997012353,0.647673314339981,0.5818597928683914,
0.6818632309217046,0.6174430128840436,0.4963834803538341,0.6174430128840436,0.5411053071763325,
0.6855769230769231,0.6288461538461538,0.5148593454019958,0.6288461538461538,0.5602254033126726,
0.6752873563218391,0.6005747126436781,0.48841988526763075,0.6005747126436781,0.5316800492243867,
0.693579766536965,0.6157587548638133,0.4953551180735525,0.6157587548638133,0.5468539714833879,
0.7121513944223108,0.6354581673306773,0.5285451573154024,0.6354581673306773,0.5738583620967217,
0.6787109375,0.62109375,0.5030777051051525,0.62109375,0.5482729483326567,
0.7027833001988072,0.6302186878727635,0.520978366377986,0.6302186878727635,0.5648053502544426,
0.7053658536585365,0.6380487804878049,0.5241658141601659,0.6380487804878049,0.5703017698528977,
0.6997026759167493,0.6293359762140733,0.5126311868066091,0.6293359762140733,0.5605748169070176,
0.7051282051282052,0.6410256410256411,0.5217225725397902,0.6410256410256411,0.5715013813169468,
0.7117117117117117,0.6266266266266266,0.5289758586001362,0.6266266266266266,0.5706285833788257,
0.6964980544747081,0.607976653696498,0.5069395724680001,0.607976653696498,0.5498583876918308,
0.6816443594646272,0.6166347992351816,0.49734285122064503,0.6166347992351816,0.5440741450029793,
0.6999002991026919,0.617148554336989,0.5145303741962478,0.617148554336989,0.5571640483946216,
0.7010710808179162,0.6085686465433301,0.49886254077494935,0.6085686465433301,0.5463278519358821,
0.7211822660098522,0.6423645320197044,0.5390304357200909,0.6423645320197044,0.5833893426660381,
0.7014634146341463,0.6380487804878049,0.5323153191444802,0.6380487804878049,0.5748072796014758,
0.7041015625,0.6162109375,0.5218079372673039,0.6162109375,0.5624827299681643,
