Majority Class Accuracy,Accuracy,Precision,Recall,F Score,Support
0.7111984282907662,0.5599214145383105,0.5294748458908447,0.5599214145383105,0.5437124163713062,
0.6976744186046512,0.5552325581395349,0.5079044273553963,0.5552325581395349,0.52980783638753,
0.7123809523809523,0.5666666666666667,0.5433373835907529,0.5666666666666667,0.5535540413915946,
0.6686332350049164,0.5083579154375615,0.4895410883159745,0.5083579154375615,0.49801208674771263,
0.6908023483365949,0.550880626223092,0.5057367486623847,0.550880626223092,0.5268569238823755,
0.7145669291338582,0.547244094488189,0.5370485255147185,0.547244094488189,0.5418694831268045,
0.7095553453169348,0.5638599810785241,0.5477987366217838,0.5638599810785241,0.5553517302550296,
0.7120921305182342,0.5614203454894434,0.5351419869027175,0.5614203454894434,0.5476752907072258,
0.6939364773820982,0.5264677574590952,0.5081137964113676,0.5264677574590952,0.5171143404052487,
0.7039473684210527,0.5479323308270677,0.5178220848500867,0.5479323308270677,0.5321459390912295,
0.7127450980392157,0.5372549019607843,0.5199925659218498,0.5372549019607843,0.5282024616777031,
0.6494140625,0.5283203125,0.46403568298778436,0.5283203125,0.49246758828003,
0.713307240704501,0.5675146771037182,0.5343773730631337,0.5675146771037182,0.5502953021312684,
0.6763285024154589,0.518840579710145,0.4809853953332214,0.518840579710145,0.4981266669894313,
0.6947368421052632,0.5282296650717704,0.49809168550136823,0.5282296650717704,0.5116777242355649,
0.7128712871287128,0.5356435643564357,0.521539233682319,0.5356435643564357,0.5282633586922543,
0.7046580773042617,0.5520317145688801,0.5377416195697717,0.5520317145688801,0.5446690349739378,
0.6881720430107527,0.5542521994134897,0.5105011263062618,0.5542521994134897,0.5303907712046173,
0.7062256809338522,0.5749027237354085,0.5314670241110032,0.5749027237354085,0.5515247601695802,
0.7189030362389814,0.5465230166503428,0.5427450871365221,0.5465230166503428,0.5446132136271389,
0.6902912621359223,0.5533980582524272,0.5059822093050746,0.5533980582524272,0.527818854854069,
0.703,0.53,0.5222930559497956,0.53,0.5261127361789727,
0.6907514450867052,0.5452793834296724,0.514463106185399,0.5452793834296724,0.5289220921946325,
0.7,0.5431372549019607,0.5173267933706869,0.5431372549019607,0.5289245499201967,
0.7266536964980544,0.5758754863813229,0.5570070837548249,0.5758754863813229,0.5661043485924018,
0.6966731898238747,0.5684931506849316,0.5225550124523693,0.5684931506849316,0.5442072477316565,
0.7130177514792899,0.5374753451676528,0.5198339779629909,0.5374753451676528,0.5283136212970772,
0.6989032901296112,0.5373878364905285,0.5248333699477911,0.5373878364905285,0.5307376965921916,
0.7214428857715431,0.564128256513026,0.5444366539385969,0.564128256513026,0.553942225171057,
0.6888667992047713,0.5347912524850894,0.5069286600965367,0.5347912524850894,0.519546909545896,
