Majority Class Accuracy,Accuracy,Precision,Recall,F Score,Support
0.47288296860133205,0.3834443387250238,0.2930705807509291,0.3834443387250238,0.3218122121616526,
0.48546511627906974,0.38953488372093026,0.31347431735119835,0.38953488372093026,0.3392787208008449,
0.47609756097560973,0.3921951219512195,0.3143368621189913,0.3921951219512195,0.33555916550344755,
0.4669902912621359,0.37475728155339805,0.2967787283792169,0.37475728155339805,0.32443522119194085,
0.4478048780487805,0.32682926829268294,0.24961465721881626,0.32682926829268294,0.2760229477666845,
0.47258225324027914,0.3748753738783649,0.29789412094404133,0.3748753738783649,0.3250032669071012,
0.48927875243664715,0.37719298245614036,0.30416518094265094,0.37719298245614036,0.3295750043630327,
0.45217391304347826,0.36038647342995167,0.2691301014283768,0.36038647342995167,0.29671904558088136,
0.4728155339805825,0.3786407766990291,0.30899493707476383,0.3786407766990291,0.32937100965773997,
0.47265625,0.375,0.30426025021016123,0.375,0.3288518897527783,
0.4572564612326044,0.36779324055666,0.2815180418286441,0.36779324055666,0.30840654715164123,
0.470873786407767,0.35631067961165047,0.286936980523239,0.35631067961165047,0.3114227267691962,
0.4793467819404419,0.3900096061479347,0.3103957364852693,0.3900096061479347,0.33397772967238976,
0.4634858812074002,0.36806231742940604,0.28184453572990326,0.36806231742940604,0.3105091351472507,
0.4867517173699706,0.38665358194308147,0.31997538683562987,0.38665358194308147,0.34295611969855416,
0.48455598455598453,0.3783783783783784,0.2887868627730644,0.3783783783783784,0.32041002322212475,
0.4568627450980392,0.3431372549019608,0.27019534112117227,0.3431372549019608,0.2943311457400811,
0.46146146146146144,0.35935935935935936,0.2876135431275526,0.35935935935935936,0.3109733176030803,
0.498567335243553,0.387774594078319,0.30701958154998593,0.387774594078319,0.3370381404434737,
0.4492337164750958,0.3793103448275862,0.30748744691093055,0.3793103448275862,0.32382629522023865,
0.48031496062992124,0.4015748031496063,0.3185146620265098,0.4015748031496063,0.345868453327746,
0.4709864603481625,0.3713733075435203,0.28958072091431064,0.3713733075435203,0.31602244682412145,
0.46732673267326735,0.3603960396039604,0.2836249457758162,0.3603960396039604,0.3099177735665084,
0.48059701492537316,0.37711442786069654,0.3086890194260875,0.37711442786069654,0.33098655287273937,
0.4454022988505747,0.34770114942528735,0.2777049051484744,0.34770114942528735,0.2986683172983844,
0.47093023255813954,0.3624031007751938,0.28030495339048866,0.3624031007751938,0.31032199053955817,
0.4642857142857143,0.3947876447876448,0.31839044839092984,0.3947876447876448,0.3436288202703826,
0.501937984496124,0.38275193798449614,0.3074704415625676,0.38275193798449614,0.33565341697324025,
0.47954329210275926,0.3815413891531874,0.30980030356052063,0.3815413891531874,0.33440755443745634,
0.4912451361867704,0.39299610894941633,0.31467192152478707,0.39299610894941633,0.3445268893048457,
