Majority Class Accuracy,Accuracy,Precision,Recall,F Score,Support
0.7328767123287672,0.6115459882583171,0.5614249130080813,0.6115459882583171,0.5844150363202754,
0.7063414634146341,0.5765853658536585,0.5131956995209859,0.5765853658536585,0.5423536980877376,
0.6912751677852349,0.5771812080536913,0.5165774528385023,0.5771812080536913,0.5440510677615144,
0.7029411764705882,0.5676470588235294,0.5124460996327533,0.5676470588235294,0.5382284700218356,
0.6702230843840931,0.5703200775945684,0.49154430430257934,0.5703200775945684,0.5244250548473848,
0.7144259077526988,0.577036310107949,0.5254428554374322,0.577036310107949,0.5491595246107487,
0.7110228401191658,0.5978152929493545,0.5367758270262949,0.5978152929493545,0.5645094685733222,
0.7209523809523809,0.6057142857142858,0.5423596120582501,0.6057142857142858,0.5712446366825332,
0.6823069403714564,0.5640273704789834,0.49282999237273534,0.5640273704789834,0.5247418577127595,
0.6757028112449799,0.5692771084337349,0.4886804255812089,0.5692771084337349,0.5238384010190464,
0.7008797653958945,0.5620723362658846,0.5086223193877145,0.5620723362658846,0.5331592519066906,
0.7188715953307393,0.5749027237354085,0.5353260576911082,0.5749027237354085,0.5538729826870834,
0.678741658722593,0.5386081982840801,0.4782447162357034,0.5386081982840801,0.5059060144397193,
0.7041015625,0.5849609375,0.5212957952516738,0.5849609375,0.5500990769539157,
0.6963249516441006,0.5793036750483559,0.5133555255839606,0.5793036750483559,0.5428386278652699,
0.6972920696324951,0.5918762088974855,0.5203234306711837,0.5918762088974855,0.5513882163549867,
0.7024630541871921,0.5793103448275863,0.524232195120604,0.5793103448275863,0.548545940993452,
0.7261208576998051,0.6130604288499025,0.5626963872500295,0.6130604288499025,0.5855700310746959,
0.697265625,0.578125,0.5140189614387805,0.578125,0.5427577347214211,
0.7096466093600764,0.6017191977077364,0.5362119701260984,0.6017191977077364,0.5654793870564515,
0.6905916585838991,0.5596508244422891,0.4955229472119417,0.5596508244422891,0.5242511024737605,
0.6663424124513618,0.5428015564202334,0.45809724388549544,0.5428015564202334,0.49357479962165013,
0.697265625,0.5810546875,0.5175103189940206,0.5810546875,0.5462635843297124,
0.694949494949495,0.5767676767676768,0.5120584043445904,0.5767676767676768,0.5412382366920376,
0.6799224054316197,0.5751697381183317,0.4978588952687308,0.5751697381183317,0.5305945947281511,
0.7037392138063279,0.5637583892617449,0.5022720133659768,0.5637583892617449,0.5305022631974341,
0.6844181459566075,0.5650887573964497,0.5033466472821854,0.5650887573964497,0.5310830632457635,
0.6911196911196911,0.5888030888030888,0.5165946263012949,0.5888030888030888,0.5480439453352952,
0.6819066147859922,0.5505836575875487,0.48622248866658985,0.5505836575875487,0.5152043622341276,
0.6981132075471698,0.5670307845084409,0.5270271112067453,0.5670307845084409,0.5449129380254909,
