Majority Class Accuracy,Accuracy,Precision,Recall,F Score,Support
0.4636542239685658,0.3349705304518664,0.31453575344829443,0.3349705304518664,0.32245026211077216,
0.4790243902439024,0.32,0.3064132988512957,0.32,0.31247623155682885,
0.4855144855144855,0.33966033966033965,0.31531104220450723,0.33966033966033965,0.32635379227877165,
0.4882583170254403,0.30724070450097846,0.29481746677629533,0.30724070450097846,0.30022775561882786,
0.478176527643065,0.32104752667313285,0.2792693176528697,0.32104752667313285,0.29726861934016285,
0.48746238716148443,0.3259779338014042,0.31865250415211444,0.3259779338014042,0.3216931121817607,
0.462890625,0.3017578125,0.27952643268525423,0.3017578125,0.2889539231824623,
0.4429268292682927,0.3278048780487805,0.28763884745865775,0.3278048780487805,0.3026716015498815,
0.47444551591128253,0.35872709739633557,0.32890085108499145,0.35872709739633557,0.340862872961025,
0.4670487106017192,0.31614135625596945,0.28714596975650986,0.31614135625596945,0.2992256997785782,
0.46161417322834647,0.28937007874015747,0.25575409291753703,0.28937007874015747,0.26979938684491994,
0.44008056394763345,0.2930513595166163,0.2518884096606648,0.2930513595166163,0.2686402549986002,
0.45595353339787026,0.30977734753146174,0.27253207807722135,0.30977734753146174,0.2875603187791358,
0.4890371782650143,0.34985700667302194,0.316601090599089,0.34985700667302194,0.33055903697457517,
0.48490749756572543,0.35443037974683544,0.32571303454380834,0.35443037974683544,0.33811603788148026,
0.4640151515151515,0.3134469696969697,0.2743532322615308,0.3134469696969697,0.2912265458164193,
0.464746772591857,0.3187686196623635,0.3003425964716077,0.3187686196623635,0.30759100347494805,
0.45943304007820135,0.3255131964809384,0.2887529913350269,0.3255131964809384,0.30387842667117204,
0.4961612284069098,0.32821497120921306,0.3147957298941865,0.32821497120921306,0.32093876814081324,
0.47674418604651164,0.311046511627907,0.28246291997653034,0.311046511627907,0.2954630368460503,
0.47394296951819076,0.3343166175024582,0.3088619947946066,0.3343166175024582,0.32004197873064366,
0.48238747553816047,0.34148727984344424,0.32122918041972187,0.34148727984344424,0.3299720127878684,
0.46397694524495675,0.31796349663784823,0.2942846103778576,0.31796349663784823,0.30383335896082303,
0.4521484375,0.3134765625,0.2796309552623318,0.3134765625,0.2939519452117939,
0.47435897435897434,0.33925049309664695,0.31016685874155536,0.33925049309664695,0.32282815370927537,
0.5121241513094084,0.3394762366634336,0.33525505950504836,0.3394762366634336,0.3370372224714231,
0.48296007789678674,0.3330087633885102,0.29762431460354777,0.3330087633885102,0.31236496188152174,
0.4732824427480916,0.3139312977099237,0.29117811602893245,0.3139312977099237,0.3004100948152632,
0.47619047619047616,0.31547619047619047,0.2884462133038862,0.31547619047619047,0.3003000617829549,
0.47888675623800386,0.3704414587332054,0.3353664144204803,0.3704414587332054,0.34816628916780573,
