Majority Class Accuracy,Accuracy,Precision,Recall,F Score,Support
0.7024482109227872,0.5743879472693032,0.5149783776243286,0.5743879472693032,0.5408307107621331,
0.6938775510204082,0.5636540330417882,0.49128708556399947,0.5636540330417882,0.523411108571378,
0.7076923076923077,0.5894230769230769,0.5291705686766383,0.5894230769230769,0.5564655512962795,
0.703125,0.5869140625,0.5174170921413651,0.5869140625,0.5485252012386063,
0.6830917874396135,0.5642512077294686,0.5030049748650116,0.5642512077294686,0.5298036893577899,
0.6768172888015717,0.5697445972495089,0.4844258764723336,0.5697445972495089,0.5208089934580873,
0.6845180136319376,0.5686465433300877,0.5028005052831852,0.5686465433300877,0.5319024438760596,
0.7054860442733397,0.5842155919153031,0.5278213770959316,0.5842155919153031,0.554028045244516,
0.7007874015748031,0.5875984251968503,0.5271816149128923,0.5875984251968503,0.5519843879040921,
0.7094861660079052,0.5938735177865613,0.5247994358685203,0.5938735177865613,0.5552184912860134,
0.700199203187251,0.5846613545816733,0.5066154452839875,0.5846613545816733,0.5411289139965766,
0.7034146341463414,0.5707317073170731,0.5103609923352473,0.5707317073170731,0.5375738347247215,
0.7082926829268292,0.5765853658536585,0.5212828519267877,0.5765853658536585,0.5460069155935453,
0.6990384615384615,0.5798076923076924,0.5140675630147923,0.5798076923076924,0.5426220123483693,
0.6931268151016456,0.5856727976766699,0.5017087781583996,0.5856727976766699,0.5383574003624547,
0.6927592954990215,0.6046966731898239,0.5131391477498064,0.6046966731898239,0.5515413280088401,
0.6978074356530028,0.5795996186844614,0.5173208070292791,0.5795996186844614,0.5444123991094477,
0.6921606118546845,0.5745697896749522,0.5040245889266908,0.5745697896749522,0.5347706742138332,
0.6998069498069498,0.583011583011583,0.5260394090946264,0.583011583011583,0.5513368330700265,
0.6991236611489776,0.5861733203505355,0.5142141604588336,0.5861733203505355,0.5453226329011994,
0.704612365063788,0.5829244357212954,0.5160627970647803,0.5829244357212954,0.5465292949565457,
0.6777566539923955,0.5570342205323194,0.4885891672648269,0.5570342205323194,0.5187759951882296,
0.6712062256809338,0.5350194552529183,0.4657256217445906,0.5350194552529183,0.4974362366415951,
0.7189349112426036,0.6074950690335306,0.5436500707060523,0.6074950690335306,0.5727893478468715,
0.6851851851851852,0.5740740740740741,0.5043712320974226,0.5740740740740741,0.535223290040328,
0.705765407554672,0.5666003976143141,0.5211156554806448,0.5666003976143141,0.5420757097372543,
0.7053824362606232,0.5901794145420207,0.523766536982585,0.5901794145420207,0.553593670268745,
0.6847720659553831,0.5548011639185257,0.5046692036896906,0.5548011639185257,0.5271334640165267,
0.6864244741873805,0.5611854684512428,0.49331373687439983,0.5611854684512428,0.523773320068249,
0.7080078125,0.5791015625,0.5182116533254241,0.5791015625,0.5456813989997613,
