Majority Class Accuracy,Accuracy,Precision,Recall,F Score,Support
0.4624505928853755,0.3300395256916996,0.2952941899545439,0.3300395256916996,0.3094679743206239,
0.47227722772277225,0.3118811881188119,0.2943929533289908,0.3118811881188119,0.302381111376083,
0.4896551724137931,0.3438423645320197,0.3151634827841273,0.3438423645320197,0.32687763340919795,
0.4580896686159844,0.31676413255360625,0.2835953481505176,0.31676413255360625,0.29659472587996244,
0.46439024390243905,0.31609756097560976,0.2830810057471274,0.31609756097560976,0.2969270559882609,
0.4681059862610402,0.3179587831207066,0.289245831844909,0.3179587831207066,0.3009554981630021,
0.5094527363184079,0.36019900497512436,0.33875200219884094,0.36019900497512436,0.3484638245739086,
0.5187680461982676,0.3618864292589028,0.3423296787991831,0.3618864292589028,0.35050704993365334,
0.48428290766208254,0.3575638506876228,0.32043244559664846,0.3575638506876228,0.33428501633736707,
0.4603330068560235,0.31733594515181196,0.2985331402365206,0.31733594515181196,0.3057582256379057,
0.47116324535679377,0.32453567937438904,0.29579604903388723,0.32453567937438904,0.3086718108490295,
0.4570582428430405,0.3228035538005923,0.2935544821361764,0.3228035538005923,0.30545104706978904,
0.4660098522167488,0.2975369458128079,0.269385245322977,0.2975369458128079,0.28155685803617897,
0.46502463054187193,0.34285714285714286,0.3060637679368188,0.34285714285714286,0.32206285782697974,
0.4822627037392138,0.32502396931927136,0.2986196273702941,0.32502396931927136,0.3107133086415928,
0.46168768186226966,0.3171677982541222,0.29602202725581317,0.3171677982541222,0.30511489669399683,
0.4549950544015826,0.29772502472799206,0.27182567486745846,0.29772502472799206,0.28100862757922335,
0.5038684719535783,0.3346228239845261,0.32426070977983856,0.3346228239845261,0.32915235619776473,
0.4742967992240543,0.3171677982541222,0.292775407126656,0.3171677982541222,0.3012412644519277,
0.4806201550387597,0.34108527131782945,0.2922923413614889,0.34108527131782945,0.3123695585255311,
0.4656188605108055,0.3231827111984283,0.29145895715578696,0.3231827111984283,0.30445672124243356,
0.4843137254901961,0.29705882352941176,0.28113680255080364,0.2970588235294117,0.2883928214044773,
0.483349191246432,0.3577545195052331,0.3381201756770833,0.3577545195052331,0.3454366501304887,
0.46814671814671815,0.3233590733590734,0.30115936637318824,0.3233590733590734,0.3104118837034004,
0.4662756598240469,0.3284457478005865,0.2983101648224297,0.3284457478005865,0.31138393401833075,
0.4571150097465887,0.2962962962962963,0.2755488404580347,0.2962962962962963,0.2845011928834582,
0.46567164179104475,0.3373134328358209,0.30460493051231147,0.3373134328358209,0.3178010553879412,
0.48255813953488375,0.3333333333333333,0.31879424694632724,0.3333333333333333,0.324619849723583,
0.46750727449078566,0.3452958292919496,0.3156968660193884,0.3452958292919496,0.32740523040822506,
0.46633663366336636,0.3118811881188119,0.2690966060632009,0.3118811881188119,0.286596582162416,
