Majority Class Accuracy,Accuracy,Precision,Recall,F Score,Support
0.11811811811811812,0.12912912912912913,0.13183606824083394,0.12912912912912913,0.12751688781463155,
0.13870029097963144,0.1454898157129001,0.14659737132005027,0.1454898157129001,0.14220995969182293,
0.12045889101338432,0.13575525812619502,0.13181665850126556,0.13575525812619502,0.13065643799291338,
0.137,0.146,0.1471056495888137,0.146,0.14150937738337935,
0.11609756097560976,0.12878048780487805,0.12278058927968956,0.12878048780487805,0.12242116807146936,
0.1509433962264151,0.1420059582919563,0.14209504744195803,0.1420059582919563,0.13913709173902167,
0.11014492753623188,0.12753623188405797,0.13235345816228233,0.12753623188405797,0.1251986544124249,
0.14005876591576885,0.13320274240940255,0.13168257618814833,0.13320274240940255,0.12728349476160147,
0.12462908011869436,0.12957467853610286,0.13287135166575761,0.12957467853610286,0.12714106169857653,
0.11207729468599034,0.12560386473429952,0.12672222448701143,0.12560386473429952,0.11821180451879482,
0.12890625,0.1416015625,0.1432850945713899,0.1416015625,0.1370032117605566,
0.1071779744346116,0.13274336283185842,0.13527406215858565,0.13274336283185842,0.13014369854360203,
0.13569321533923304,0.13077679449360866,0.13272502172081097,0.13077679449360866,0.12855398690085088,
0.1330049261083744,0.13891625615763548,0.14595969965392946,0.13891625615763548,0.1337993723826258,
0.14565004887585534,0.12805474095796676,0.1254674009156395,0.12805474095796676,0.12266560139511509,
0.09980806142034548,0.12859884836852206,0.12997246257236478,0.12859884836852206,0.12127717695886621,
0.13766730401529637,0.1338432122370937,0.1327056055776303,0.1338432122370937,0.13073299601185773,
0.13307240704500978,0.12035225048923678,0.12216666150709876,0.12035225048923678,0.11503584494213386,
0.11000991080277503,0.12091179385530228,0.13098435090026259,0.12091179385530228,0.1213586966616578,
0.13014354066985645,0.14641148325358852,0.14194861734699152,0.14641148325358852,0.14175600465077692,
0.12365063788027478,0.14622178606476938,0.1515695588455195,0.14622178606476938,0.14221724440816585,
0.14529058116232466,0.12224448897795591,0.1270088564855271,0.12224448897795591,0.1205842658635697,
0.14354066985645933,0.13588516746411483,0.1312866908110656,0.13588516746411483,0.13109248844226118,
0.13371537726838587,0.12893982808022922,0.12941076976903748,0.12893982808022922,0.12429024488752063,
0.14883268482490272,0.10700389105058365,0.1138244157452351,0.10700389105058365,0.10607433049603397,
0.123046875,0.1357421875,0.13474549908507577,0.1357421875,0.12855515244795235,
0.13712047012732614,0.14887365328109697,0.14247308911655684,0.14887365328109697,0.13903848666412785,
0.119533527696793,0.14091350826044705,0.14827077558406307,0.14091350826044705,0.13810001523649057,
0.12316715542521994,0.1270772238514174,0.1275847740032518,0.1270772238514174,0.12292013504859509,
0.11341222879684418,0.11932938856015779,0.12283978045109659,0.11932938856015779,0.11707840531324668,
