Majority Class Accuracy,Accuracy,Precision,Recall,F Score,Support
0.45489815712900095,0.34917555771096026,0.2822788457949642,0.34917555771096026,0.30509334647891795,
0.4635108481262327,0.368836291913215,0.30708340508342025,0.368836291913215,0.3273490570177539,
0.4860710854947166,0.3756003842459174,0.31301467450984616,0.3756003842459174,0.33629972481048215,
0.4730127576054956,0.3464180569185476,0.2858257963929452,0.3464180569185476,0.3078027373992139,
0.45183044315992293,0.36608863198458574,0.2819888508174989,0.36608863198458574,0.30854174617200597,
0.4593535749265426,0.346718903036239,0.28760352935384986,0.346718903036239,0.3072860445627308,
0.48111332007952284,0.38071570576540753,0.33236389666347826,0.38071570576540753,0.34996557710008847,
0.48412698412698413,0.36706349206349204,0.29692923108858715,0.36706349206349204,0.324003883996848,
0.4789422135161606,0.3574926542605289,0.3144267911369396,0.3574926542605289,0.32969493722396154,
0.46576663452266154,0.36258437801350046,0.29653129606707107,0.36258437801350046,0.319257533493264,
0.4724104549854792,0.377541142303969,0.3212127365540543,0.377541142303969,0.3400903146781704,
0.48346303501945526,0.372568093385214,0.31812575117843017,0.372568093385214,0.33674517886212385,
0.4722222222222222,0.3553639846743295,0.3068105829672243,0.3553639846743295,0.3239457952355376,
0.4620493358633776,0.36148007590132825,0.3096767447632402,0.36148007590132825,0.3267108660250075,
0.49029126213592233,0.36310679611650487,0.31407936667012887,0.36310679611650487,0.3326021395583304,
0.4849368318756074,0.3654033041788144,0.31177504651352533,0.3654033041788144,0.33019132953877495,
0.47873392680514343,0.3837784371909001,0.3299889009457212,0.3837784371909001,0.34766253677984427,
0.4794520547945205,0.3669275929549902,0.3064394628105282,0.3669275929549902,0.3297668708001564,
0.4656188605108055,0.34479371316306484,0.2907357533901143,0.34479371316306484,0.3112720106706947,
0.44695481335952847,0.3330058939096267,0.27573783626359155,0.3330058939096267,0.29465564370423913,
0.47265625,0.3525390625,0.2984850309652038,0.3525390625,0.3186101625976222,
0.5004821600771456,0.40115718418514945,0.33695158780223616,0.40115718418514945,0.36117723220537257,
0.45436507936507936,0.3373015873015873,0.27309754103406064,0.3373015873015873,0.29541813596081923,
0.47988223748773307,0.3493621197252208,0.29367416181892597,0.3493621197252208,0.31527556670701135,
0.45408678102926336,0.3218970736629667,0.2632201406233029,0.3218970736629667,0.28461339097482097,
0.4902534113060429,0.3713450292397661,0.307703090244778,0.3713450292397661,0.33243712278746995,
0.4806949806949807,0.3581081081081081,0.297527634398986,0.3581081081081081,0.3213845106507347,
0.4418145956607495,0.3323471400394477,0.26585783896167026,0.3323471400394477,0.28722097163901883,
0.47029702970297027,0.3316831683168317,0.2820632585983149,0.3316831683168317,0.30105466917237655,
0.45401174168297453,0.3405088062622309,0.2853832035805809,0.3405088062622309,0.3046901633367643,
