Majority Class Accuracy,Accuracy,Precision,Recall,F Score,Support
0.46078431372549017,0.36176470588235293,0.2938390911413879,0.36176470588235293,0.31742242349969796,
0.4341317365269461,0.34331337325349304,0.2673259598165839,0.34331337325349304,0.2887498140558795,
0.4746588693957115,0.3645224171539961,0.31094653115409776,0.3645224171539961,0.32906582117973815,
0.47058823529411764,0.3715686274509804,0.3165994259346261,0.3715686274509804,0.3369579618785608,
0.4801548886737657,0.3543078412391094,0.3038432209621888,0.3543078412391094,0.32166999976793,
0.4659533073929961,0.35894941634241245,0.305101249391845,0.35894941634241245,0.3236176158043884,
0.4474708171206226,0.3560311284046693,0.28407092388251276,0.3560311284046693,0.3078670943966558,
0.47910592808551994,0.3751214771622935,0.3146220855957259,0.3751214771622935,0.33480800388738735,
0.4940944881889764,0.3464566929133858,0.2895752635875777,0.3464566929133858,0.3116032128148555,
0.4500998003992016,0.3602794411177645,0.29914494025438804,0.3602794411177645,0.3177430964928546,
0.47668886774500474,0.3396764985727878,0.289858867464447,0.3396764985727878,0.3074521545741524,
0.4697855750487329,0.3538011695906433,0.2943283168479353,0.3538011695906433,0.317126561685974,
0.4628344895936571,0.354806739345887,0.30183810996272836,0.354806739345887,0.31975954244037763,
0.47352941176470587,0.33431372549019606,0.28756666202173736,0.33431372549019606,0.30476943353465713,
0.45410628019323673,0.3497584541062802,0.302426982474319,0.3497584541062802,0.3169368121608414,
0.45321637426900585,0.3460038986354776,0.2955899285830387,0.3460038986354776,0.31053021283474863,
0.4489194499017682,0.3369351669941061,0.27851983760640864,0.3369351669941061,0.2966711948045292,
0.4755043227665706,0.35446685878962536,0.30388809770103903,0.35446685878962536,0.3243049282544272,
0.48919449901768175,0.37328094302554027,0.3324071139347256,0.37328094302554027,0.3481701329864532,
0.448443579766537,0.33073929961089493,0.28416348544796094,0.33073929961089493,0.2993730252651545,
0.46808510638297873,0.3471953578336557,0.2937341179240764,0.3471953578336557,0.3129022628350907,
0.4619883040935672,0.35964912280701755,0.3044610479449374,0.35964912280701755,0.321365103305736,
0.45977011494252873,0.34770114942528735,0.2954742799046611,0.34770114942528735,0.3140638758447226,
0.46713147410358563,0.3466135458167331,0.29156049176555393,0.3466135458167331,0.3120299974520538,
0.47576656775469833,0.361028684470821,0.31091460492392353,0.361028684470821,0.32969908038145573,
0.4305150631681244,0.31875607385811466,0.26573680248040604,0.31875607385811466,0.2828776007871725,
0.45075757575757575,0.32859848484848486,0.2652210417025114,0.32859848484848486,0.2869698795645233,
0.4741966893865628,0.3612463485881207,0.2982715988338207,0.3612463485881207,0.3214289993436548,
0.47435897435897434,0.3510848126232742,0.29095750662351655,0.3510848126232742,0.3129293088645434,
0.46301633045148893,0.37271853986551395,0.30215981931812447,0.37271853986551395,0.32673129552387914,
