Majority Class Accuracy,Accuracy,Precision,Recall,F Score,Support
0.6941176470588235,0.657843137254902,0.5224606929018694,0.657843137254902,0.573197999752595,
0.6919191919191919,0.6373737373737374,0.5027483815342535,0.6373737373737374,0.5543092384635324,
0.7197330791229742,0.6606291706387035,0.5361794247613108,0.6606291706387035,0.5855453609739796,
0.7174541947926711,0.6779170684667309,0.5319981300563398,0.6779170684667309,0.5918948186940108,
0.6894889103182257,0.6489874638379942,0.4989694487608459,0.6489874638379942,0.5575010831132168,
0.7108317214700194,0.6586073500967118,0.5326565793745511,0.6586073500967118,0.580949744590788,
0.7164031620553359,0.6758893280632411,0.5486352251796098,0.6758893280632411,0.5961992217683131,
0.6855225311601151,0.6279961649089166,0.4896400138187493,0.6279961649089166,0.5442308963013262,
0.6857419980601358,0.6333656644034917,0.49930857948729473,0.6333656644034917,0.5480789900912467,
0.6997084548104956,0.6433430515063168,0.5143640508683011,0.6433430515063168,0.5660708115269552,
0.6896551724137931,0.6394088669950739,0.49884666822551427,0.6394088669950739,0.5510105927915452,
0.6765285996055227,0.6410256410256411,0.5080747859697851,0.6410256410256411,0.5549564233769565,
0.6979062811565304,0.6420737786640079,0.4962458447086175,0.6420737786640079,0.5571796758477606,
0.6706467661691542,0.6298507462686567,0.45218326147891624,0.6298507462686567,0.5245842388622053,
0.7110228401191658,0.6663356504468719,0.5329137233163264,0.6663356504468719,0.585736908121768,
0.7078109932497589,0.656702025072324,0.5116601095252112,0.656702025072324,0.5713106718607878,
0.7000973709834469,0.6562804284323271,0.5271144280794678,0.6562804284323271,0.5727701966215152,
0.686818632309217,0.6551040634291377,0.5042629632706349,0.6551040634291377,0.5624068271225452,
0.7170731707317073,0.6585365853658537,0.5326087064087567,0.6585365853658537,0.5863720700889319,
0.7109375,0.6650390625,0.5353893829956063,0.6650390625,0.5869439585862458,
0.7012987012987013,0.6393606393606394,0.5205481523599828,0.6393606393606394,0.5627320230981745,
0.7082936129647283,0.669208770257388,0.5389906600970146,0.669208770257388,0.5870158109767641,
0.6926877470355731,0.6413043478260869,0.4991931339076937,0.6413043478260869,0.5546996069992138,
0.6736736736736737,0.6276276276276276,0.5018757243462395,0.6276276276276276,0.5476755352011763,
0.6943105110896818,0.648023143683703,0.5072764852918009,0.648023143683703,0.5600758440320652,
0.7065750736015701,0.6545632973503435,0.5284109065002228,0.6545632973503435,0.5769316918125781,
0.7128810226155359,0.6637168141592921,0.538235227990893,0.6637168141592921,0.586168290619182,
0.7038461538461539,0.6384615384615384,0.5151686326632331,0.6384615384615384,0.5676533358077387,
0.6844181459566075,0.6449704142011834,0.4959857383658654,0.6449704142011834,0.5530932120070063,
0.7278911564625851,0.6763848396501457,0.5620297561182653,0.6763848396501457,0.6077317259618752,
