Majority Class Accuracy,Accuracy,Precision,Recall,F Score,Support
0.7123287671232876,0.5870841487279843,0.5281562172421851,0.5870841487279843,0.55530433881133,
0.7,0.581,0.5181905817960506,0.581,0.5471177104101064,
0.7064485081809432,0.588065447545717,0.5266409769204149,0.588065447545717,0.5544398294673427,
0.6852207293666027,0.5662188099808061,0.5094629084276042,0.5662188099808061,0.533789415329903,
0.6965853658536585,0.5746341463414634,0.5103309142974685,0.5746341463414634,0.5377194470878179,
0.6991150442477876,0.5634218289085545,0.5146792650409799,0.5634218289085545,0.5370052035565821,
0.6768172888015717,0.5677799607072691,0.49655343232285365,0.5677799607072691,0.5277933241331315,
0.69164265129683,0.5456292026897214,0.5072657006170016,0.5456292026897214,0.5251982439421092,
0.7281648675171737,0.5839057899901865,0.5533082288353225,0.5839057899901865,0.5672967063413289,
0.6722939424031777,0.5700099304865939,0.48850457014533183,0.5700099304865939,0.5242065232448248,
0.6935960591133005,0.5625615763546798,0.5010791197759056,0.5625615763546798,0.5292356608941505,
0.7113502935420744,0.5538160469667319,0.5130546602510567,0.5538160469667319,0.5319662331098253,
0.7093596059113301,0.5842364532019705,0.5342046442036604,0.5842364532019705,0.5564892260776203,
0.7212301587301587,0.5783730158730159,0.532108583606711,0.5783730158730159,0.5535336853221143,
0.7093023255813954,0.5891472868217055,0.5250540223551312,0.5891472868217055,0.5531795846284686,
0.7053045186640472,0.574656188605108,0.5185484158614279,0.574656188605108,0.5437502317652421,
0.6902390438247012,0.599601593625498,0.5195820914244074,0.599601593625498,0.5534553786373546,
0.6966731898238747,0.5958904109589042,0.5343461430326025,0.5958904109589042,0.5611901153155326,
0.7144240077444337,0.601161665053243,0.5327405938379965,0.601161665053243,0.563607534593582,
0.6585127201565558,0.5469667318982387,0.46110604453030457,0.5469667318982387,0.4982301013852286,
0.6770428015564203,0.5603112840466926,0.483297775210798,0.5603112840466926,0.5154173869862193,
0.6953125,0.587890625,0.5251503661524123,0.587890625,0.5525850220572226,
0.7066929133858267,0.5807086614173228,0.5221916270882806,0.5807086614173228,0.5490355976776882,
0.7096456692913385,0.5364173228346457,0.5157382860098785,0.5364173228346457,0.5253207650797613,
0.6935960591133005,0.547783251231527,0.4918258288815739,0.547783251231527,0.5173465702554609,
0.7167630057803468,0.5895953757225434,0.5295205654549405,0.5895953757225434,0.5566263495761491,
0.6900191938579654,0.5758157389635317,0.511754014032203,0.5758157389635317,0.5390395052809702,
0.6906614785992218,0.5885214007782101,0.5091642479820878,0.5885214007782101,0.5433422334012268,
0.7248520710059172,0.6045364891518737,0.5605891851303385,0.6045364891518737,0.5804767910932295,
0.7117296222664016,0.5854870775347912,0.5307750560853662,0.5854870775347912,0.5564119290573668,
