Majority Class Accuracy,Accuracy,Precision,Recall,F Score,Support
0.685274302213667,0.519730510105871,0.4911039049843244,0.519730510105871,0.5046668546974029,
0.700592885375494,0.5365612648221344,0.522882619023891,0.5365612648221344,0.5294733734506287,
0.7107843137254902,0.5186274509803922,0.5217541625214261,0.5186274509803922,0.5201496695917479,
0.6902226524685382,0.5353339787028074,0.508208894533213,0.5353339787028074,0.5208071004997524,
0.678391959798995,0.5045226130653266,0.46934185015931135,0.5045226130653266,0.48616413827800153,
0.7063492063492064,0.5376984126984127,0.5300902470619081,0.5376984126984127,0.5337910240563205,
0.6898238747553816,0.5303326810176126,0.506032595290686,0.5303326810176126,0.5176460955855159,
0.7346341463414634,0.5853658536585366,0.5540291916533028,0.5853658536585366,0.5688379111674542,
0.7141472868217055,0.5484496124031008,0.5282295431205715,0.5484496124031008,0.5377392419006798,
0.6832669322709163,0.5517928286852589,0.5064283958659361,0.5517928286852589,0.5258546653086152,
0.7218992248062015,0.5465116279069767,0.549972838762787,0.5465116279069767,0.5480825548509646,
0.6805555555555556,0.5486111111111112,0.509361587956999,0.5486111111111112,0.5272627861937598,
0.7091273821464393,0.5416248746238717,0.5060173493752129,0.5416248746238717,0.5226293874771314,
0.6967930029154519,0.5276967930029155,0.5088460451866862,0.5276967930029155,0.5179974822057429,
0.7069457659372027,0.5261655566127498,0.5062977329300435,0.5261655566127498,0.5157456275518175,
0.6809116809116809,0.5270655270655271,0.4984504842101003,0.5270655270655271,0.5116664285669422,
0.6925260170293283,0.5250709555345316,0.4908631076188676,0.5250709555345316,0.5067224071389786,
0.6938775510204082,0.5490767735665695,0.5111965829774449,0.5490767735665695,0.5286214504926084,
0.6908576814326107,0.528746465598492,0.502078501019376,0.528746465598492,0.5146688248021805,
0.7153628652214892,0.5400565504241281,0.5337282929288576,0.5400565504241281,0.5367881953460535,
0.7022094140249759,0.5465898174831892,0.5197883227110598,0.5465898174831892,0.5321581163543311,
0.6951456310679611,0.5533980582524272,0.5238791103718288,0.5533980582524272,0.5375154891812665,
0.6711668273866924,0.5033751205400193,0.4716575117547946,0.5033751205400193,0.48642680182839165,
0.6879293424926398,0.5397448478900884,0.5130539660474301,0.5397448478900884,0.5251699588927089,
0.6987242394504416,0.5446516192345436,0.5117624925077108,0.5446516192345436,0.5266284337385324,
0.7131552917903067,0.5489614243323442,0.5371687928765667,0.5489614243323442,0.5428810896106424,
0.7029126213592233,0.5592233009708738,0.512128207077833,0.5592233009708738,0.5337480057533138,
0.7067961165048544,0.5495145631067961,0.5335680349579052,0.5495145631067961,0.5409869125676259,
0.703155818540434,0.5542406311637081,0.5181629343413697,0.5542406311637081,0.5340339300565415,
0.7016683022571149,0.5426889106967615,0.5242996337620661,0.5426889106967615,0.5331633261440494,
