Majority Class Accuracy,Accuracy,Precision,Recall,F Score,Support
0.12698412698412698,0.12996031746031747,0.12941838348693588,0.12996031746031747,0.125032898395057,
0.10686274509803921,0.11960784313725491,0.11841154932431025,0.11960784313725491,0.11438745247043305,
0.13274336283185842,0.13372664700098327,0.13161154568258943,0.13372664700098327,0.1289572890705739,
0.12,0.1404878048780488,0.14075331055847518,0.1404878048780488,0.13525789898573604,
0.1267056530214425,0.13937621832358674,0.1375552186811948,0.13937621832358674,0.13429642674484008,
0.13817097415506957,0.13817097415506957,0.1388591936785836,0.13817097415506957,0.13502071089651746,
0.10294117647058823,0.11666666666666667,0.1243940060977459,0.11666666666666667,0.11471197507228106,
0.12928501469147893,0.12634671890303623,0.12565791386476668,0.12634671890303623,0.12088608784379877,
0.13431372549019607,0.13725490196078433,0.13555759344943388,0.13725490196078433,0.13021234949960858,
0.1197252208047105,0.1099116781157998,0.10489290220263053,0.1099116781157998,0.10175451801878173,
0.14187866927592954,0.11350293542074363,0.11860563700913217,0.11350293542074363,0.11207394359978216,
0.1263681592039801,0.12935323383084577,0.1376887504432646,0.12935323383084577,0.12789758526487272,
0.13702623906705538,0.1360544217687075,0.1361600181221525,0.1360544217687075,0.13286713818701426,
0.13645418326693226,0.12749003984063745,0.12374484258291987,0.12749003984063745,0.12289115163132636,
0.11758691206543967,0.12576687116564417,0.12954260908649573,0.12576687116564417,0.12210581308992349,
0.13570741097208855,0.13570741097208855,0.14200680562886306,0.13570741097208855,0.13367947047674875,
0.12270531400966184,0.15072463768115943,0.1468702210391878,0.15072463768115943,0.1446116033282055,
0.11713455953533398,0.12294288480154889,0.12642957306126057,0.12294288480154889,0.11963139650445316,
0.11843361986628462,0.1308500477554919,0.1351727728611199,0.1308500477554919,0.12831759601162007,
0.12100677637947725,0.14714424007744434,0.14704698034440064,0.14714424007744434,0.14213548450068478,
0.1223091976516634,0.12426614481409001,0.13044031635504055,0.12426614481409001,0.1221254608920824,
0.12573673870333987,0.13555992141453832,0.13162502646355417,0.13555992141453832,0.1287001893620382,
0.1270772238514174,0.1270772238514174,0.12843118832630493,0.1270772238514174,0.1229658898652388,
0.13262342691190707,0.13649564375605033,0.13865506555781626,0.13649564375605033,0.13183502068935948,
0.12770137524557956,0.14341846758349705,0.1346615737355545,0.14341846758349705,0.12882894537225326,
0.12487611496531219,0.1288404360753221,0.13535262323829017,0.1288404360753221,0.12637724084933527,
0.126232741617357,0.13609467455621302,0.13194630847555197,0.13609467455621302,0.13025124651156517,
0.13102119460500963,0.13583815028901733,0.12849491462274795,0.13583815028901733,0.12633737015299737,
0.1297029702970297,0.13465346534653466,0.1338584105728945,0.13465346534653466,0.12930678195769396,
0.12330097087378641,0.12815533980582525,0.12172051405664029,0.12815533980582525,0.11900690758960573,
