Majority Class Accuracy,Accuracy,Precision,Recall,F Score,Support
0.716203259827421,0.5618408437200384,0.5369092840352166,0.5618408437200384,0.5488979017585773,
0.7215189873417721,0.5374878286270691,0.5360521076288685,0.5374878286270691,0.5366968098173327,
0.6756496631376323,0.5303176130895092,0.49379932465059134,0.5303176130895092,0.5105409386774067,
0.70772238514174,0.5366568914956011,0.516718226779495,0.5366568914956011,0.5261562004385228,
0.724609375,0.5712890625,0.5464098799045434,0.5712890625,0.558357611560603,
0.6802383316782522,0.5451837140019861,0.5013712455416296,0.5451837140019861,0.5216945982830954,
0.677134445534838,0.5475956820412169,0.508986216539273,0.5475956820412169,0.5260863101814715,
0.7101449275362319,0.5458937198067633,0.5286602510032462,0.5458937198067633,0.5367373179441445,
0.7040618955512572,0.5415860735009671,0.5272020252172117,0.5415860735009671,0.5341644227000923,
0.7014354066985646,0.5674641148325359,0.525694409200982,0.5674641148325359,0.5446441483059442,
0.702755905511811,0.5403543307086615,0.522844589310754,0.5403543307086615,0.5305987957150085,
0.7224409448818898,0.5688976377952756,0.5449483587278862,0.5688976377952756,0.5565444414787134,
0.686,0.542,0.5081531279639996,0.542,0.5238612213171486,
0.7017543859649122,0.5214424951267057,0.5025921410902638,0.5214424951267057,0.5118290698407234,
0.7058232931726908,0.5371485943775101,0.5132659615354546,0.5371485943775101,0.5246798455223851,
0.6890838206627681,0.557504873294347,0.5071064495208711,0.557504873294347,0.5299845347716624,
0.7316356513222331,0.5602350636630754,0.5501594222559208,0.5602350636630754,0.5550802228222099,
0.6892925430210325,0.5391969407265774,0.5005144944456427,0.5391969407265774,0.5188703423293584,
0.7125,0.5644230769230769,0.5418062499140409,0.5644230769230769,0.5524847785833097,
0.6926877470355731,0.5335968379446641,0.5121999613702947,0.5335968379446641,0.5220693101003897,
0.7016361886429259,0.5399422521655438,0.5124582551184473,0.5399422521655438,0.5255440627981791,
0.7438180019782393,0.6043521266073195,0.5806839267890288,0.6043521266073195,0.5917681269674382,
0.6808721506442021,0.5232903865213082,0.504591363329107,0.5232903865213082,0.513151029200004,
0.6976744186046512,0.5532945736434108,0.5154002721784728,0.5532945736434108,0.5334545554454291,
0.6810176125244618,0.5234833659491194,0.48370102725391845,0.5234833659491194,0.5019836549827464,
0.6774193548387096,0.5063538611925709,0.4779692053549109,0.5063538611925709,0.4914875837856444,
0.6823529411764706,0.5303921568627451,0.5024964606773802,0.5303921568627451,0.5152341156390365,
0.6883495145631068,0.5504854368932038,0.5131714072864,0.5504854368932038,0.5294625501020412,
0.7061105722599418,0.5412221144519883,0.5176653353143839,0.5412221144519883,0.5288845266125559,
0.6847720659553831,0.5198836081474297,0.49692547750743665,0.5198836081474297,0.5074113228306908,
