Majority Class Accuracy,Accuracy,Precision,Recall,F Score,Support
0.6951819075712881,0.5083579154375615,0.4968691644945591,0.5083579154375615,0.5024063888334978,
0.6971201588877854,0.5620655412115194,0.5154084542572186,0.5620655412115194,0.5370158344403924,
0.7151394422310757,0.5268924302788844,0.5265131124689763,0.5268924302788844,0.5266330934868754,
0.6856023506366308,0.5484818805093046,0.5118499035007007,0.5484818805093046,0.5290702232776293,
0.6783567134268537,0.5290581162324649,0.4901569383590006,0.5290581162324649,0.5082184442789603,
0.6824644549763034,0.5412322274881517,0.5044890440227852,0.5412322274881517,0.5218314188140963,
0.6910331384015594,0.5194931773879142,0.4924879962048033,0.5194931773879142,0.5053043701904204,
0.6979269496544916,0.5478775913129319,0.5187834486011846,0.5478775913129319,0.5324008755710511,
0.7100591715976331,0.534516765285996,0.5145576258382938,0.534516765285996,0.5238730618845856,
0.6977428851815506,0.5191364082433758,0.5153730970576464,0.5191364082433758,0.5170390729037867,
0.7077534791252486,0.5576540755467196,0.5352541458578339,0.5576540755467196,0.5456575313136495,
0.6924603174603174,0.5307539682539683,0.5077231910326808,0.5307539682539683,0.5184574660463301,
0.6843137254901961,0.5254901960784314,0.5088632487728477,0.5254901960784314,0.5164514087573902,
0.667610953729934,0.5231350330500472,0.4892729248539388,0.5231350330500472,0.5044890881169385,
0.6952191235059761,0.5358565737051793,0.513335630148121,0.5358565737051793,0.5241139753390344,
0.7138728323699421,0.5433526011560693,0.5292340182135022,0.5433526011560693,0.5361745160075784,
0.7137404580152672,0.5515267175572519,0.5320822033925294,0.5515267175572519,0.5414095248311928,
0.7090367428003972,0.5551142005958292,0.5372072550590138,0.5551142005958292,0.5453292341919587,
0.7069306930693069,0.5514851485148515,0.5226299967844972,0.5514851485148515,0.5356669099201417,
0.6999022482893451,0.544477028347996,0.5052800759463406,0.544477028347996,0.5236659888521559,
0.7026768642447419,0.5583173996175909,0.529938278748548,0.5583173996175909,0.5434271452001923,
0.6901960784313725,0.5470588235294118,0.5135452717167569,0.5470588235294118,0.5285202189236309,
0.7016683022571149,0.5593719332679097,0.523034724507062,0.5593719332679097,0.539598628964363,
0.6813186813186813,0.5334665334665335,0.49970974648523664,0.5334665334665335,0.5156259357903743,
0.7176470588235294,0.5549019607843138,0.5395502645502646,0.5549019607843138,0.5470167432475523,
0.7190900098911969,0.5667655786350149,0.533004121873859,0.5667655786350149,0.5491182204812702,
0.6870748299319728,0.5276967930029155,0.500393192211967,0.5276967930029155,0.5127452326680384,
0.7141453831041258,0.568762278978389,0.5567661533617557,0.568762278978389,0.5623073217947945,
0.6845637583892618,0.5397890699904123,0.5134541168355247,0.5397890699904123,0.5258665875311183,
0.6901960784313725,0.5617647058823529,0.5045801028623356,0.5617647058823529,0.5307394209913578,
