Majority Class Accuracy,Accuracy,Precision,Recall,F Score,Support
0.6939782823297137,0.6663376110562685,0.5107966118548177,0.6663376110562685,0.5659125909351332,
0.6879293424926398,0.6584887144259077,0.5211631226049925,0.6584887144259077,0.5628833317001584,
0.6840039254170756,0.6545632973503435,0.5018871501408689,0.6545632973503435,0.5536563215816996,
0.6827852998065764,0.6566731141199227,0.49880028683617417,0.6566731141199227,0.5523307823040959,
0.7051406401551892,0.6867119301648884,0.5203646473491795,0.6867119301648884,0.5840302770029053,
0.7205741626794259,0.6985645933014354,0.5451673607498979,0.6985645933014354,0.6042869274960588,
0.6917808219178082,0.6682974559686888,0.5263750516332291,0.6682974559686888,0.5711551980004687,
0.6998050682261209,0.6744639376218323,0.5162623559734758,0.6744639376218323,0.5730815556819004,
0.6982248520710059,0.6686390532544378,0.5193507929639393,0.6686390532544378,0.574669423679685,
0.7138783269961977,0.6806083650190115,0.5499895576336201,0.6806083650190115,0.5895541553317308,
0.7093253968253969,0.685515873015873,0.5326845007149283,0.685515873015873,0.5893026307040807,
0.6673170731707317,0.6497560975609756,0.5191442833589174,0.6497560975609756,0.5440699788596418,
0.6989453499520614,0.6797698945349953,0.5196980410042616,0.6797698945349953,0.5743812267079907,
0.7109144542772862,0.6922320550639135,0.5288477640687628,0.6922320550639135,0.5889635254424368,
0.7020648967551623,0.6774827925270404,0.5130192693952507,0.6774827925270404,0.578872761742072,
0.6851664984863775,0.6589303733602422,0.5098986380637731,0.6589303733602422,0.5606081731209556,
0.7192307692307692,0.6913461538461538,0.5466477119579866,0.6913461538461538,0.6007487289982957,
0.7045226130653266,0.6693467336683417,0.5138142514501923,0.6693467336683417,0.5750453247599011,
0.7058252427184466,0.6796116504854369,0.5264276823500125,0.6796116504854369,0.584415701982038,
0.6823069403714564,0.6559139784946236,0.5033093312293587,0.6559139784946236,0.5561844099937918,
0.6845180136319376,0.6582278481012658,0.48684488789452496,0.6582278481012658,0.552948277585323,
0.6958211856171039,0.6724975704567542,0.5169894200402956,0.6724975704567542,0.569443695052236,
0.6990972918756269,0.6800401203610833,0.5416842153550703,0.6800401203610833,0.5814619181358146,
0.6747809152872444,0.6426484907497566,0.48391485352295693,0.6426484907497566,0.5404438947151777,
0.6986434108527132,0.6715116279069767,0.49871085779324376,0.6715116279069767,0.5688219997493713,
0.6762092793682132,0.6535044422507403,0.5028988822204113,0.6535044422507403,0.5468487868261839,
0.6893106893106893,0.6683316683316683,0.5151363256626416,0.6683316683316683,0.5665015650449093,
0.7009708737864078,0.6776699029126214,0.5209886793784307,0.6776699029126214,0.5786220440063036,
0.7072691552062869,0.6866404715127702,0.5375244816898315,0.6866404715127702,0.5899792767691271,
0.6820866141732284,0.6525590551181102,0.4843923598630891,0.6525590551181102,0.5490267403975715,
