Majority Class Accuracy,Accuracy,Precision,Recall,F Score,Support
0.5004830917874397,0.47729468599033814,0.3423018078108455,0.47729468599033814,0.3540066580967299,
0.47651006711409394,0.4582933844678811,0.34551337290013984,0.4582933844678811,0.33179622606764936,
0.4860710854947166,0.4505283381364073,0.2853016797988567,0.4505283381364073,0.3202392995934764,
0.47813121272365805,0.45029821073558646,0.29498064208149727,0.45029821073558646,0.32122212934078587,
0.47445972495088407,0.44204322200392926,0.26717938423953386,0.44204322200392926,0.31077714054981104,
0.4445506692160612,0.4235181644359465,0.31712345239343814,0.4235181644359465,0.2998609024983149,
0.46990291262135925,0.4446601941747573,0.2872231853906611,0.4446601941747573,0.3191182575754316,
0.4861111111111111,0.44742063492063494,0.30185638119698843,0.44742063492063494,0.32151061636912004,
0.45972495088408644,0.42730844793713163,0.2792477448369664,0.42730844793713163,0.2969299150637918,
0.4650485436893204,0.4475728155339806,0.30740185614881904,0.4475728155339806,0.3123507979025787,
0.47884615384615387,0.4461538461538462,0.28962071821213614,0.4461538461538462,0.3199795944493088,
0.4746588693957115,0.4502923976608187,0.3220026796893523,0.4502923976608187,0.32317076309024784,
0.4606965174129353,0.4417910447761194,0.2932791606013731,0.4417910447761194,0.308848806591599,
0.4750733137829912,0.4613880742913001,0.322998111113561,0.4613880742913001,0.32794581431119013,
0.47307692307692306,0.4519230769230769,0.31689190488683233,0.4519230769230769,0.32581110844728417,
0.5009578544061303,0.46360153256704983,0.3007817640001548,0.46360153256704983,0.34000439431855434,
0.4534653465346535,0.4405940594059406,0.2848744486316138,0.4405940594059406,0.3021746926414833,
0.4573947110675808,0.42115572967678744,0.25653794763121407,0.42115572967678744,0.29041295509768633,
0.47586872586872586,0.4642857142857143,0.2762350262350262,0.4642857142857143,0.3181879190540148,
0.49514563106796117,0.4669902912621359,0.29709475887386744,0.4669902912621359,0.3311552241774247,
0.4655674102812803,0.44325897187196894,0.29814584201418143,0.44325897187196894,0.31381570145945414,
0.4622093023255814,0.4253875968992248,0.2930248632366913,0.4253875968992248,0.30677761450322555,
0.4667300380228137,0.435361216730038,0.2946397871555954,0.435361216730038,0.3100760992088573,
0.4756335282651072,0.4590643274853801,0.33461152832036056,0.4590643274853801,0.34230122971247434,
0.484027105517909,0.46853823814133594,0.3200581023373265,0.46853823814133594,0.33612357305890506,
0.46880907372400754,0.45652173913043476,0.3093041192398109,0.45652173913043476,0.32380759070965615,
0.45862412761714855,0.4317048853439681,0.2572603414744134,0.4317048853439681,0.294969880311916,
0.438953488372093,0.4176356589147287,0.2858439716916509,0.4176356589147287,0.29100668895087484,
0.46634615384615385,0.4375,0.277786409428988,0.4375,0.30696841445608347,
0.49703557312252966,0.4535573122529644,0.26774328967423594,0.4535573122529644,0.3241890225104308,
