Majority Class Accuracy,Accuracy,Precision,Recall,F Score,Support
0.7054263565891473,0.6695736434108527,0.5219379109356359,0.6695736434108527,0.5786668933603395,
0.7073170731707317,0.6760975609756098,0.5116835509319998,0.6760975609756098,0.5795184235658546,
0.6933728981206726,0.6676557863501483,0.512821995827077,0.6676557863501483,0.565858932682411,
0.7002012072434608,0.6790744466800804,0.5164225839631896,0.6790744466800804,0.5759915660232968,
0.6889106967615309,0.6584887144259077,0.4808508311128801,0.6584887144259077,0.5540600606934517,
0.7077986179664363,0.6811451135241856,0.5221607434252376,0.6811451135241856,0.5831581268464562,
0.7227138643067846,0.6951819075712881,0.5327080133596627,0.6951819075712881,0.6008932364663,
0.6983349657198825,0.6895200783545543,0.5560829979982961,0.6895200783545543,0.5865023698046593,
0.7116141732283464,0.6929133858267716,0.5519437152514332,0.6929133858267716,0.6004990127880424,
0.7344357976653697,0.7110894941634242,0.573877544437812,0.7110894941634242,0.6238267120350426,
0.6982421875,0.6767578125,0.533411253980439,0.6767578125,0.5772417650155142,
0.7194525904203324,0.6989247311827957,0.5562469073213748,0.6989247311827957,0.6058834361173695,
0.6815101645692159,0.6505324298160697,0.4887769051723144,0.6505324298160697,0.5476399500495852,
0.6766467065868264,0.656686626746507,0.48766871267902606,0.656686626746507,0.5485159783797234,
0.6935483870967742,0.6698292220113852,0.5144909893366855,0.6698292220113852,0.5656342168323664,
0.7072691552062869,0.6905697445972495,0.53850808152639,0.6905697445972495,0.589332471124599,
0.6955223880597015,0.6696517412935323,0.5197357163422897,0.6696517412935323,0.5710023875151673,
0.6873786407766991,0.6611650485436893,0.48946214783489195,0.6611650485436893,0.556985919721626,
0.7115198451113263,0.6902226524685382,0.5663329893726796,0.6902226524685382,0.6007766396415617,
0.713026444662096,0.692458374142997,0.5431322444217227,0.692458374142997,0.5949114264459751,
0.6819066147859922,0.6673151750972762,0.5218615557860287,0.6673151750972762,0.5615207144232065,
0.6882352941176471,0.6656862745098039,0.49821823993714065,0.6656862745098039,0.5602145828644004,
0.6971428571428572,0.6657142857142857,0.5120082624142774,0.6657142857142857,0.5709232860163094,
0.6931927133269415,0.6644295302013423,0.5173254340176628,0.6644295302013423,0.5677966376337586,
0.6871345029239766,0.6549707602339181,0.4969995077132115,0.6549707602339181,0.5556631882058586,
0.7098943323727186,0.6858789625360231,0.5311694191343642,0.6858789625360231,0.5868515403605552,
0.6828793774319066,0.6663424124513618,0.5152715540337061,0.6663424124513618,0.5632037900084125,
0.6882239382239382,0.666988416988417,0.5177585274122619,0.666988416988417,0.565276820867911,
0.6973180076628352,0.6657088122605364,0.49823363407901783,0.6657088122605364,0.5651758631075865,
0.6946050096339114,0.6676300578034682,0.534295982376824,0.6676300578034682,0.5765724815590553,
