Majority Class Accuracy,Accuracy,Precision,Recall,F Score,Support
0.11920529801324503,0.16461684011352887,0.15458642993893768,0.16461684011352887,0.14151981389629723,
0.11740890688259109,0.13562753036437247,0.10929289541428786,0.13562753036437247,0.11382764972763283,
0.13173076923076923,0.16538461538461538,0.1369376379150848,0.16538461538461538,0.12922139510937938,
0.11758989310009718,0.13702623906705538,0.12028300912736128,0.13702623906705538,0.09998603932088396,
0.1256133464180569,0.1521099116781158,0.1529787615166902,0.1521099116781158,0.1285693197569609,
0.125,0.14583333333333334,0.14028756864811054,0.14583333333333334,0.1229717155994424,
0.1300097751710655,0.13978494623655913,0.13098175806204498,0.13978494623655913,0.10370968674492839,
0.1252408477842004,0.15703275529865124,0.15090516781923374,0.15703275529865124,0.12526903676691795,
0.1329479768786127,0.16473988439306358,0.12804310194683527,0.16473988439306358,0.12456970901622068,
0.13813229571984437,0.14396887159533073,0.141970809825376,0.14396887159533073,0.11889002852889516,
0.12734452122408688,0.13820335636722605,0.1399541836466345,0.13820335636722605,0.11676642107391967,
0.11632453567937438,0.14173998044965788,0.1338939492749778,0.14173998044965788,0.12252851558300733,
0.11601150527325024,0.14093959731543623,0.1320366608614765,0.14093959731543623,0.12374277849930569,
0.1446480231436837,0.14561234329797493,0.1301985466820909,0.14561234329797493,0.12067929068522192,
0.12837837837837837,0.1476833976833977,0.14097099017985537,0.1476833976833977,0.1333575620787594,
0.111328125,0.1611328125,0.15745694493000126,0.1611328125,0.15074887575002774,
0.12909632571996027,0.14597815292949354,0.15287658769451973,0.14597815292949354,0.12417995012345148,
0.13521400778210116,0.13715953307392997,0.11226871146032719,0.13715953307392997,0.09400593882647512,
0.12027833001988071,0.1749502982107356,0.14779507744391204,0.1749502982107356,0.15006062844173088,
0.10852713178294573,0.1501937984496124,0.1347039140733971,0.1501937984496124,0.11297041083079988,
0.12632594021215043,0.16393442622950818,0.1470454639911184,0.16393442622950818,0.14247092297371314,
0.12975609756097561,0.1473170731707317,0.1274824919195246,0.1473170731707317,0.12246768738971507,
0.12549019607843137,0.1284313725490196,0.11320196792227202,0.1284313725490196,0.09809308765892889,
0.12376237623762376,0.13366336633663367,0.13004039818654212,0.13366336633663367,0.1007035190510169,
0.12287712287712288,0.14785214785214784,0.13420257053835083,0.14785214785214784,0.12721960595679216,
0.1376953125,0.158203125,0.14620730553305333,0.158203125,0.1349075178077923,
0.0971540726202159,0.14720314033366044,0.15631593403282085,0.14720314033366044,0.12698969467860133,
0.14481409001956946,0.14187866927592954,0.13891763518177114,0.14187866927592954,0.12565247110192904,
0.11648568608094768,0.13228035538005922,0.13429776175534258,0.13228035538005922,0.10226366472812741,
0.09782608695652174,0.1442687747035573,0.13992439637534757,0.1442687747035573,0.1260586678270494,
