Majority Class Accuracy,Accuracy,Precision,Recall,F Score,Support
0.45170454545454547,0.4318181818181818,0.2980810776145704,0.4318181818181818,0.3072724568509214,
0.4570877531340405,0.42333654773384766,0.26212312500158924,0.42333654773384766,0.2991751451458444,
0.47047047047047047,0.43743743743743746,0.2743369391367516,0.43743743743743746,0.3085323254309176,
0.44813695871097686,0.4300100704934542,0.2943449369310904,0.4300100704934542,0.30198338923424595,
0.48122529644268774,0.4575098814229249,0.29722220232607216,0.4575098814229249,0.326731284144573,
0.46047430830039526,0.4357707509881423,0.2710105002595121,0.4357707509881423,0.3021712079592102,
0.5162882527147088,0.49950641658440276,0.3494876769675765,0.49950641658440276,0.37067229779874344,
0.47230320699708456,0.45286686103012636,0.2956908915792469,0.45286686103012636,0.320852859807605,
0.45579567779960706,0.4351669941060904,0.25671822698213037,0.4351669941060904,0.29615263907113926,
0.46220095693779906,0.43923444976076553,0.2943417400877134,0.43923444976076553,0.30918529630463115,
0.48365384615384616,0.46057692307692305,0.2873716359823016,0.46057692307692305,0.32600721465764815,
0.4622093023255814,0.4437984496124031,0.28886708349511975,0.4437984496124031,0.3092653063825128,
0.48202137998056366,0.4557823129251701,0.29103542527615034,0.4557823129251701,0.3256359750291471,
0.49214145383104124,0.4636542239685658,0.29464567214674403,0.4636542239685658,0.3359777444834403,
0.47006869479882235,0.4445534838076546,0.2948233295933187,0.4445534838076546,0.31610701068127606,
0.4725490196078431,0.44509803921568625,0.26417230676054204,0.44509803921568625,0.3109906265421738,
0.4682080924855491,0.4344894026974952,0.2610865031226188,0.4344894026974952,0.3021315473982414,
0.4927536231884058,0.4676328502415459,0.3076926364402375,0.4676328502415459,0.33699278413092676,
0.5,0.4778672032193159,0.31963663909088613,0.4778672032193159,0.3470124576073553,
0.4893410852713178,0.4573643410852713,0.28393647571505687,0.4573643410852713,0.3274171777640523,
0.44030563514804205,0.4145176695319962,0.2714567776620069,0.4145176695319962,0.2806373369848926,
0.44519230769230766,0.4201923076923077,0.2397698958003207,0.4201923076923077,0.28041786136448216,
0.45551257253384914,0.4381044487427466,0.2826488476693231,0.4381044487427466,0.3015520452992722,
0.49603174603174605,0.4642857142857143,0.2767664505147279,0.4642857142857143,0.32817831384780405,
0.4656188605108055,0.43909626719056977,0.2852801846930048,0.43909626719056977,0.3099638920871994,
0.48365384615384616,0.44519230769230766,0.275150797443146,0.44519230769230766,0.3186125033797332,
0.48073217726396916,0.4479768786127168,0.2718882517200503,0.4479768786127168,0.31622800913414556,
0.4951737451737452,0.4623552123552124,0.31549558470896627,0.4623552123552124,0.33723122272165934,
0.4759568204121688,0.4563297350343474,0.2905003519243216,0.4563297350343474,0.3210539567993591,
0.44814462416745954,0.4262607040913416,0.3018332276751032,0.4262607040913416,0.29827403162277605,
