Majority Class Accuracy,Accuracy,Precision,Recall,F Score,Support
0.11154598825831702,0.1350293542074364,0.12030951575579708,0.1350293542074364,0.11261553818692516,
0.12195121951219512,0.14536585365853658,0.1402875326497947,0.14536585365853658,0.11037017120913248,
0.13365384615384615,0.1576923076923077,0.13304964175883657,0.1576923076923077,0.11970200528836074,
0.13948919449901767,0.15029469548133595,0.13277199338130605,0.15029469548133595,0.11948664875351464,
0.13013698630136986,0.13209393346379647,0.1282557560469512,0.13209393346379647,0.10533077824526021,
0.1185929648241206,0.1628140703517588,0.14211976678025837,0.1628140703517588,0.12924076523429825,
0.11420059582919563,0.16385302879841113,0.14552192318113152,0.16385302879841113,0.121704108766884,
0.12693798449612403,0.15503875968992248,0.12954439346576496,0.15503875968992248,0.1298434982639351,
0.13333333333333333,0.15265700483091788,0.13108863524162892,0.15265700483091788,0.12645040818218567,
0.1236816874400767,0.14093959731543623,0.1344700211829971,0.14093959731543623,0.1222267540207455,
0.12874251497005987,0.14570858283433133,0.11772724826317904,0.14570858283433133,0.11598268334063941,
0.1256133464180569,0.13542688910696762,0.1812501211733345,0.13542688910696762,0.12230238735785141,
0.125,0.12797619047619047,0.13002468723001082,0.12797619047619047,0.11289281567123471,
0.12985781990521328,0.13270142180094788,0.1407617666378431,0.13270142180094788,0.10339665748628593,
0.13920454545454544,0.14772727272727273,0.13408925489407061,0.14772727272727273,0.12004813090763392,
0.1154228855721393,0.13134328358208955,0.12061861819431925,0.13134328358208955,0.10020440987339371,
0.11575875486381323,0.14105058365758755,0.13705167745821703,0.14105058365758755,0.11608558932222789,
0.142578125,0.1376953125,0.12524711856795945,0.1376953125,0.1003836647700022,
0.11849710982658959,0.1396917148362235,0.13705655410263984,0.1396917148362235,0.12403829917264676,
0.1238003838771593,0.14683301343570057,0.13685170118574788,0.14683301343570057,0.1263869070275154,
0.14478764478764478,0.1611969111969112,0.16212776200389098,0.1611969111969112,0.14980574886815332,
0.13056092843326886,0.14313346228239845,0.131812543665175,0.14313346228239845,0.12373138443910336,
0.1267056530214425,0.14814814814814814,0.1448574779945034,0.14814814814814814,0.1262776953975255,
0.12124151309408342,0.15518913676042678,0.1564252014695729,0.15518913676042678,0.1337874409785569,
0.13529411764705881,0.1480392156862745,0.1345930663694717,0.1480392156862745,0.12721195932021784,
0.12150433944069432,0.17454194792671165,0.16799593019248243,0.17454194792671165,0.15134750818166262,
0.1339712918660287,0.1416267942583732,0.14761092213862206,0.1416267942583732,0.11627733843571984,
0.13307240704500978,0.16731898238747553,0.1657984531854957,0.16731898238747553,0.134392974404721,
0.10484668644906034,0.1533135509396637,0.17231898899816658,0.1533135509396637,0.12243702710934638,
0.1201923076923077,0.13846153846153847,0.12905709347973443,0.13846153846153847,0.10951056436400336,
