Majority Class Accuracy,Accuracy,Precision,Recall,F Score,Support
0.6907514450867052,0.6647398843930635,0.5145565105469039,0.6647398843930635,0.5616490873903806,
0.7209072978303748,0.7061143984220908,0.5652136419965307,0.7061143984220908,0.6086368847286401,
0.7090909090909091,0.7004784688995215,0.5839306827352317,0.7004784688995215,0.6084998428349397,
0.6840039254170756,0.6594700686947988,0.4860218277693805,0.6594700686947988,0.5505223605155837,
0.7257590597453477,0.7002938295788442,0.5389865561544285,0.7002938295788442,0.6027080251763185,
0.6951710261569416,0.6730382293762576,0.5224037615283826,0.6730382293762576,0.5718341311142884,
0.729227761485826,0.7038123167155426,0.5397822774844534,0.7038123167155426,0.6088483862079693,
0.7004830917874396,0.6888888888888889,0.5094297800096331,0.6888888888888889,0.5766083684242252,
0.708171206225681,0.6799610894941635,0.5176184703240102,0.6799610894941635,0.5836331781677812,
0.6702334630350194,0.6498054474708171,0.47106961078264575,0.6498054474708171,0.5359369538570004,
0.7189349112426036,0.6942800788954635,0.5360946745562131,0.6942800788954635,0.5976270547382889,
0.7193486590038314,0.6915708812260536,0.5235412973446941,0.6915708812260536,0.5924159908725143,
0.7023346303501945,0.683852140077821,0.5164495210070741,0.683852140077821,0.5784691012788901,
0.6898608349900597,0.6660039761431411,0.49569050427724115,0.6660039761431411,0.5601821007160532,
0.7109602327837051,0.6915615906886518,0.5271343795187551,0.6915615906886518,0.5911901752535089,
0.6849852796859667,0.6692836113837095,0.496023919512993,0.6692836113837095,0.5580242700840755,
0.7024048096192385,0.6783567134268537,0.5154871329297426,0.6783567134268537,0.5766663851187329,
0.6966731898238747,0.6722113502935421,0.5007649884362213,0.6722113502935421,0.5678368735326197,
0.7056530214424951,0.6871345029239766,0.5507563144967622,0.6871345029239766,0.5911849877779578,
0.7058823529411765,0.6879361914257228,0.5270040874393619,0.6879361914257228,0.5863777146505215,
0.6907829534192269,0.6699702675916749,0.49195158106951964,0.6699702675916749,0.5604085086442563,
0.7360557768924303,0.7051792828685259,0.5681646885407757,0.7051792828685259,0.6186562002562705,
0.6970873786407767,0.6854368932038835,0.5181258096204902,0.6854368932038835,0.5751206176758353,
0.683643486777669,0.6601371204701273,0.5074528004351948,0.6601371204701273,0.5559509190513914,
0.6927536231884058,0.6647342995169082,0.4991366478561844,0.6647342995169082,0.5637673983689501,
0.6953125,0.67578125,0.5036804101874003,0.67578125,0.5686570502981122,
0.7014778325123153,0.6807881773399015,0.5399143886000924,0.6807881773399015,0.5847061012087115,
0.7011494252873564,0.685823754789272,0.5294562323402499,0.685823754789272,0.5819648170144941,
0.666023166023166,0.6505791505791506,0.48257855013837253,0.6505791505791506,0.5367395392065514,
0.7142857142857143,0.6882239382239382,0.5438484266665919,0.6882239382239382,0.5951353471732743,
