Majority Class Accuracy,Accuracy,Precision,Recall,F Score,Support
0.690522243713733,0.6624758220502901,0.5027095575778936,0.6624758220502901,0.5598658564272915,
0.6783216783216783,0.6603396603396603,0.4933496410131924,0.6603396603396603,0.5498856977797936,
0.6834817012858556,0.6597428288822947,0.49776476614384624,0.6597428288822947,0.5564371059946102,
0.6940822467402207,0.6770310932798396,0.5172729929831423,0.6770310932798396,0.5729383767282054,
0.7238658777120316,0.6952662721893491,0.534290589506417,0.6952662721893491,0.599490911033366,
0.6800382043935053,0.6590257879656161,0.5009211357642331,0.6590257879656161,0.5537799996580802,
0.6911764705882353,0.6647058823529411,0.5146486791906569,0.6647058823529411,0.5634755894100301,
0.698382492863939,0.6755470980019029,0.5147270631532245,0.6755470980019029,0.5733660239498742,
0.7045009784735812,0.6800391389432485,0.5228757247859148,0.6800391389432485,0.5823895408237979,
0.705765407554672,0.6789264413518886,0.5406033401269532,0.6789264413518886,0.5846332642120416,
0.6907114624505929,0.658102766798419,0.5073376218501452,0.658102766798419,0.5614186007997557,
0.7050147492625368,0.671583087512291,0.5215065477786717,0.671583087512291,0.5781786335605723,
0.7159763313609467,0.7001972386587771,0.5704421063200718,0.7001972386587771,0.6109740811358693,
0.6727622714148219,0.6477382098171318,0.5035998909519195,0.6477382098171318,0.544857512741032,
0.7177263969171483,0.6859344894026975,0.5241886582470702,0.6859344894026975,0.5911117976342837,
0.686046511627907,0.6521317829457365,0.5107575397157753,0.6521317829457365,0.5587962401312906,
0.7110894941634242,0.6828793774319066,0.5175736747404215,0.6828793774319066,0.5847539839655342,
0.6861598440545809,0.6608187134502924,0.5195747462146173,0.6608187134502924,0.5620183590128994,
0.6747104247104247,0.6544401544401545,0.5125854254294622,0.6544401544401545,0.5522607276002648,
0.6815476190476191,0.6646825396825397,0.49533832433316966,0.6646825396825397,0.5540477335702139,
0.7051282051282052,0.6725838264299803,0.5247622736954994,0.6725838264299803,0.5793056564817699,
0.6795740561471443,0.665053242981607,0.5098882137131941,0.665053242981607,0.5546272505278991,
0.7078870496592016,0.6815968841285297,0.5340440544258094,0.6815968841285297,0.5857406097235992,
0.6960227272727273,0.665719696969697,0.4950560290404041,0.665719696969697,0.5630824405309512,
0.6695156695156695,0.6448243114909782,0.4792797223352779,0.6448243114909782,0.534268304991398,
0.6852394916911045,0.6520039100684262,0.5111518828519973,0.6520039100684262,0.556830897115768,
0.6773879142300195,0.652046783625731,0.48678040838365355,0.652046783625731,0.5471426811794508,
0.6942551119766309,0.6747809152872444,0.5243532838469548,0.6747809152872444,0.5677424152595704,
0.6719367588932806,0.6482213438735178,0.4861915909952194,0.6482213438735178,0.5390533723752775,
0.6991321118611379,0.660559305689489,0.5147355461107739,0.660559305689489,0.568816616416497,
