Majority Class Accuracy,Accuracy,Precision,Recall,F Score,Support
0.6851485148514852,0.6633663366336634,0.5042544192178554,0.6633663366336634,0.5587748343705397,
0.7018572825024438,0.6852394916911045,0.5460100849489731,0.6852394916911045,0.587172039941187,
0.6896217264791464,0.6595538312318138,0.5064272581246394,0.6595538312318138,0.5607601199597231,
0.7039603960396039,0.69009900990099,0.5702442421176136,0.69009900990099,0.5959463326902706,
0.7037754114230397,0.6892545982575025,0.553492948656768,0.6892545982575025,0.5871006773402386,
0.7166030534351145,0.6889312977099237,0.5445281949119686,0.6889312977099237,0.597939616613088,
0.7009708737864078,0.6699029126213593,0.5350896923964714,0.6699029126213593,0.5790599513748533,
0.6981677917068466,0.6759884281581485,0.5213187053684397,0.6759884281581485,0.5768699505239779,
0.6973293768545994,0.658753709198813,0.5051534387559629,0.658753709198813,0.5650384017959562,
0.6876208897485493,0.6615087040618955,0.5140463090425805,0.6615087040618955,0.5638402155297271,
0.68359375,0.6640625,0.5126649067078755,0.6640625,0.5603604524451247,
0.6954365079365079,0.6607142857142857,0.5184547878574777,0.6607142857142857,0.5661360241611676,
0.6686046511627907,0.6482558139534884,0.4689474964270114,0.6482558139534884,0.5375247073758685,
0.7037401574803149,0.6820866141732284,0.5259892510390392,0.6820866141732284,0.5817159628905307,
0.7013618677042801,0.6770428015564203,0.5273636334432493,0.6770428015564203,0.5823427870695995,
0.6867588932806324,0.6669960474308301,0.5074659355437685,0.6669960474308301,0.5626655576161186,
0.7003853564547207,0.6820809248554913,0.5114651019034449,0.6820809248554913,0.5764193626391197,
0.713026444662096,0.683643486777669,0.5347117604147226,0.683643486777669,0.5899317806172028,
0.6721470019342359,0.648936170212766,0.4862557655110847,0.648936170212766,0.5410289547314168,
0.7177033492822966,0.692822966507177,0.5429910948753371,0.692822966507177,0.5994858582040704,
0.7180487804878048,0.6897560975609756,0.5185500386158101,0.6897560975609756,0.5920238924838228,
0.6936758893280632,0.6600790513833992,0.5165012807725439,0.6600790513833992,0.5623910653666657,
0.7035611164581328,0.670837343599615,0.5199997930156575,0.670837343599615,0.5772230358189189,
0.7283464566929134,0.7096456692913385,0.548365746288864,0.7096456692913385,0.6127201614001213,
0.6839024390243903,0.6663414634146342,0.5288805029176714,0.6663414634146342,0.5603822909528956,
0.7036679536679536,0.6737451737451737,0.5089100089100089,0.6737451737451737,0.5738437871821758,
0.6830225711481845,0.6643768400392541,0.5234324824304073,0.6643768400392541,0.5624860221141732,
0.7131552917903067,0.6943620178041543,0.5558799851926252,0.6943620178041543,0.5986206567719903,
0.6760700389105059,0.6595330739299611,0.5275135404649708,0.6595330739299611,0.5464829863497658,
0.6936758893280632,0.66600790513834,0.5094981944623407,0.66600790513834,0.5673748478679818,
