Majority Class Accuracy,Accuracy,Precision,Recall,F Score,Support
0.11436672967863894,0.14650283553875237,0.1474885786367345,0.14650283553875237,0.12781598193799124,
0.11252446183953033,0.17318982387475537,0.19571868543401544,0.17318982387475537,0.15255147459852822,
0.10541871921182266,0.14088669950738916,0.126864630626988,0.14088669950738916,0.12313551951409607,
0.12610837438423644,0.1438423645320197,0.16463124438410667,0.1438423645320197,0.13292421965384463,
0.12536728697355534,0.15083251714005877,0.1369083307379673,0.15083251714005877,0.11386892510012094,
0.1145631067961165,0.12524271844660195,0.09024288667192468,0.12524271844660195,0.08905530711195576,
0.13009708737864079,0.1533980582524272,0.11967935848593919,0.1533980582524272,0.11076167190742628,
0.12822966507177033,0.15119617224880383,0.14784368687916802,0.15119617224880383,0.1350742978133425,
0.1259765625,0.1689453125,0.15934812190617562,0.1689453125,0.14407410750844116,
0.11736178467507274,0.15324927255092144,0.14661670510848798,0.15324927255092144,0.1312622296891749,
0.12887112887112886,0.12187812187812187,0.1311609951090399,0.12187812187812187,0.10663499282801775,
0.1280310378273521,0.13482056256062075,0.11155039744317007,0.13482056256062075,0.10061634855020739,
0.11968348170128586,0.14737883283877348,0.12504024301348726,0.14737883283877348,0.11048293085875018,
0.1101364522417154,0.16374269005847952,0.14750082390926733,0.16374269005847952,0.12078503306617588,
0.12077294685990338,0.1285024154589372,0.15307748866239707,0.1285024154589372,0.10496083433418063,
0.1263573543928924,0.14313919052319843,0.1365186190200523,0.14313919052319843,0.11569268775785777,
0.12212212212212212,0.14214214214214213,0.12709554646805282,0.14214214214214213,0.11771403372243766,
0.13579049466537343,0.13773035887487875,0.12554374053804426,0.13773035887487875,0.1149172992816027,
0.1100196463654224,0.16110019646365423,0.14183627054599493,0.16110019646365423,0.13000538518174484,
0.12884615384615383,0.1528846153846154,0.13347323645902992,0.1528846153846154,0.12729906649657616,
0.11827956989247312,0.13978494623655913,0.13129170112992025,0.13978494623655913,0.12129113949173882,
0.13582677165354332,0.16633858267716536,0.14936452893838045,0.16633858267716536,0.11411337089682429,
0.12050534499514091,0.15160349854227406,0.14217604833395417,0.15160349854227406,0.11909107578756599,
0.12365063788027478,0.1560353287536801,0.1326923612874198,0.1560353287536801,0.12044202196514647,
0.10562685093780849,0.15202369200394866,0.1581635842835221,0.15202369200394866,0.1265169961033362,
0.12313803376365443,0.15888778550148958,0.1569831183955357,0.15888778550148958,0.13041757098470425,
0.13569321533923304,0.1376597836774828,0.12868980577289052,0.1376597836774828,0.12221809027770295,
0.12380952380952381,0.16285714285714287,0.15616196969715426,0.16285714285714287,0.1231646842759139,
0.13518886679920478,0.12127236580516898,0.12765672068029085,0.12127236580516898,0.0923870824359978,
0.1188118811881188,0.1297029702970297,0.11787875086698514,0.1297029702970297,0.11291093948534281,
