Majority Class Accuracy,Accuracy,Precision,Recall,F Score,Support
0.7192982456140351,0.6890838206627681,0.5371739891038138,0.6890838206627681,0.5962480159487565,
0.7073891625615764,0.6866995073891625,0.5488806617099613,0.6866995073891625,0.5921997942325071,
0.6937022900763359,0.6774809160305344,0.50002960655342,0.6774809160305344,0.5674394291586261,
0.6894889103182257,0.6769527483124397,0.5161384946006492,0.6769527483124397,0.5677128086329828,
0.6983511154219205,0.6741028128031038,0.5145926185984977,0.6741028128031038,0.5749450605823373,
0.6899902818270165,0.6618075801749271,0.494554207295267,0.6618075801749271,0.5588638018632222,
0.70772238514174,0.6842619745845552,0.5236545089231054,0.6842619745845552,0.5859972373655886,
0.692156862745098,0.6705882352941176,0.4963684421136876,0.6705882352941176,0.5634248440136804,
0.6896887159533074,0.6731517509727627,0.5580663108729704,0.6731517509727627,0.5751545222970669,
0.683643486777669,0.6640548481880509,0.47618595356107596,0.6640548481880509,0.5501331272181336,
0.7036328871892925,0.6826003824091779,0.526422525848912,0.6826003824091779,0.5819297334207502,
0.7149853085210578,0.6875612144955926,0.517987827487321,0.6875612144955926,0.5869256107177447,
0.6735294117647059,0.653921568627451,0.49632162171129024,0.653921568627451,0.540393873042951,
0.6855721393034826,0.6616915422885572,0.48097027814296395,0.6616915422885572,0.5529350426424909,
0.7160611854684512,0.6931166347992351,0.5528449468049725,0.6931166347992351,0.6017605004316522,
0.6940948693126815,0.665053242981607,0.5213341066134146,0.665053242981607,0.5693247295037642,
0.7260138476755688,0.6913946587537092,0.5342553378532607,0.6913946587537092,0.5993387909963273,
0.702729044834308,0.6803118908382066,0.5329413790974997,0.6803118908382066,0.582683493218771,
0.6936758893280632,0.6679841897233202,0.5057292626649463,0.6679841897233202,0.5652677062086934,
0.6986301369863014,0.678082191780822,0.5128485779130051,0.678082191780822,0.5739603198401222,
0.6933728981206726,0.6785361028684471,0.5064483611058912,0.6785361028684471,0.5719185666229227,
0.6771653543307087,0.6584645669291339,0.5090955880901884,0.6584645669291339,0.5530527894759636,
0.7288629737609329,0.7045675413022352,0.5602337926114062,0.7045675413022352,0.6154197910121756,
0.7,0.676923076923077,0.5091650033266799,0.676923076923077,0.572285304818868,
0.6782178217821783,0.6485148514851485,0.47686452041430555,0.6485148514851485,0.5438256241731556,
0.6908548707753479,0.6640159045725647,0.5079578750102776,0.6640159045725647,0.5625478658063833,
0.6716417910447762,0.6447761194029851,0.46626108249160864,0.6447761194029851,0.5345450602770846,
0.6886699507389162,0.6492610837438424,0.49632578984406833,0.6492610837438424,0.5534063268447744,
0.6773255813953488,0.6472868217054264,0.4884339972899264,0.6472868217054264,0.5458528715794088,
0.6840077071290944,0.6608863198458574,0.49161452493963426,0.6608863198458574,0.5568880843596492,
