Majority Class Accuracy,Accuracy,Precision,Recall,F Score,Support
0.13152804642166344,0.13829787234042554,0.1181874519053909,0.13829787234042554,0.1176475007769903,
0.1267056530214425,0.15009746588693956,0.11756026588903476,0.15009746588693956,0.11433567435417014,
0.1308139534883721,0.1569767441860465,0.16922837660475296,0.1569767441860465,0.14448682937704466,
0.11676646706586827,0.14271457085828343,0.12756661584517348,0.14271457085828343,0.11952017915735062,
0.1197252208047105,0.1560353287536801,0.15231235963330778,0.1560353287536801,0.1389600518523143,
0.11614173228346457,0.15649606299212598,0.1596454383237529,0.15649606299212598,0.13674406653454155,
0.14068441064638784,0.1596958174904943,0.13908217988702717,0.1596958174904943,0.1214412449764052,
0.11453320500481232,0.14051973051010588,0.1414694392947572,0.14051973051010588,0.11301108424307424,
0.13416988416988418,0.1583011583011583,0.14393220301308537,0.1583011583011583,0.1283475495673092,
0.13560975609756099,0.15414634146341463,0.1321546155138613,0.15414634146341463,0.11749583061601174,
0.11879259980525804,0.14800389483933787,0.1491620956568197,0.14800389483933787,0.11201774390332868,
0.11442307692307692,0.15865384615384615,0.162181143242033,0.15865384615384615,0.13563325560453746,
0.12921890067502412,0.12439729990356799,0.10025491920955792,0.12439729990356799,0.0970856805340865,
0.12440191387559808,0.14066985645933014,0.13997877289320376,0.14066985645933014,0.12475840723621828,
0.10721247563352826,0.13840155945419103,0.11914976293971964,0.13840155945419103,0.09844265885271211,
0.14879227053140096,0.1603864734299517,0.16313824073495795,0.1603864734299517,0.14162805405202264,
0.11724806201550388,0.12209302325581395,0.13303398927109034,0.12209302325581395,0.09900891255912009,
0.13840155945419103,0.15497076023391812,0.1648726517704551,0.15497076023391812,0.13911854301175913,
0.13609467455621302,0.1282051282051282,0.10947375591665116,0.1282051282051282,0.10584964250802456,
0.10331384015594541,0.15692007797270954,0.1443631875249246,0.15692007797270954,0.13528279220481595,
0.10907335907335908,0.13320463320463322,0.1630095138905434,0.13320463320463322,0.12876298287084806,
0.125590179414542,0.17563739376770537,0.15402162252261223,0.17563739376770537,0.15065649650716134,
0.11439842209072978,0.12130177514792899,0.10663262493025127,0.12130177514792899,0.10605497292490856,
0.12130177514792899,0.1341222879684418,0.12779135270416428,0.1341222879684418,0.10058979475258416,
0.13425468904244817,0.14610069101678183,0.12488648191552101,0.14610069101678183,0.11926103759203012,
0.12139303482587065,0.14228855721393036,0.11876486295179248,0.14228855721393036,0.11597706243842688,
0.11877394636015326,0.1446360153256705,0.13350081554985646,0.1446360153256705,0.1136279319480825,
0.11988304093567251,0.1354775828460039,0.14133592039921355,0.1354775828460039,0.12033887039779138,
0.11538461538461539,0.1341222879684418,0.11552241800634533,0.1341222879684418,0.11168914317546103,
0.1552917903066271,0.14836795252225518,0.1407377050165414,0.14836795252225518,0.12075145181058637,
