Majority Class Accuracy,Accuracy,Precision,Recall,F Score,Support
0.4755381604696673,0.4481409001956947,0.29708906631001397,0.4481409001956947,0.32195101807975324,
0.4634858812074002,0.4537487828627069,0.31174923040635755,0.4537487828627069,0.3196229435300016,
0.47804878048780486,0.4448780487804878,0.28327069894874773,0.4448780487804878,0.3131455251153949,
0.4619140625,0.43359375,0.3024201700730233,0.43359375,0.30936778462810977,
0.45885769603097776,0.44240077444336884,0.28826166815387855,0.44240077444336884,0.30215485367877104,
0.474609375,0.4638671875,0.3368141563526942,0.4638671875,0.3330573274474061,
0.46878097125867196,0.4529236868186323,0.26386021271544663,0.4529236868186323,0.31013116788256323,
0.46421471172962225,0.4403578528827038,0.28717529179359963,0.4403578528827038,0.31178146225783154,
0.42829268292682926,0.40195121951219515,0.25347144384595205,0.40195121951219515,0.2702554176555551,
0.4921875,0.4580078125,0.2938278428242189,0.4580078125,0.3343074089376738,
0.44844844844844844,0.41541541541541543,0.27412582833729787,0.41541541541541543,0.2861882874739563,
0.48828125,0.466796875,0.3310354617549892,0.466796875,0.34161781528573476,
0.46168768186226966,0.44422890397672166,0.3092760922716025,0.44422890397672166,0.31687940249472046,
0.4633431085043988,0.436950146627566,0.2763081502210988,0.436950146627566,0.3045955578496856,
0.49403578528827036,0.47713717693836977,0.32575810018275714,0.47713717693836977,0.34278569719194135,
0.462671905697446,0.444007858546169,0.31250011331471284,0.444007858546169,0.31471144599913625,
0.4541015625,0.4345703125,0.29227083951205046,0.4345703125,0.30118366955020953,
0.46798029556650245,0.4482758620689655,0.29726621631107114,0.4482758620689655,0.32441813946782416,
0.4622823984526112,0.43520309477756286,0.2715795261897861,0.43520309477756286,0.30546547816630903,
0.4420849420849421,0.4083011583011583,0.2474492785468395,0.4083011583011583,0.2760507215080238,
0.4546360917248255,0.4336989032901296,0.308050146412681,0.4336989032901296,0.3092066889364691,
0.48977604673807207,0.45764362220058424,0.27447694305045817,0.45764362220058424,0.32494112170727496,
0.4614624505928854,0.4407114624505929,0.28626456251445936,0.4407114624505929,0.30620689938438506,
0.47770069375619423,0.44400396432111,0.251026011356321,0.44400396432111,0.3098004582807786,
0.4575609756097561,0.4195121951219512,0.2782069604159493,0.4195121951219512,0.3080303832303944,
0.45614035087719296,0.42884990253411304,0.29874428535302155,0.42884990253411304,0.30474979233891347,
0.46804326450344147,0.4444444444444444,0.31033142340317943,0.4444444444444444,0.32254108918649776,
0.4632713026444662,0.4436826640548482,0.2984819264306632,0.4436826640548482,0.3112575577328757,
0.4474975466143278,0.4268891069676153,0.2970237528255536,0.4268891069676153,0.28970750304626175,
0.4654150197628458,0.4397233201581028,0.30125104014978155,0.4397233201581028,0.3144735253365219,
