Majority Class Accuracy,Accuracy,Precision,Recall,F Score,Support
0.6910331384015594,0.6666666666666666,0.5348328852591847,0.6666666666666666,0.5721306547227343,
0.6872549019607843,0.6627450980392157,0.5146252790761988,0.6627450980392157,0.5616444218768982,
0.7178217821782178,0.7,0.5450348292326647,0.7,0.6038430286797677,
0.7075098814229249,0.6758893280632411,0.5281043090000523,0.6758893280632411,0.583758751116355,
0.6987242394504416,0.6732090284592738,0.5297905504320408,0.6732090284592738,0.5768188395684788,
0.7119301648884578,0.6935014548981572,0.5420168807451005,0.6935014548981572,0.5937791742982702,
0.6900702106318957,0.6549648946840522,0.4922036214158851,0.6549648946840522,0.5566395172264043,
0.6873156342182891,0.6784660766961652,0.5295829789287632,0.6784660766961652,0.5702895829494483,
0.7090558766859345,0.6772639691714836,0.5218481593435191,0.6772639691714836,0.583037962729655,
0.7065750736015701,0.6830225711481845,0.510990301824302,0.6830225711481845,0.5804483871024925,
0.6984585741811176,0.684971098265896,0.528902155166606,0.684971098265896,0.579140074530074,
0.6812749003984063,0.6523904382470119,0.4839617272151287,0.6523904382470119,0.5481171231503237,
0.6875612144955926,0.6669931439764937,0.5084460411292588,0.6669931439764937,0.563734687499448,
0.7158203125,0.6904296875,0.5584254859643478,0.6904296875,0.59951744664112,
0.6842105263157895,0.6526315789473685,0.49579290984297403,0.6526315789473685,0.5532985544271058,
0.7095837366892546,0.6882865440464666,0.5440155638171175,0.6882865440464666,0.5903791205883815,
0.6934235976789168,0.6760154738878144,0.5342201990334664,0.6760154738878144,0.5724429295074543,
0.6943056943056943,0.6783216783216783,0.5074478630178112,0.6783216783216783,0.5699580422270063,
0.6908734052993131,0.6663395485770363,0.5161326108290311,0.6663395485770363,0.5675119502571565,
0.724609375,0.7001953125,0.5619513076751023,0.7001953125,0.6081407485759345,
0.6999022482893451,0.6715542521994134,0.5269755459649484,0.6715542521994134,0.5744773125452102,
0.711897738446411,0.6833824975417896,0.5183574085900515,0.6833824975417896,0.5857350004169509,
0.6843629343629344,0.6583011583011583,0.4893852713974665,0.6583011583011583,0.5543887791387198,
0.7074829931972789,0.673469387755102,0.5236348965974942,0.673469387755102,0.5815568729893227,
0.7166998011928429,0.7047713717693836,0.574544892929193,0.7047713717693836,0.6103734317858696,
0.7178265014299333,0.6911344137273594,0.5468353940333783,0.6911344137273594,0.6009506195962593,
0.7045908183632734,0.6826347305389222,0.5386701991186134,0.6826347305389222,0.5835849895272558,
0.7054794520547946,0.6731898238747553,0.5153812338148253,0.6731898238747553,0.5778290185905223,
0.7212953876349362,0.6977428851815506,0.565712308000818,0.6977428851815506,0.6064588742356736,
0.6831875607385811,0.6608357628765792,0.5098372331632235,0.6608357628765792,0.5566663019458772,
