Majority Class Accuracy,Accuracy,Precision,Recall,F Score,Support
0.697786333012512,0.6727622714148219,0.49526691945839185,0.6727622714148219,0.5676820539721722,
0.7149853085210578,0.703232125367287,0.5691308215546909,0.703232125367287,0.6062475749037869,
0.6968810916179338,0.6715399610136452,0.5226503343448615,0.6715399610136452,0.5726378511469938,
0.7004878048780487,0.68,0.5099116691065182,0.68,0.5765085330006738,
0.6894472361809045,0.6693467336683417,0.48367737636035424,0.6693467336683417,0.558492541280638,
0.7202380952380952,0.6974206349206349,0.5400984556502028,0.6974206349206349,0.6000245249259388,
0.6956937799043063,0.6688995215311004,0.5079307095537792,0.6688995215311004,0.5652357373670226,
0.6918489065606361,0.6610337972166997,0.5143588539088955,0.6610337972166997,0.5647779645464278,
0.6781609195402298,0.6561302681992337,0.5142731470317676,0.6561302681992337,0.5540191019304306,
0.66307541625857,0.643486777668952,0.4756120028642776,0.643486777668952,0.5306901559752727,
0.6798029556650246,0.6620689655172414,0.504953776875363,0.6620689655172414,0.5529918935319834,
0.6882865440464666,0.6747337850919651,0.5287505235044937,0.6747337850919651,0.5711951139092233,
0.7004830917874396,0.6830917874396135,0.5357552468155061,0.6830917874396135,0.5840029643748085,
0.6822244289970208,0.660377358490566,0.48348490391818677,0.660377358490566,0.5496854806766329,
0.6957364341085271,0.6734496124031008,0.5010266494053718,0.6734496124031008,0.5676504541944141,
0.7012609117361784,0.6692531522793405,0.5014908328473522,0.6692531522793405,0.5698116627979839,
0.6993143976493633,0.682664054848188,0.5341205248164186,0.682664054848188,0.5776346801080854,
0.6944172380019589,0.6699314397649363,0.5128223963434541,0.6699314397649363,0.5699326986555219,
0.6964980544747081,0.6799610894941635,0.4892986332440412,0.6799610894941635,0.5690849095006675,
0.687,0.661,0.5054499589346474,0.661,0.560164593928319,
0.708253358925144,0.6880998080614203,0.5110862669209906,0.6880998080614203,0.5822734977712734,
0.7006937561942518,0.6808721506442021,0.5210699576854032,0.6808721506442021,0.5786271589592685,
0.7075098814229249,0.6867588932806324,0.5140668511468655,0.6867588932806324,0.5826159664101328,
0.7134387351778656,0.6966403162055336,0.5425329489567737,0.6966403162055336,0.5972961579227144,
0.7020872865275142,0.674573055028463,0.5291537395199599,0.674573055028463,0.5786241915013317,
0.708984375,0.68359375,0.5398258246972022,0.68359375,0.5871811336121859,
0.6990566037735849,0.6849056603773584,0.5324696502274259,0.6849056603773584,0.5795718663495731,
0.6749256689791873,0.6610505450941526,0.5216735606050051,0.6610505450941526,0.5499433738263125,
0.6848906560636183,0.6679920477137177,0.5203430524331343,0.6679920477137177,0.5640050469854787,
0.7088607594936709,0.6845180136319376,0.5414962190745548,0.6845180136319376,0.589154429108752,
