Majority Class Accuracy,Accuracy,Precision,Recall,F Score,Support
0.46881091617933723,0.4551656920077973,0.335891302065692,0.4551656920077973,0.3261116658200503,
0.5088235294117647,0.48137254901960785,0.30253256310447596,0.48137254901960785,0.349982575083995,
0.45829145728643217,0.4190954773869347,0.2670050601317279,0.4190954773869347,0.29291270748197684,
0.47041420118343197,0.43984220907297833,0.2883735576255763,0.43984220907297833,0.315336568861629,
0.4990530303030303,0.47821969696969696,0.3525263089254272,0.47821969696969696,0.35394711579372773,
0.4765166340508806,0.44227005870841485,0.3171836431537038,0.44227005870841485,0.32394747484325054,
0.48792270531400966,0.4599033816425121,0.30334470483729364,0.4599033816425121,0.3342165722556093,
0.4630541871921182,0.4522167487684729,0.31593537276545497,0.4522167487684729,0.31975324721299286,
0.468,0.442,0.29537770399049595,0.442,0.3140920751257401,
0.4867517173699706,0.4622178606476938,0.3169343917054602,0.4622178606476938,0.3361438174763989,
0.49656526005888124,0.47006869479882235,0.31989723912568874,0.47006869479882235,0.34039534369865626,
0.43378119001919385,0.4021113243761996,0.2603261315353446,0.4021113243761996,0.27503430950571656,
0.4597478176527643,0.44034917555771097,0.31294305192151206,0.44034917555771097,0.31404875968680956,
0.45251937984496127,0.44089147286821706,0.2926504493183314,0.44089147286821706,0.30023627618091586,
0.465161923454367,0.43572129538763493,0.2896454718130489,0.43572129538763493,0.31507671939505477,
0.4775390625,0.4453125,0.2653219392241644,0.4453125,0.31178231235676085,
0.43333333333333335,0.4117647058823529,0.26686107278732385,0.4117647058823529,0.2748920989392576,
0.45989847715736043,0.4365482233502538,0.3097862634627833,0.4365482233502538,0.31416214786973434,
0.4631992149165849,0.44160942100098133,0.2665339250727632,0.44160942100098133,0.305245170732061,
0.4797570850202429,0.4524291497975709,0.27878573582824456,0.4524291497975709,0.31711505896896,
0.4701273261508325,0.4476003917727718,0.2913290315370742,0.4476003917727718,0.31532156879910467,
0.49570200573065903,0.46609360076408785,0.29518814139410293,0.46609360076408785,0.33740530859935625,
0.4876360039564787,0.4589515331355094,0.2793782730766581,0.4589515331355094,0.3259022877324693,
0.4600389863547758,0.43664717348927873,0.25537242372706426,0.43664717348927873,0.2968801585590179,
0.45383867832847424,0.4392614188532556,0.2576427850051585,0.4392614188532556,0.297116926766021,
0.4480769230769231,0.42788461538461536,0.2640155638807337,0.42788461538461536,0.2940605583203134,
0.4568380213385063,0.4510184287099903,0.333286035294248,0.4510184287099903,0.31244850122156415,
0.481086323957323,0.451988360814743,0.29273872043028204,0.451988360814743,0.3211883715561852,
0.4622918707149853,0.435847208619001,0.28764292338872705,0.435847208619001,0.30805305408402606,
0.4814462416745956,0.4519505233111323,0.29787714727075965,0.4519505233111323,0.3279000330898046,
