Majority Class Accuracy,Accuracy,Precision,Recall,F Score,Support
0.6329113924050633,0.6708860759493671,0.675990200081666,0.6708860759493671,0.6730130026694223,
0.6756756756756757,0.6621621621621622,0.6323408153916628,0.6621621621621622,0.6371283068530775,
0.5813953488372093,0.7209302325581395,0.7186877076411959,0.7209302325581395,0.7161434440942998,
0.6923076923076923,0.6153846153846154,0.6423076923076924,0.6153846153846154,0.6254399195575666,
0.5733333333333334,0.64,0.6415295815295815,0.64,0.6406515837104073,
0.5783132530120482,0.7349397590361446,0.7444735463593504,0.7349397590361446,0.7222453030512856,
0.5647058823529412,0.6352941176470588,0.6441908106526193,0.6352941176470588,0.6024273424784933,
0.569620253164557,0.7088607594936709,0.7290139906728846,0.7088607594936709,0.6884574704015831,
0.6627906976744186,0.6511627906976745,0.6572461297142468,0.6511627906976745,0.6538621262458472,
0.569620253164557,0.6962025316455697,0.7089680326110276,0.6962025316455697,0.6772692848642217,
0.6708860759493671,0.6962025316455697,0.7172603016428764,0.6962025316455697,0.7028022697512003,
0.64,0.6933333333333334,0.7017777777777777,0.6933333333333334,0.6964572722127901,
0.6125,0.6625,0.6574404761904762,0.6625,0.623695652173913,
0.717948717948718,0.6538461538461539,0.6987487461063301,0.6538461538461539,0.668113348457734,
0.675,0.7375,0.7352766798418973,0.7375,0.7002966381015161,
0.620253164556962,0.7088607594936709,0.7042897327707454,0.7088607594936709,0.7055230506395076,
0.569620253164557,0.620253164556962,0.617855248899034,0.620253164556962,0.5904907130128052,
0.5584415584415584,0.7142857142857143,0.7465698143664246,0.7142857142857143,0.6927386339151045,
0.6756756756756757,0.6351351351351351,0.6391174848317707,0.6351351351351351,0.6370154941583513,
0.7088607594936709,0.5822784810126582,0.6078520015601178,0.5822784810126582,0.5929951774865867,
0.6582278481012658,0.7088607594936709,0.7020138089758343,0.7088607594936709,0.7043792318773008,
0.4875,0.6625,0.662390350877193,0.6625000000000001,0.6623415740885621,
0.5675675675675675,0.5675675675675675,0.5472972972972973,0.5675675675675675,0.5211170249533421,
0.5897435897435898,0.6025641025641025,0.5916594097726173,0.6025641025641025,0.5922109080003817,
0.65,0.6375,0.6289090909090909,0.6375,0.6323223417386703,
0.6375,0.6625,0.6517113095238095,0.6625,0.6544657026979368,
0.6052631578947368,0.75,0.7487160674981659,0.75,0.7492254419537087,
0.5903614457831325,0.6265060240963856,0.6152697747511786,0.6265060240963856,0.6093131579916964,
0.6455696202531646,0.6455696202531646,0.617842073538276,0.6455696202531646,0.6158924353461328,
0.5975609756097561,0.6219512195121951,0.6079268292682927,0.6219512195121951,0.6032221973595883,
