Majority Class Accuracy,Accuracy,Precision,Recall,F Score,Support
0.569620253164557,0.6329113924050633,0.634308729245438,0.6329113924050633,0.6335091592306534,
0.6049382716049383,0.5925925925925926,0.5639978213507626,0.5925925925925926,0.5572746305995357,
0.691358024691358,0.8271604938271605,0.8267066085693537,0.8271604938271605,0.8164609053497941,
0.7160493827160493,0.6049382716049383,0.6770255103588436,0.6049382716049383,0.623916727184701,
0.6233766233766234,0.7272727272727273,0.721487603305785,0.7272727272727273,0.717823581330149,
0.6708860759493671,0.6708860759493671,0.6708860759493671,0.6708860759493671,0.6708860759493671,
0.6049382716049383,0.6666666666666666,0.731016731016731,0.6666666666666666,0.5937043985824474,
0.7023809523809523,0.7023809523809523,0.759575569358178,0.7023809523809523,0.7146636432350717,
0.5443037974683544,0.6455696202531646,0.6455696202531646,0.6455696202531646,0.6455696202531646,
0.5443037974683544,0.6708860759493671,0.6749278903565983,0.6708860759493671,0.6614859806723833,
0.6842105263157895,0.7368421052631579,0.7314371788055999,0.7368421052631579,0.7336039031129917,
0.6666666666666666,0.6428571428571429,0.65625,0.6428571428571429,0.6481481481481481,
0.6338028169014085,0.6197183098591549,0.6366992276238074,0.6197183098591549,0.6252125757641827,
0.6547619047619048,0.5833333333333334,0.607638888888889,0.5833333333333334,0.5916106547174509,
0.6081081081081081,0.7972972972972973,0.806081081081081,0.7972972972972973,0.7878955021812164,
0.6329113924050633,0.6582278481012658,0.6725407462563084,0.6582278481012658,0.6627962310840392,
0.6933333333333334,0.6266666666666667,0.6643597262952102,0.6266666666666667,0.6387654320987654,
0.7529411764705882,0.6823529411764706,0.717905056759546,0.6823529411764706,0.6958538787415792,
0.5526315789473685,0.5526315789473685,0.5307017543859649,0.5526315789473685,0.43490304709141275,
0.5930232558139535,0.6627906976744186,0.6589551033591732,0.6627906976744186,0.6600585114295631,
0.5866666666666667,0.6533333333333333,0.676439393939394,0.6533333333333333,0.6028924162257496,
0.5454545454545454,0.6753246753246753,0.6744036105738234,0.6753246753246753,0.6719572562269192,
0.6352941176470588,0.7058823529411765,0.7006855373728439,0.7058823529411765,0.702379348441163,
0.6625,0.65,0.6379481311975591,0.65,0.6423636363636364,
0.65,0.6125,0.5969107551487414,0.6125,0.6023925166396834,
0.6447368421052632,0.6710526315789473,0.6594231791600212,0.6710526315789473,0.6622537620055686,
0.6363636363636364,0.6493506493506493,0.6888725309777941,0.6493506493506493,0.6559678098535535,
0.6744186046511628,0.6976744186046512,0.7035437430786268,0.6976744186046512,0.7002349498445392,
0.5487804878048781,0.7195121951219512,0.719435975609756,0.7195121951219512,0.7167308515190415,
0.55,0.5375,0.5670510132774285,0.5375,0.5263016300047475,
