Majority Class Accuracy,Accuracy,Precision,Recall,F Score,Support
0.5555555555555556,0.7037037037037037,0.7053009883198562,0.7037037037037037,0.6972789115646258,
0.6231884057971014,0.6521739130434783,0.6472624798711756,0.6521739130434783,0.6491699604743083,
0.654320987654321,0.654320987654321,0.6669186192995716,0.654320987654321,0.6590656015492617,
0.6029411764705882,0.6617647058823529,0.6640231092436975,0.6617647058823529,0.6627517000066019,
0.6027397260273972,0.6575342465753424,0.6483896173662491,0.6575342465753424,0.6466488542064266,
0.6790123456790124,0.7530864197530864,0.7725970017636684,0.7530864197530864,0.7587353047123163,
0.5882352941176471,0.6352941176470588,0.6311736958934517,0.6352941176470588,0.6324403112933334,
0.68,0.6133333333333333,0.5914661654135337,0.6133333333333333,0.5998869810910672,
0.5714285714285714,0.6428571428571429,0.6390796703296703,0.6428571428571429,0.6394957983193277,
0.6506024096385542,0.7108433734939759,0.7108433734939759,0.7108433734939759,0.7108433734939759,
0.5662650602409639,0.5783132530120482,0.5652191182311664,0.5783132530120482,0.5207937979022316,
0.5866666666666667,0.6933333333333334,0.6893040293040293,0.6933333333333334,0.6881267685342388,
0.5194805194805194,0.7142857142857143,0.7142857142857143,0.7142857142857143,0.7138017808749516,
0.5679012345679012,0.654320987654321,0.6523101384212495,0.654320987654321,0.6529149090684343,
0.6527777777777778,0.6944444444444444,0.6847961406784937,0.6944444444444444,0.6873952479542541,
0.725,0.65,0.6295698924731183,0.65,0.6383333333333334,
0.5316455696202531,0.6708860759493671,0.6705191707943496,0.6708860759493671,0.6689626828867336,
0.647887323943662,0.704225352112676,0.6972876218349054,0.704225352112676,0.6994558617100137,
0.618421052631579,0.75,0.75,0.75,0.7379631464236179,
0.6419753086419753,0.6296296296296297,0.6556556556556558,0.6296296296296297,0.6366442199775533,
0.675,0.775,0.7769480519480518,0.775,0.7525000000000001,
0.6144578313253012,0.6024096385542169,0.6097030981067126,0.6024096385542169,0.605286818917461,
0.6103896103896104,0.5584415584415584,0.5367178276269186,0.5584415584415584,0.5417915417915418,
0.5783132530120482,0.7228915662650602,0.7207319845419413,0.7228915662650602,0.7190926692298516,
0.6582278481012658,0.7215189873417721,0.7405313453744935,0.7215189873417721,0.726918109015758,
0.6666666666666666,0.6794871794871795,0.6489533011272142,0.6794871794871795,0.6241637150728061,
0.675,0.675,0.6817307692307693,0.675,0.6779524807826695,
0.6447368421052632,0.618421052631579,0.5852521929824561,0.618421052631579,0.5888684266672656,
0.6363636363636364,0.7272727272727273,0.7205906616069957,0.7272727272727273,0.7126303801587158,
0.6375,0.7625,0.8003125000000001,0.7625,0.7670767638158942,
