Majority Class Accuracy,Accuracy,Precision,Recall,F Score,Support
0.8132183908045977,0.814176245210728,0.7899330240073152,0.814176245210728,0.7969190599242538,
0.7954091816367266,0.8023952095808383,0.783496999317989,0.8023952095808383,0.7895841186875644,
0.8129285014691479,0.8256611165523996,0.8026271502226966,0.8256611165523996,0.8072073652735352,
0.8206144697720515,0.8364717542120912,0.8156421010581177,0.8364717542120912,0.8198838986777419,
0.7892156862745098,0.7970588235294118,0.775233533291551,0.7970588235294118,0.7812766134559193,
0.8106796116504854,0.8223300970873786,0.8003698182845677,0.8223300970873786,0.8055934057945843,
0.7922848664688428,0.811078140454995,0.787164286975093,0.811078140454995,0.7893959174580948,
0.7962598425196851,0.8228346456692913,0.8033488924120706,0.8228346456692913,0.8057907445452437,
0.8007774538386784,0.8338192419825073,0.8153036118337846,0.8338192419825073,0.810191248333232,
0.8155818540433925,0.8274161735700197,0.7997010535015187,0.8274161735700197,0.8012243873843768,
0.8307086614173228,0.8267716535433071,0.8053663981657465,0.8267716535433071,0.8127111977975231,
0.8088531187122736,0.8309859154929577,0.8077257727287812,0.8309859154929577,0.8042762875505778,
0.811,0.808,0.7757207143577842,0.808,0.7830467289719626,
0.8148148148148148,0.8187134502923976,0.7996415530717117,0.8187134502923976,0.8059842249657064,
0.8061023622047244,0.812992125984252,0.7824087360672578,0.812992125984252,0.7858110570968425,
0.8072407045009785,0.8131115459882583,0.7907541531770841,0.8131115459882583,0.7970234331878167,
0.8073122529644269,0.8399209486166008,0.8218848631265628,0.8399209486166008,0.8162763997923534,
0.8082191780821918,0.8131115459882583,0.7882035260743354,0.8131115459882583,0.7944311076250514,
0.8043893129770993,0.7929389312977099,0.7667050488034546,0.7929389312977099,0.7754391921382005,
0.8197674418604651,0.8158914728682171,0.782128412537917,0.8158914728682171,0.7896101723272544,
0.8076545632973503,0.8105986261040236,0.7833603081623794,0.8105986261040236,0.7897072959045707,
0.7954990215264188,0.8287671232876712,0.8103059917585477,0.8287671232876712,0.8100495142471361,
0.8131115459882583,0.8140900195694716,0.7900089483469235,0.8140900195694716,0.7969915747091553,
0.7984344422700587,0.8062622309197651,0.7769471237294637,0.8062622309197651,0.7808074032329781,
0.8078770413064361,0.7944284341978867,0.7760447546058866,0.7944284341978867,0.7832640509474145,
0.8241758241758241,0.8071928071928072,0.7853493903356917,0.8071928071928072,0.7937490506704239,
0.8041338582677166,0.8248031496062992,0.8030341159220175,0.8248031496062992,0.8056522188951039,
0.7924170616113744,0.809478672985782,0.7849731064534102,0.809478672985782,0.7876045156320229,
0.8275193798449613,0.8226744186046512,0.8063184584081112,0.8226744186046512,0.8126712346641187,
0.7822736030828517,0.8015414258188824,0.7742457431018429,0.8015414258188824,0.765702748968633,
