Majority Class Accuracy,Accuracy,Precision,Recall,F Score,Support
0.6625,0.7625,0.7566532258064516,0.7625,0.7480434782608695,
0.6266666666666667,0.7333333333333333,0.7502630320420852,0.7333333333333333,0.7371456500488758,
0.6103896103896104,0.6493506493506493,0.6384444862705732,0.6493506493506493,0.6383457752783364,
0.6538461538461539,0.7564102564102564,0.7738927738927739,0.7564102564102564,0.7251808021038791,
0.5866666666666667,0.7466666666666667,0.7510920526014866,0.7466666666666667,0.7369098100239903,
0.6707317073170732,0.7195121951219512,0.7060188827694728,0.7195121951219512,0.7070154662266753,
0.6973684210526315,0.7236842105263158,0.709190360959871,0.7236842105263158,0.7130590153696701,
0.7,0.7111111111111111,0.7483936766955636,0.7111111111111111,0.7212284482758621,
0.7073170731707317,0.6951219512195121,0.6709413971967774,0.6951219512195121,0.677771167955582,
0.6219512195121951,0.7439024390243902,0.7499551649928264,0.7439024390243902,0.745932116663824,
0.5657894736842105,0.6842105263157895,0.6842105263157895,0.6842105263157895,0.6842105263157895,
0.6265060240963856,0.6626506024096386,0.6585422148363569,0.6626506024096386,0.6602106539365007,
0.569620253164557,0.5949367088607594,0.5852512466436517,0.5949367088607594,0.58027062418158,
0.65,0.625,0.6189458689458689,0.625,0.6215932914046121,
0.6162790697674418,0.7558139534883721,0.7847591362126246,0.7558139534883721,0.730329794992302,
0.573170731707317,0.5975609756097561,0.588062851782364,0.5975609756097561,0.5854551383330163,
0.6091954022988506,0.6666666666666666,0.6620583717357912,0.6666666666666666,0.6635615149376618,
0.6266666666666667,0.6666666666666666,0.6747311827956989,0.6666666666666666,0.6696467374433476,
0.631578947368421,0.5394736842105263,0.6141251882457428,0.5394736842105263,0.5409888357256778,
0.611764705882353,0.6352941176470588,0.6333310210876804,0.6352941176470588,0.6342253824606766,
0.6533333333333333,0.6666666666666666,0.6583054626532887,0.6666666666666666,0.6614130800835185,
0.5324675324675324,0.6363636363636364,0.6479338842975206,0.6363636363636364,0.6189916405433648,
0.7317073170731707,0.6097560975609756,0.6854306586544126,0.6097560975609756,0.6310836758335052,
0.654320987654321,0.7037037037037037,0.7027647365675533,0.7037037037037037,0.6550336414512985,
0.7023809523809523,0.7619047619047619,0.7481918140390484,0.7619047619047619,0.7467876039304611,
0.6875,0.7125,0.7157229344729344,0.7125,0.7139998201115308,
0.6829268292682927,0.6951219512195121,0.6656062212796041,0.6951219512195121,0.6601626016260164,
0.6538461538461539,0.6794871794871795,0.6767751479289941,0.6794871794871795,0.6780193611115025,
0.6756756756756757,0.7297297297297297,0.7297297297297297,0.7297297297297297,0.7297297297297297,
0.691358024691358,0.654320987654321,0.5829903978052126,0.654320987654321,0.5945896877269427,
