Majority Class Accuracy,Accuracy,Precision,Recall,F Score,Support
0.6,0.6,0.6133333333333333,0.6,0.6037162162162162,
0.5733333333333334,0.5866666666666667,0.5795679012345679,0.5866666666666667,0.5805078537281927,
0.6164383561643836,0.6027397260273972,0.6001036772329208,0.6027397260273972,0.6013110177493739,
0.6153846153846154,0.6282051282051282,0.6217529746941511,0.6282051282051282,0.6240543082648345,
0.625,0.7,0.6964285714285714,0.7,0.6977687626774848,
0.5,0.5625,0.5628535512256443,0.5625,0.5618838992332968,
0.569620253164557,0.6075949367088608,0.6062440586381147,0.6075949367088608,0.6068226124904758,
0.5949367088607594,0.6075949367088608,0.6021737232649499,0.6075949367088608,0.6040137514092627,
0.5921052631578947,0.5789473684210527,0.5637494063296058,0.5789473684210527,0.5649441062974897,
0.5802469135802469,0.7283950617283951,0.7261679980634229,0.7283950617283951,0.7254503653313177,
0.6753246753246753,0.4935064935064935,0.5176383899788155,0.4935064935064935,0.5037386855568674,
0.647887323943662,0.7887323943661971,0.7908751655230528,0.7887323943661971,0.7896428343818568,
0.6385542168674698,0.6506024096385542,0.6393435812214375,0.6506024096385542,0.642590016083992,
0.6125,0.625,0.6078490718321227,0.625,0.6063034188034188,
0.6329113924050633,0.620253164556962,0.6320274845316123,0.620253164556962,0.6245916700694161,
0.6708860759493671,0.6962025316455697,0.6905830456463369,0.6962025316455697,0.6929395218002813,
0.5301204819277109,0.5903614457831325,0.5888666327842388,0.5903614457831325,0.5840218014916809,
0.631578947368421,0.5789473684210527,0.5664642375168691,0.5789473684210527,0.5711740890688259,
0.5925925925925926,0.691358024691358,0.6874593892137751,0.691358024691358,0.6802190661839784,
0.5802469135802469,0.691358024691358,0.6921724323023674,0.691358024691358,0.6777437420712275,
0.5972222222222222,0.6388888888888888,0.6484718984718985,0.6388888888888888,0.6417300463327213,
0.5384615384615384,0.6153846153846154,0.6134615384615384,0.6153846153846154,0.6107226107226107,
0.647887323943662,0.5211267605633803,0.5296628254374733,0.5211267605633803,0.5250150475502589,
0.7415730337078652,0.6741573033707865,0.6972146935768229,0.6741573033707865,0.6837157582665021,
0.575,0.575,0.5821428571428571,0.575,0.5771464646464647,
0.6363636363636364,0.6623376623376623,0.6739898989898989,0.6623376623376623,0.6664087685364282,
0.6265060240963856,0.6987951807228916,0.7055641533721922,0.6987951807228916,0.7012727222675927,
0.5394736842105263,0.6447368421052632,0.6444627192982457,0.6447368421052632,0.6389710230632761,
0.569620253164557,0.6582278481012658,0.6544740288083807,0.6582278481012658,0.6536594651184924,
0.6666666666666666,0.6266666666666667,0.6421789105447275,0.6266666666666667,0.6327160493827161,
