Majority Class Accuracy,Accuracy,Precision,Recall,F Score,Support
0.620253164556962,0.6075949367088608,0.6050982103884767,0.6075949367088608,0.6062513138247959,
0.6438356164383562,0.684931506849315,0.6711928222382441,0.684931506849315,0.671344394713444,
0.5842696629213483,0.5730337078651685,0.5609970295751002,0.5730337078651685,0.5624057590349725,
0.6867469879518072,0.6746987951807228,0.6648768988999476,0.6746987951807228,0.6689111233001078,
0.5921052631578947,0.631578947368421,0.6281808703710855,0.631578947368421,0.6294431731502669,
0.6493506493506493,0.6753246753246753,0.6781738669493772,0.6753246753246753,0.676636494818313,
0.7236842105263158,0.631578947368421,0.642286602478304,0.631578947368421,0.6365408470671629,
0.6081081081081081,0.7432432432432432,0.7711593172119487,0.7432432432432432,0.7462238357760745,
0.5466666666666666,0.64,0.6425752508361203,0.64,0.6265534804753821,
0.5679012345679012,0.654320987654321,0.6523101384212495,0.654320987654321,0.6529149090684343,
0.6125,0.6625,0.6545762108262109,0.6625,0.6558891159938682,
0.6265060240963856,0.6506024096385542,0.6376778299639234,0.6506024096385542,0.6393850586621671,
0.5866666666666667,0.5866666666666667,0.5811347517730496,0.5866666666666667,0.5829713789035823,
0.6190476190476191,0.6547619047619048,0.6435189669087974,0.6547619047619048,0.6444489602384339,
0.525,0.5625,0.5611904761904761,0.5625,0.5610533774208786,
0.6419753086419753,0.6049382716049383,0.5873359616488052,0.6049382716049383,0.5929206595873263,
0.5405405405405406,0.6081081081081081,0.6066188637617209,0.6081081081081081,0.5980328071358351,
0.620253164556962,0.6582278481012658,0.6491326769807783,0.6582278481012658,0.6509881908677534,
0.5454545454545454,0.6103896103896104,0.6152619310514048,0.6103896103896104,0.6111793611793611,
0.7283950617283951,0.7160493827160493,0.728694885361552,0.7160493827160493,0.7214079327554505,
0.6164383561643836,0.6164383561643836,0.6027397260273972,0.6164383561643836,0.6054109589041096,
0.6419753086419753,0.5679012345679012,0.6062405901836797,0.5679012345679012,0.5767896617203148,
0.5301204819277109,0.6385542168674698,0.6378180170741722,0.6385542168674698,0.6378144155569647,
0.5945945945945946,0.6891891891891891,0.6876669773221498,0.6891891891891891,0.6883013274176862,
0.5194805194805194,0.5454545454545454,0.543665518155314,0.5454545454545454,0.5369686493281999,
0.5125,0.6375,0.6461881868131869,0.6375,0.6291807093564437,
0.6052631578947368,0.631578947368421,0.6361393540669857,0.631578947368421,0.6334276551594038,
0.6410256410256411,0.5769230769230769,0.6086405354698038,0.5769230769230769,0.5852916314454776,
0.6923076923076923,0.8205128205128205,0.8318681318681319,0.8205128205128205,0.8239644970414202,
0.5945945945945946,0.6486486486486487,0.6397656397656398,0.6486486486486487,0.6362612612612611,
