Majority Class Accuracy,Accuracy,Precision,Recall,F Score,Support
0.6296296296296297,0.5308641975308642,0.5497942386831276,0.5308641975308642,0.5375280583613917,
0.569620253164557,0.5822784810126582,0.5808191991461117,0.5822784810126582,0.5814563294253451,
0.6125,0.65,0.6595238095238095,0.65,0.6531592520954224,
0.5974025974025974,0.5974025974025974,0.5953302017131804,0.5974025974025974,0.5962671208572847,
0.6627906976744186,0.6162790697674418,0.619545957918051,0.6162790697674418,0.6178330618352804,
0.7,0.5875,0.650722815839095,0.5875,0.6043715846994535,
0.6235294117647059,0.6941176470588235,0.6861108980750057,0.6941176470588235,0.6864894233555492,
0.6052631578947368,0.6052631578947368,0.6100478468899521,0.6052631578947368,0.6072439162422184,
0.6578947368421053,0.6842105263157895,0.6973302822273074,0.6842105263157895,0.6889097744360901,
0.7283950617283951,0.6049382716049383,0.6475429678044058,0.6049382716049383,0.6209617542950876,
0.7534246575342466,0.6164383561643836,0.6302662186611528,0.6164383561643836,0.6229805869315602,
0.6352941176470588,0.5647058823529412,0.5926470588235294,0.5647058823529412,0.5725088498907885,
0.5061728395061729,0.5925925925925926,0.5962485065710872,0.5925925925925926,0.5869175164949813,
0.6172839506172839,0.7283950617283951,0.7238225880201189,0.7283950617283951,0.7242525460916265,
0.6419753086419753,0.6419753086419753,0.6640603566529493,0.6419753086419753,0.6483351445550758,
0.6842105263157895,0.5789473684210527,0.5974310776942356,0.5789473684210527,0.5867206477732794,
0.6823529411764706,0.7176470588235294,0.7301848337901469,0.7176470588235294,0.7223413503332367,
0.5657894736842105,0.5921052631578947,0.5969298245614035,0.5921052631578947,0.59360094841609,
0.625,0.575,0.575,0.575,0.575,
0.5542168674698795,0.5903614457831325,0.5903614457831325,0.5903614457831325,0.5903614457831325,
0.7083333333333334,0.625,0.640625,0.625,0.6318181818181818,
0.6265060240963856,0.6506024096385542,0.6330369095429337,0.6506024096385542,0.6296325968836985,
0.569620253164557,0.6708860759493671,0.6675885544091054,0.6708860759493671,0.6652460187831768,
0.68,0.7733333333333333,0.7759999999999999,0.7733333333333333,0.7745241462921802,
0.6842105263157895,0.5921052631578947,0.5966563467492261,0.5921052631578947,0.5942873828120926,
0.6025641025641025,0.5897435897435898,0.5773197871311079,0.5897435897435898,0.5800732600732601,
0.5822784810126582,0.569620253164557,0.5868445426626152,0.569620253164557,0.5723897496049395,
0.6410256410256411,0.5897435897435898,0.5897435897435898,0.5897435897435898,0.5897435897435898,
0.6746987951807228,0.7349397590361446,0.7302866638969672,0.7349397590361446,0.7321675365429328,
0.6125,0.5125,0.4970975783475783,0.5125,0.5029509453244762,
