Majority Class Accuracy,Accuracy,Precision,Recall,F Score,Support
0.7012987012987013,0.7272727272727273,0.7025780189959294,0.7272727272727273,0.6882043576258452,
0.5616438356164384,0.6575342465753424,0.7054570320382036,0.6575342465753424,0.6517110994360605,
0.5915492957746479,0.647887323943662,0.6544555796316359,0.647887323943662,0.6500252272591224,
0.5875,0.6375,0.6287946428571429,0.6375,0.6247189575881451,
0.5657894736842105,0.6578947368421053,0.6550877192982455,0.6578947368421053,0.6488589411900992,
0.6623376623376623,0.7792207792207793,0.774578078925905,0.7792207792207793,0.7756162205141798,
0.575,0.7125,0.7102603110209602,0.7125,0.7085010636557028,
0.611764705882353,0.7058823529411765,0.7223529411764706,0.7058823529411765,0.7093713915448965,
0.6235294117647059,0.611764705882353,0.6142054024406965,0.611764705882353,0.6129023917259211,
0.6103896103896104,0.6883116883116883,0.6825919178860356,0.6883116883116883,0.6835409488470713,
0.4864864864864865,0.6486486486486487,0.6486486486486487,0.6486486486486487,0.6486486486486487,
0.6493506493506493,0.5844155844155844,0.6141001855287569,0.5844155844155844,0.5931585945611191,
0.6103896103896104,0.7012987012987013,0.6996193461710702,0.7012987012987013,0.7003394464589826,
0.6086956521739131,0.6086956521739131,0.5869565217391305,0.6086956521739131,0.5832083958020989,
0.7088607594936709,0.7088607594936709,0.7051965356429047,0.7088607594936709,0.7069141057715047,
0.6,0.6470588235294118,0.6718403547671841,0.6470588235294118,0.6505016722408027,
0.6962025316455697,0.7721518987341772,0.7780676452756701,0.7721518987341772,0.7745991561181435,
0.5125,0.5625,0.56325,0.5625,0.5556020066889633,
0.6486486486486487,0.7162162162162162,0.7188465060805487,0.7162162162162162,0.7173998228615904,
0.589041095890411,0.6027397260273972,0.6007965817838279,0.6027397260273972,0.601656218558935,
0.6805555555555556,0.7222222222222222,0.7370370370370369,0.7222222222222222,0.7274231678486998,
0.6463414634146342,0.6951219512195121,0.681310051736881,0.6951219512195121,0.6677370135045888,
0.5301204819277109,0.7108433734939759,0.7108433734939759,0.7108433734939759,0.7108433734939759,
0.5647058823529412,0.6823529411764706,0.6834332389170674,0.6823529411764706,0.6827987616099072,
0.627906976744186,0.7441860465116279,0.7395598899724932,0.7441860465116279,0.7347347920724022,
0.5802469135802469,0.6790123456790124,0.6899862825788752,0.6790123456790124,0.6529741863075197,
0.5769230769230769,0.6282051282051282,0.621301775147929,0.6282051282051282,0.6195647790964932,
0.5875,0.6125,0.6011160714285715,0.6125,0.5988375063873276,
0.525,0.65,0.6554945054945055,0.65,0.6421018697614442,
0.6707317073170732,0.7804878048780488,0.7739761238361798,0.7804878048780488,0.7724453322119428,
