Majority Class Accuracy,Accuracy,Precision,Recall,F Score,Support
0.6538461538461539,0.6794871794871795,0.6718304843304843,0.6794871794871795,0.6746390864037922,
0.6623376623376623,0.5584415584415584,0.5912022314211097,0.5584415584415584,0.5690890669614074,
0.6585365853658537,0.6585365853658537,0.6783536585365854,0.6585365853658537,0.6650159670477159,
0.7283950617283951,0.691358024691358,0.7575492676941952,0.691358024691358,0.7074476314242395,
0.5657894736842105,0.6973684210526315,0.6954104010025063,0.6973684210526315,0.6932795418559008,
0.5909090909090909,0.6022727272727273,0.6077493934636791,0.6022727272727273,0.6043204320432043,
0.6582278481012658,0.6455696202531646,0.6590445079624336,0.6455696202531646,0.6507027498908773,
0.6621621621621622,0.5540540540540541,0.5583853083853083,0.5540540540540541,0.5561273826889351,
0.6296296296296297,0.691358024691358,0.6858710562414266,0.691358024691358,0.6876450385222315,
0.6153846153846154,0.717948717948718,0.717948717948718,0.717948717948718,0.717948717948718,
0.6857142857142857,0.6285714285714286,0.6101343101343102,0.6285714285714286,0.6174285714285714,
0.6,0.6125,0.6068965517241379,0.6125,0.6088425235966219,
0.6582278481012658,0.6582278481012658,0.6613303549267809,0.6582278481012658,0.6596757795479682,
0.5263157894736842,0.5657894736842105,0.5664368822263559,0.5657894736842105,0.5660153504969291,
0.5942028985507246,0.6666666666666666,0.6621212121212121,0.6666666666666666,0.6631150573436921,
0.6049382716049383,0.6666666666666666,0.6576711644177912,0.6666666666666666,0.6534126309827244,
0.6986301369863014,0.6712328767123288,0.6712328767123288,0.6712328767123288,0.6712328767123288,
0.5416666666666666,0.7083333333333334,0.7090097402597403,0.7083333333333334,0.705164921983014,
0.68,0.6266666666666667,0.6184562607204116,0.6266666666666667,0.6221404682274247,
0.5060240963855421,0.6746987951807228,0.6753329105897273,0.6746987951807228,0.6741308314883279,
0.6625,0.6,0.6224371373307543,0.6,0.608,
0.5348837209302325,0.6395348837209303,0.6384600351768615,0.6395348837209303,0.6368097178933909,
0.5853658536585366,0.6951219512195121,0.6965379197864927,0.6951219512195121,0.6957265911331881,
0.5641025641025641,0.6666666666666666,0.6666666666666666,0.6666666666666666,0.6666666666666666,
0.6493506493506493,0.5324675324675324,0.5479135170579772,0.5324675324675324,0.5388490819525302,
0.6790123456790124,0.5925925925925926,0.613142174432497,0.5925925925925926,0.6007611621646709,
0.5421686746987951,0.6144578313253012,0.6144578313253012,0.6144578313253012,0.6144578313253012,
0.6216216216216216,0.6756756756756757,0.6864543114543114,0.6756756756756757,0.6791154791154791,
0.6923076923076923,0.5769230769230769,0.6195804195804195,0.5769230769230769,0.5910931174089069,
0.5769230769230769,0.5769230769230769,0.5752508361204013,0.5769230769230769,0.5759932375316991,
