Majority Class Accuracy,Accuracy,Precision,Recall,F Score,Support
0.6153846153846154,0.6538461538461539,0.6398819735126603,0.6538461538461539,0.632785105415279,
0.6216216216216216,0.6621621621621622,0.6506594867250605,0.6621621621621622,0.624042779957984,
0.620253164556962,0.6962025316455697,0.6878040902024912,0.6962025316455697,0.6842975510279069,
0.6447368421052632,0.631578947368421,0.6256346749226007,0.631578947368421,0.6281781376518218,
0.5465116279069767,0.7209302325581395,0.7239855418400055,0.7209302325581395,0.7159273011530194,
0.5512820512820513,0.6153846153846154,0.6177171543025202,0.6153846153846154,0.6161477411477412,
0.5714285714285714,0.6363636363636364,0.6326530612244899,0.6363636363636364,0.6177777777777778,
0.631578947368421,0.6447368421052632,0.6293460925039872,0.6447368421052632,0.6314329513103146,
0.6153846153846154,0.6666666666666666,0.6551724137931034,0.6666666666666666,0.649056603773585,
0.5512820512820513,0.6025641025641025,0.6036833536833538,0.6025641025641025,0.6030250886920315,
0.6282051282051282,0.7051282051282052,0.7123920011148273,0.7051282051282052,0.7077232804583969,
0.6463414634146342,0.5853658536585366,0.6368806085198597,0.5853658536585366,0.5941292565099564,
0.6309523809523809,0.5952380952380952,0.5952380952380952,0.5952380952380952,0.5952380952380952,
0.6329113924050633,0.7341772151898734,0.7289637416863334,0.7341772151898734,0.7207392537783898,
0.5657894736842105,0.6842105263157895,0.6863693277492336,0.6842105263157895,0.6724624060150376,
0.5733333333333334,0.6666666666666666,0.6636681659170415,0.6666666666666666,0.6640879228832811,
0.620253164556962,0.6075949367088608,0.564831110810262,0.6075949367088608,0.5485337618712117,
0.6301369863013698,0.6986301369863014,0.6945205479452056,0.6986301369863014,0.6960406250700625,
0.5714285714285714,0.6904761904761905,0.694047619047619,0.6904761904761905,0.6767195767195767,
0.7125,0.6875,0.6915922619047619,0.6875,0.6894417247222744,
0.6285714285714286,0.6428571428571429,0.6268612708241191,0.6428571428571429,0.6282372598162071,
0.6710526315789473,0.6842105263157895,0.6842105263157895,0.6842105263157895,0.6842105263157895,
0.5844155844155844,0.7142857142857143,0.7335907335907337,0.7142857142857143,0.7162214479287651,
0.6219512195121951,0.6341463414634146,0.6257370452492403,0.6341463414634146,0.6284335972832726,
0.6493506493506493,0.6363636363636364,0.7060067155826389,0.6363636363636364,0.6432900432900432,
0.5833333333333334,0.6904761904761905,0.6957671957671957,0.6904761904761905,0.6711309523809523,
0.6103896103896104,0.6623376623376623,0.6514012303485988,0.6623376623376623,0.6448051948051948,
0.7142857142857143,0.6753246753246753,0.6797791580400276,0.6753246753246753,0.6774428425804573,
0.6164383561643836,0.6301369863013698,0.6069176073594986,0.6301369863013698,0.578907457924229,
0.6621621621621622,0.6891891891891891,0.672484984984985,0.6891891891891891,0.6742509951812277,
