Majority Class Accuracy,Accuracy,Precision,Recall,F Score,Support
0.6153846153846154,0.6282051282051282,0.6357420357420357,0.6282051282051282,0.6310606955768245,
0.6282051282051282,0.6410256410256411,0.6463403903348997,0.6410256410256411,0.6432692307692308,
0.6746987951807228,0.5903614457831325,0.5981781532259305,0.5903614457831325,0.5939524331090597,
0.575,0.6625,0.6588181818181817,0.6625,0.6517956032891424,
0.5813953488372093,0.6627906976744186,0.6641824548801294,0.6627906976744186,0.6633972731456007,
0.48717948717948717,0.6794871794871795,0.7247998378433161,0.6794871794871795,0.6655375687633752,
0.6923076923076923,0.6410256410256411,0.6244031830238728,0.6410256410256411,0.6311188811188811,
0.6025641025641025,0.5897435897435898,0.5944055944055944,0.5897435897435898,0.5916945373467113,
0.6025641025641025,0.6794871794871795,0.6733234714003945,0.6794871794871795,0.673523357733884,
0.6666666666666666,0.5972222222222222,0.6185511895215182,0.5972222222222222,0.6051558504388692,
0.6818181818181818,0.6931818181818182,0.7168096054888508,0.6931818181818182,0.7007240547063556,
0.6410256410256411,0.6794871794871795,0.6820945884985294,0.6794871794871795,0.6806799438378386,
0.6625,0.575,0.5826741041244083,0.575,0.5785027472527473,
0.6216216216216216,0.6621621621621622,0.6646163404784095,0.6621621621621622,0.6632694001115054,
0.6626506024096386,0.6746987951807228,0.6980923694779116,0.6746987951807228,0.6817171599017429,
0.6511627906976745,0.5930232558139535,0.6091459839749853,0.5930232558139535,0.5991674050791633,
0.6493506493506493,0.7272727272727273,0.7499067280189031,0.7272727272727273,0.7326570837940484,
0.5975609756097561,0.6707317073170732,0.6691920731707317,0.6707317073170732,0.6698618454716017,
0.5822784810126582,0.620253164556962,0.6147708424268878,0.620253164556962,0.6159146590445079,
0.6575342465753424,0.7671232876712328,0.7650731525486907,0.7671232876712328,0.7659473901126613,
0.6883116883116883,0.7532467532467533,0.7561938061938062,0.7532467532467533,0.7545896280590159,
0.6103896103896104,0.5714285714285714,0.5793978748524202,0.5714285714285714,0.574568288854003,
0.5875,0.6625,0.6571771978021979,0.6625,0.6571907600596125,
0.5285714285714286,0.6571428571428571,0.6584717607973422,0.6571428571428571,0.6528571428571429,
0.5802469135802469,0.6296296296296297,0.6329218106995884,0.6296296296296297,0.6308948700253048,
0.6385542168674698,0.6024096385542169,0.5995553093600456,0.6024096385542169,0.6008981275967166,
0.6463414634146342,0.7073170731707317,0.7031452738769812,0.7073170731707317,0.7048006194347658,
0.6282051282051282,0.6025641025641025,0.6112911092530658,0.6025641025641025,0.6060618127917524,
0.6625,0.6125,0.6557487468671679,0.6125,0.6228542510121458,
0.5625,0.725,0.7273759608665269,0.725,0.7184825543120474,
