Majority Class Accuracy,Accuracy,Precision,Recall,F Score,Support
0.64,0.49333333333333335,0.5381196581196581,0.49333333333333335,0.5032034632034633,
0.6666666666666666,0.64,0.6678779069767442,0.64,0.6485568760611206,
0.6266666666666667,0.68,0.7144238975817924,0.68,0.6851948051948051,
0.5783132530120482,0.6506024096385542,0.6450417052826691,0.6506024096385542,0.6398013600067719,
0.6781609195402298,0.6091954022988506,0.665389527458493,0.6091954022988506,0.6219717064544651,
0.654320987654321,0.6172839506172839,0.6416532474503488,0.6172839506172839,0.625015587978551,
0.7027027027027027,0.6756756756756757,0.6756756756756757,0.6756756756756757,0.6756756756756757,
0.5903614457831325,0.6144578313253012,0.6111947791164658,0.6144578313253012,0.6124717050018255,
0.5974025974025974,0.7142857142857143,0.7142857142857143,0.7142857142857143,0.7008187890540832,
0.7,0.6285714285714286,0.6488888888888888,0.6285714285714286,0.6368177613320999,
0.5949367088607594,0.7215189873417721,0.7181505513597845,0.7215189873417721,0.7179195728924481,
0.6024096385542169,0.5542168674698795,0.5565238143450152,0.5542168674698795,0.555292177302607,
0.5466666666666666,0.6533333333333333,0.6559477124183006,0.6533333333333333,0.6422888555722138,
0.6455696202531646,0.6582278481012658,0.6892380626557841,0.6582278481012658,0.6653516348902222,
0.6024096385542169,0.6144578313253012,0.6072566126575266,0.6144578313253012,0.6094352596490179,
0.6794871794871795,0.6153846153846154,0.6318410653386023,0.6153846153846154,0.6220881514999161,
0.6,0.6625,0.6643455834945197,0.6625,0.6633198380566802,
0.6875,0.7125,0.7157229344729344,0.7125,0.7139998201115308,
0.5974025974025974,0.6753246753246753,0.6694481988599635,0.6753246753246753,0.6694524502446368,
0.5647058823529412,0.5411764705882353,0.5397692410297452,0.5411764705882353,0.540398913413692,
0.6708860759493671,0.6835443037974683,0.7511821387367771,0.6835443037974683,0.6928869354714812,
0.6404494382022472,0.6966292134831461,0.7035848047084002,0.6966292134831461,0.6993214915401734,
0.6785714285714286,0.6547619047619048,0.6652116402116403,0.6547619047619048,0.6591817381291065,
0.5641025641025641,0.5641025641025641,0.5564102564102564,0.5641025641025641,0.5569223729827711,
0.6419753086419753,0.691358024691358,0.6992472915091962,0.691358024691358,0.694363789748738,
0.631578947368421,0.6052631578947368,0.6318713450292397,0.6052631578947368,0.6119916267942583,
0.5972222222222222,0.6527777777777778,0.6441161616161616,0.6527777777777778,0.6420163047297772,
0.527027027027027,0.581081081081081,0.5796122209165688,0.581081081081081,0.575057410351528,
0.5897435897435898,0.6794871794871795,0.6742718916303821,0.6794871794871795,0.6711378290325659,
0.631578947368421,0.6973684210526315,0.6952301388391614,0.6973684210526315,0.696177181472895,
