Majority Class Accuracy,Accuracy,Precision,Recall,F Score,Support
0.8275520317145689,0.796828543111992,0.8102557310332494,0.796828543111992,0.8028475915699315,
0.8220502901353965,0.7988394584139265,0.8057236686472873,0.7988394584139265,0.802074671003766,
0.8066083576287658,0.7842565597667639,0.7744213135237368,0.7842565597667639,0.7788716745297002,
0.8152492668621701,0.7820136852394917,0.7842431336786887,0.7820136852394917,0.7831088719985082,
0.81256038647343,0.7777777777777778,0.7768963358376171,0.7777777777777778,0.7773340334784219,
0.8018108651911469,0.7686116700201208,0.7641897745537295,0.7686116700201208,0.7663200864580668,
0.7988165680473372,0.7761341222879684,0.7806721040629258,0.7761341222879684,0.7783074613512405,
0.8016112789526687,0.796576032225579,0.7823465675957211,0.796576032225579,0.7880903346934435,
0.7724665391969407,0.7734225621414914,0.7697798037670511,0.7734225621414914,0.7715085487447737,
0.791907514450867,0.7736030828516378,0.7693781248577254,0.7736030828516378,0.7713977798732795,
0.8276892430278885,0.7709163346613546,0.7750803676936487,0.7709163346613546,0.7729508393713215,
0.8019417475728156,0.8048543689320389,0.8030654599038209,0.8048543689320389,0.8039382142122351,
0.7934458788480635,0.7745779543197616,0.7662450494898821,0.7745779543197616,0.7700476939917229,
0.8104761904761905,0.7838095238095238,0.7951389212786242,0.7838095238095238,0.7889343199966554,
0.8195121951219512,0.8097560975609757,0.8077588556950658,0.8097560975609757,0.8087353181161583,
0.7823529411764706,0.7715686274509804,0.767521674719484,0.7715686274509804,0.769448886633815,
0.7972972972972973,0.777992277992278,0.781159650487391,0.777992277992278,0.7795269517419732,
0.7820136852394917,0.761485826001955,0.7568860891668223,0.761485826001955,0.7590761649034281,
0.8089780324737345,0.7889207258834766,0.7861065875969094,0.7889207258834766,0.7874752045139104,
0.8007850834151129,0.7801766437684003,0.7761260288913288,0.7801766437684003,0.7780704731872496,
0.8166828322017459,0.8069835111542192,0.8073798242346328,0.8069835111542192,0.8071808073361652,
0.7982370225269344,0.7737512242899118,0.772521416543079,0.7737512242899118,0.773129282954341,
0.8068627450980392,0.7784313725490196,0.77586673368594,0.7784313725490196,0.777120577393984,
0.7931363203050524,0.7721639656816015,0.7633173049540961,0.7721639656816015,0.7673421120512377,
0.8056365403304179,0.7745383867832848,0.7668357792927101,0.7745383867832848,0.7704371766789446,
0.8131115459882583,0.7847358121330724,0.7873419203006853,0.7847358121330724,0.7860102546019543,
0.7947470817120622,0.7830739299610895,0.7759302042801557,0.7830739299610895,0.7792069896634848,
0.8023369036027264,0.7575462512171373,0.7442963395892002,0.7575462512171373,0.7503174572760859,
0.8197674418604651,0.7887596899224806,0.7914174972314507,0.7887596899224806,0.7900603278820608,
0.8143712574850299,0.7864271457085829,0.7926490659578599,0.7864271457085829,0.7893762421677967,
