Majority Class Accuracy,Accuracy,Precision,Recall,F Score,Support
0.8160919540229885,0.8314176245210728,0.8072469635046347,0.8314176245210728,0.8098428546061872,
0.8023143683702989,0.8071359691417551,0.7792772755586449,0.8071359691417551,0.7849625157650402,
0.8157894736842105,0.8196881091617934,0.7942603362893009,0.8196881091617934,0.800589556448597,
0.8021338506304558,0.8302618816682832,0.8098175713774398,0.8302618816682832,0.8084929518619124,
0.7965616045845272,0.8042024832855779,0.7756468973962469,0.8042024832855779,0.7800483995115209,
0.7876712328767124,0.7925636007827789,0.7625971831678333,0.7925636007827789,0.7675756393965253,
0.8073122529644269,0.8152173913043478,0.7894409937888197,0.8152173913043478,0.7947048422445984,
0.7982370225269344,0.8168462291870715,0.7946996056716641,0.8168462291870715,0.798180421355291,
0.7923976608187134,0.8235867446393762,0.8037970700402641,0.8235867446393762,0.8025463175521117,
0.8162267839687195,0.8162267839687195,0.7866985500693602,0.8162267839687195,0.7934777933313386,
0.794234592445328,0.8041749502982107,0.77453854437146,0.8041749502982107,0.7769405889628452,
0.7962598425196851,0.7992125984251969,0.7762564453738892,0.7992125984251969,0.7829468935693079,
0.7866273352999017,0.7984267453294002,0.7719704216883364,0.7984267453294002,0.7758315132424304,
0.8042430086788814,0.8100289296046287,0.7886149483537525,0.8100289296046287,0.7949240065335349,
0.7928286852589641,0.8087649402390438,0.7816969156546286,0.8087649402390438,0.7820389705284639,
0.8030592734225621,0.8183556405353728,0.7919233059267068,0.8183556405353728,0.792982977546851,
0.8066732090284593,0.8096172718351324,0.780446359310822,0.8096172718351324,0.7863763462345109,
0.8002008032128514,0.8062248995983936,0.7742930252879234,0.8062248995983936,0.7774918584074408,
0.817279046673287,0.8093346573982125,0.7868798560697605,0.8093346573982125,0.794743113516606,
0.8229475766567754,0.820969337289812,0.797769145448992,0.820969337289812,0.8051179733422765,
0.8007889546351085,0.8155818540433925,0.8015194247513385,0.8155818540433925,0.8065097780382605,
0.801707779886148,0.7979127134724858,0.771767436244668,0.7979127134724858,0.7794995538058589,
0.8072174738841406,0.835707502374169,0.8158160423573213,0.835707502374169,0.8143546525711695,
0.8242303872889771,0.8272095332671301,0.8079665714899138,0.8272095332671301,0.8143802947627982,
0.8116634799235182,0.8164435946462715,0.7899453579146093,0.8164435946462715,0.7959009075520517,
0.8025415444770283,0.8103616813294232,0.7878189529527896,0.8103616813294232,0.7937815586851147,
0.7772325809617272,0.7850834151128557,0.7577957752516005,0.7850834151128557,0.7627275064319292,
0.8180933852140078,0.8278210116731517,0.7989061187265144,0.8278210116731517,0.8008476865679892,
0.8005952380952381,0.8224206349206349,0.7981591699637025,0.8224206349206349,0.7927485055442144,
0.8001949317738791,0.8070175438596491,0.7734915121890878,0.8070175438596491,0.7744938115837539,
