Majority Class Accuracy,Accuracy,Precision,Recall,F Score,Support
0.6144578313253012,0.6506024096385542,0.6486367305450088,0.6506024096385542,0.6495255176972337,
0.5903614457831325,0.6144578313253012,0.6111947791164658,0.6144578313253012,0.6124717050018255,
0.5301204819277109,0.6024096385542169,0.6020004546487838,0.6024096385542169,0.5949247460482899,
0.5974025974025974,0.5194805194805194,0.5269955762431823,0.5194805194805194,0.522470787639327,
0.5476190476190477,0.5357142857142857,0.5252483059500603,0.5357142857142857,0.5212205270457697,
0.5569620253164557,0.5822784810126582,0.5772840781882373,0.5822784810126582,0.5774413418349719,
0.5342465753424658,0.5068493150684932,0.49694809430621567,0.5068493150684932,0.4923562502683901,
0.5930232558139535,0.5465116279069767,0.5662186650558744,0.5465116279069767,0.5504002582924212,
0.5064935064935064,0.5454545454545454,0.5509442248572683,0.5454545454545454,0.5262247007355415,
0.5476190476190477,0.5952380952380952,0.5997732426303855,0.5952380952380952,0.5961580086580087,
0.6097560975609756,0.7317073170731707,0.7317073170731707,0.7317073170731707,0.7317073170731707,
0.627906976744186,0.6046511627906976,0.5903398926654742,0.6046511627906976,0.5946060017726754,
0.5833333333333334,0.6190476190476191,0.6190476190476191,0.6190476190476191,0.6190476190476191,
0.6506024096385542,0.6265060240963856,0.6235565639180097,0.6265060240963856,0.6249430362686866,
0.6463414634146342,0.6585365853658537,0.6446249797796431,0.6585365853658537,0.6479831144465291,
0.5875,0.7625,0.7778124999999999,0.7625,0.7643323886002203,
0.5641025641025641,0.6538461538461539,0.6505223171889839,0.6538461538461539,0.6467379040286719,
0.6301369863013698,0.6027397260273972,0.6344872269529803,0.6027397260273972,0.6095772522575625,
0.6455696202531646,0.6075949367088608,0.6044574272422374,0.6075949367088608,0.6059324968996839,
0.6538461538461539,0.6923076923076923,0.698045796567964,0.6923076923076923,0.6947252747252747,
0.6511627906976745,0.6511627906976745,0.6410852713178294,0.6511627906976745,0.6447187535800207,
0.6710526315789473,0.7236842105263158,0.7699195906432749,0.7236842105263158,0.7318975243910534,
0.5375,0.65,0.65,0.65,0.65,
0.5783132530120482,0.6024096385542169,0.6009198860266999,0.6024096385542169,0.6015779838313361,
0.6219512195121951,0.6097560975609756,0.5960975609756097,0.6097560975609756,0.5996902826171119,
0.7294117647058823,0.6352941176470588,0.6694830659536541,0.6352941176470588,0.6484684633408274,
0.631578947368421,0.6447368421052632,0.6373993808049536,0.6447368421052632,0.6400649995486143,
0.6621621621621622,0.6621621621621622,0.6655405405405406,0.6621621621621622,0.6637328656734357,
0.6233766233766234,0.5974025974025974,0.6187748565797346,0.5974025974025974,0.6032484369563021,
0.6455696202531646,0.7088607594936709,0.7028129395218004,0.7088607594936709,0.7047801016752533,
