Majority Class Accuracy,Accuracy,Precision,Recall,F Score,Support
0.6438356164383562,0.6986301369863014,0.6901814274900496,0.6986301369863014,0.6922234647283569,
0.6666666666666666,0.7407407407407407,0.7427536231884058,0.7407407407407407,0.7066916823014384,
0.7123287671232876,0.684931506849315,0.6545159043417692,0.684931506849315,0.6633592496606195,
0.5487804878048781,0.5853658536585366,0.5821077876827006,0.5853658536585366,0.5823411668767143,
0.5512820512820513,0.6538461538461539,0.6538461538461539,0.6538461538461539,0.6447069755093914,
0.5454545454545454,0.6103896103896104,0.638548951048951,0.6103896103896104,0.5615351629502572,
0.654320987654321,0.6666666666666666,0.682449494949495,0.6666666666666666,0.6720770437699507,
0.6753246753246753,0.7532467532467533,0.74419002050581,0.7532467532467533,0.7451977176747819,
0.6025641025641025,0.6410256410256411,0.6410256410256411,0.6410256410256411,0.6410256410256411,
0.581081081081081,0.7027027027027027,0.7101512996249839,0.7027027027027027,0.6852289023717596,
0.5783132530120482,0.6626506024096386,0.6680405833861762,0.6626506024096386,0.6367692994199018,
0.5301204819277109,0.6626506024096386,0.6676514487067042,0.6626506024096386,0.6550572036043333,
0.6710526315789473,0.7105263157894737,0.7050429601485256,0.7105263157894737,0.7072790148448043,
0.6944444444444444,0.7222222222222222,0.7382014121144556,0.7222222222222222,0.7280092592592592,
0.5789473684210527,0.6052631578947368,0.597246963562753,0.6052631578947368,0.5974437193497316,
0.6410256410256411,0.6794871794871795,0.6630850630850631,0.6794871794871795,0.6494741452551701,
0.589041095890411,0.6164383561643836,0.6066696609027622,0.6164383561643836,0.5674394099051633,
0.5066666666666667,0.6666666666666666,0.6757852077001013,0.6666666666666666,0.661236802413273,
0.5797101449275363,0.6956521739130435,0.7013829686463957,0.6956521739130435,0.6784316516046396,
0.5915492957746479,0.647887323943662,0.6431563741422897,0.647887323943662,0.6443551591681752,
0.5945945945945946,0.7297297297297297,0.7266112266112267,0.7297297297297297,0.7259526607352695,
0.5432098765432098,0.6296296296296297,0.6276224611708483,0.6296296296296297,0.625110091317851,
0.6091954022988506,0.6781609195402298,0.669927961618182,0.6781609195402298,0.6679975801572897,
0.6625,0.6625,0.67225,0.6625,0.6664665304036791,
0.5875,0.6125,0.5997844827586207,0.6125,0.594047619047619,
0.6428571428571429,0.7261904761904762,0.7390670553935861,0.7261904761904762,0.7300757494932253,
0.6463414634146342,0.6707317073170732,0.6509358062330624,0.6707317073170732,0.6476787353798252,
0.5443037974683544,0.7468354430379747,0.7492637561353656,0.7468354430379747,0.7435833291639565,
0.6621621621621622,0.7297297297297297,0.7505322276515075,0.7297297297297297,0.7353953332214203,
0.6025641025641025,0.6794871794871795,0.6778311965811964,0.6794871794871795,0.6785469348023273,
