Majority Class Accuracy,Accuracy,Precision,Recall,F Score,Support
0.6027397260273972,0.5753424657534246,0.5634027583636194,0.5753424657534246,0.566726975101232,
0.6707317073170732,0.7804878048780488,0.7804878048780488,0.7804878048780488,0.7804878048780488,
0.5844155844155844,0.6363636363636364,0.6293706293706294,0.6363636363636364,0.6289184952978056,
0.6904761904761905,0.5952380952380952,0.6121693121693121,0.5952380952380952,0.6024659863945578,
0.5844155844155844,0.5714285714285714,0.5658866995073892,0.5714285714285714,0.5678023721387021,
0.6103896103896104,0.6103896103896104,0.6206584113560858,0.6103896103896104,0.6139069264069263,
0.5853658536585366,0.6463414634146342,0.6479353547334866,0.6463414634146342,0.6470428457144984,
0.5853658536585366,0.6829268292682927,0.680609756097561,0.6829268292682927,0.6813581308354828,
0.5352112676056338,0.5633802816901409,0.5601633054138786,0.5633802816901409,0.5589619481715224,
0.5421686746987951,0.5903614457831325,0.5870836286321758,0.5903614457831325,0.5856067125645439,
0.6075949367088608,0.7088607594936709,0.7106450309722596,0.7088607594936709,0.7096390765944397,
0.6627906976744186,0.6395348837209303,0.65577975376197,0.6395348837209303,0.6455715064633349,
0.6351351351351351,0.5945945945945946,0.5820603211907559,0.5945945945945946,0.5866519580805295,
0.6352941176470588,0.6,0.6055944055944057,0.6,0.6024764150943396,
0.5949367088607594,0.5569620253164557,0.5504408555216063,0.5569620253164557,0.552918751591103,
0.6578947368421053,0.5789473684210527,0.5629984051036682,0.5789473684210527,0.5695006747638326,
0.5581395348837209,0.5930232558139535,0.5900723079929646,0.5930232558139535,0.5908270342803633,
0.5974025974025974,0.6103896103896104,0.6195423623995052,0.6103896103896104,0.613341204250295,
0.52,0.68,0.6964705882352941,0.68,0.6693333333333332,
0.6923076923076923,0.6666666666666666,0.7112299465240642,0.6666666666666666,0.6783954961294862,
0.5529411764705883,0.6941176470588235,0.6941176470588235,0.6941176470588235,0.6941176470588235,
0.5921052631578947,0.5394736842105263,0.5513523391812866,0.5394736842105263,0.5431126103229981,
0.5584415584415584,0.6493506493506493,0.6463651291237498,0.6493506493506493,0.6450692164977879,
0.5454545454545454,0.5584415584415584,0.556473829201102,0.5584415584415584,0.5570824524312896,
0.5862068965517241,0.6436781609195402,0.6486516357206012,0.6436781609195402,0.6454057819575062,
0.5844155844155844,0.6883116883116883,0.6859721838445243,0.6883116883116883,0.6866723739094005,
0.6428571428571429,0.5476190476190477,0.5608403361344537,0.5476190476190477,0.5530563186813187,
0.625,0.6,0.6,0.6,0.6,
0.7272727272727273,0.6493506493506493,0.7087752525252525,0.6493506493506493,0.6666440228928553,
0.64,0.6533333333333333,0.648,0.6533333333333333,0.6502040816326531,
