Majority Class Accuracy,Accuracy,Precision,Recall,F Score,Support
0.5679012345679012,0.5925925925925926,0.5940329218106996,0.5925925925925926,0.5932231566034383,
0.6144578313253012,0.6867469879518072,0.690767873414426,0.6867469879518072,0.6883607155896313,
0.6385542168674698,0.6626506024096386,0.6735272422221901,0.6626506024096386,0.6665780770139381,
0.6097560975609756,0.5853658536585366,0.6005951686311121,0.5853658536585366,0.5899028838312699,
0.6506024096385542,0.7349397590361446,0.7311786829859119,0.7349397590361446,0.7326161790017212,
0.7721518987341772,0.6708860759493671,0.7453887884267631,0.6708860759493671,0.6940736478711163,
0.5949367088607594,0.620253164556962,0.6242905601058989,0.620253164556962,0.6218792214939711,
0.5256410256410257,0.5897435897435898,0.5891661704469586,0.5897435897435898,0.583113183113183,
0.5697674418604651,0.686046511627907,0.6900278058645095,0.686046511627907,0.6872053283313994,
0.5443037974683544,0.6835443037974683,0.6829442709189545,0.6835443037974683,0.6831344534543212,
0.6575342465753424,0.684931506849315,0.688047889155438,0.684931506849315,0.6863621584178011,
0.6547619047619048,0.6547619047619048,0.6372887864823349,0.6547619047619048,0.6413967296320238,
0.6142857142857143,0.6428571428571429,0.6362577639751552,0.6428571428571429,0.6383722028137098,
0.6455696202531646,0.7088607594936709,0.72332849685629,0.7088607594936709,0.7132891069071522,
0.7142857142857143,0.6753246753246753,0.6709183673469389,0.6753246753246753,0.6730118823142078,
0.7333333333333333,0.5466666666666666,0.6207364341085272,0.5466666666666666,0.5712192569335427,
0.6493506493506493,0.6103896103896104,0.6241962805777673,0.6103896103896104,0.6157075682937752,
0.647887323943662,0.6197183098591549,0.6383831443948241,0.6197183098591549,0.6260762064550311,
0.6842105263157895,0.618421052631579,0.6141358317861922,0.618421052631579,0.6161787447341759,
0.5256410256410257,0.6153846153846154,0.6162507443295621,0.6153846153846154,0.6091686091686092,
0.5802469135802469,0.6790123456790124,0.6961968073079183,0.6790123456790124,0.680976774408027,
0.5974025974025974,0.5844155844155844,0.5991049491049492,0.5844155844155844,0.5882530602092846,
0.5679012345679012,0.691358024691358,0.6889373033163884,0.691358024691358,0.6874418695724538,
0.6375,0.6125,0.6348169191919192,0.6125,0.619089068825911,
0.7027027027027027,0.6351351351351351,0.6917161063502528,0.6351351351351351,0.6500435919790759,
0.6233766233766234,0.6493506493506493,0.6470315398886827,0.6493506493506493,0.6480822487333611,
0.611764705882353,0.6352941176470588,0.6297326203208556,0.6352941176470588,0.6317233435430246,
0.6627906976744186,0.7093023255813954,0.7026833631484795,0.7093023255813954,0.7051011004499376,
0.6410256410256411,0.6794871794871795,0.6770571476453829,0.6794871794871795,0.6781601237046782,
0.6385542168674698,0.6746987951807228,0.6884323006310958,0.6746987951807228,0.6791583699611852,
