Majority Class Accuracy,Accuracy,Precision,Recall,F Score,Support
0.675,0.5625,0.6007142857142858,0.5625,0.5748882265275708,
0.5375,0.625,0.6316742944317315,0.625,0.6074999999999999,
0.575,0.65,0.6450549450549451,0.65,0.6437788018433179,
0.6875,0.6875,0.70625,0.6875,0.6942640692640693,
0.5769230769230769,0.6666666666666666,0.6697674418604651,0.6666666666666666,0.6677807486631017,
0.5753424657534246,0.684931506849315,0.6949072360031264,0.684931506849315,0.6867172719720281,
0.6666666666666666,0.6282051282051282,0.6552188552188553,0.6282051282051282,0.6368454773137632,
0.5714285714285714,0.6363636363636364,0.6321839080459769,0.6363636363636364,0.6325385694249649,
0.5411764705882353,0.5882352941176471,0.5848362930077691,0.5882352941176471,0.5824943720552669,
0.7012987012987013,0.6883116883116883,0.704858104858105,0.6883116883116883,0.6947852147852148,
0.6746987951807228,0.5783132530120482,0.5982459248759745,0.5783132530120482,0.5863288414230341,
0.5569620253164557,0.6455696202531646,0.6438518370274011,0.6455696202531646,0.6442955241168197,
0.6710526315789473,0.6578947368421053,0.7106357369515264,0.6578947368421053,0.6681946802490096,
0.6419753086419753,0.6419753086419753,0.6640603566529493,0.6419753086419753,0.6483351445550758,
0.6282051282051282,0.5384615384615384,0.5384615384615384,0.5384615384615384,0.5384615384615384,
0.6265060240963856,0.7108433734939759,0.7150346841913108,0.7108433734939759,0.7125265768958186,
0.7125,0.6625,0.6945833333333333,0.6625,0.6737480162228884,
0.6410256410256411,0.5769230769230769,0.6086405354698038,0.5769230769230769,0.5852916314454776,
0.6794871794871795,0.6538461538461539,0.6733440170940171,0.6538461538461539,0.661012255071661,
0.6235294117647059,0.6588235294117647,0.6530860620110114,0.6588235294117647,0.6551290331142234,
0.6455696202531646,0.5189873417721519,0.5339011580931861,0.5189873417721519,0.5252045121846207,
0.6385542168674698,0.6987951807228916,0.6886046861241759,0.6987951807228916,0.6735915591563465,
0.6883116883116883,0.5974025974025974,0.6110245310245309,0.5974025974025974,0.6033806285091265,
0.6410256410256411,0.6666666666666666,0.6505747126436782,0.6666666666666666,0.6512345679012345,
0.6578947368421053,0.631578947368421,0.6537828947368421,0.631578947368421,0.6388770900104259,
0.675,0.6875,0.7131689232753062,0.6875,0.6952089276724283,
0.6790123456790124,0.654320987654321,0.6474442278535846,0.654320987654321,0.6504938271604938,
0.6338028169014085,0.5774647887323944,0.5843900612980207,0.5774647887323944,0.5804879783753023,
0.6027397260273972,0.6438356164383562,0.6597795859511792,0.6438356164383562,0.6475004176411627,
0.6666666666666666,0.6811594202898551,0.7057471264367816,0.6811594202898551,0.6884317233154441,
