Majority Class Accuracy,Accuracy,Precision,Recall,F Score,Support
0.8120672601384767,0.8229475766567754,0.7971206954880768,0.8229475766567754,0.8011161077050093,
0.8063279002876318,0.8120805369127517,0.7887367284629772,0.8120805369127517,0.794970357594381,
0.8202357563850687,0.8330058939096268,0.8085691762020564,0.8330058939096268,0.8121331499183216,
0.8185443668993021,0.8305084745762712,0.8102844010341855,0.8305084745762712,0.8156085865108855,
0.7988505747126436,0.8026819923371648,0.7683209123321878,0.8026819923371648,0.7714508408410853,
0.8147783251231527,0.8285714285714286,0.8048885211971333,0.8285714285714286,0.8087134392927678,
0.8038834951456311,0.8233009708737864,0.798018774816957,0.8233009708737864,0.7950102876634095,
0.804950495049505,0.8237623762376237,0.7986761905642458,0.8237623762376237,0.7868941393000348,
0.8284023668639053,0.8392504930966469,0.8125677064265426,0.8392504930966469,0.8149208780886358,
0.8174603174603174,0.8095238095238095,0.7802586713697824,0.8095238095238095,0.7889342432456566,
0.8096153846153846,0.8125,0.779639438634738,0.8125,0.7841750560412141,
0.8057482656095144,0.817641228939544,0.7924730013556822,0.817641228939544,0.7965959228709376,
0.8091976516634051,0.812133072407045,0.7751151540450119,0.812133072407045,0.7767388773550841,
0.8029268292682927,0.8282926829268292,0.810641855189847,0.8282926829268292,0.8143236338847802,
0.8065764023210832,0.8307543520309478,0.8117152140745989,0.8307543520309478,0.814867265520944,
0.7847358121330724,0.7935420743639922,0.7645108089518897,0.7935420743639922,0.7682201951004805,
0.8189823874755382,0.8209393346379648,0.7922735608372847,0.8209393346379648,0.7985636718678408,
0.8231292517006803,0.8347910592808552,0.8138218301413174,0.8347910592808552,0.8190022703562512,
0.8211610486891385,0.8220973782771536,0.7925800882146009,0.8220973782771536,0.799022319773596,
0.7970443349753694,0.8177339901477833,0.7940296189037576,0.8177339901477833,0.7948252723561862,
0.8146718146718147,0.806949806949807,0.7823850538136252,0.806949806949807,0.7905483695376339,
0.7984420642648491,0.8198636806231743,0.7953887949634832,0.8198636806231743,0.7925780462560156,
0.7736585365853659,0.7951219512195122,0.7687224956898883,0.7951219512195122,0.7599580679307854,
0.823992133726647,0.8348082595870207,0.820744832864528,0.8348082595870207,0.8258495513060511,
0.8127450980392157,0.807843137254902,0.7710384449462813,0.807843137254902,0.7784113190730838,
0.8063583815028902,0.7967244701348748,0.7799501970641525,0.7967244701348748,0.7865736616348564,
0.8048780487804879,0.8234146341463414,0.7983886875395593,0.8234146341463414,0.7979823745410267,
0.8075801749271136,0.8299319727891157,0.8144430545268985,0.8299319727891157,0.8189406711263234,
0.8109161793372319,0.8128654970760234,0.7838416111374964,0.8128654970760234,0.7901188282731181,
0.8039024390243903,0.8214634146341463,0.7990257575888785,0.8214634146341463,0.8025172081192243,
