Majority Class Accuracy,Accuracy,Precision,Recall,F Score,Support
0.5657894736842105,0.6842105263157895,0.7060397754106102,0.6842105263157895,0.6584520123839009,
0.4939759036144578,0.5662650602409639,0.5698520372004223,0.5662650602409639,0.562714013950539,
0.6708860759493671,0.620253164556962,0.6435833557769998,0.620253164556962,0.6285028371890004,
0.569620253164557,0.6962025316455697,0.6941282842250824,0.6962025316455697,0.6909963250306248,
0.6144578313253012,0.6506024096385542,0.6451091723214698,0.6506024096385542,0.6470020597612934,
0.7142857142857143,0.7142857142857143,0.7310924369747899,0.7142857142857143,0.7207996406109614,
0.6486486486486487,0.8243243243243243,0.8218704638141978,0.8243243243243243,0.8216082501796789,
0.48314606741573035,0.6853932584269663,0.7164730527518568,0.6853932584269663,0.676951797868763,
0.6753246753246753,0.6493506493506493,0.6250397436838114,0.6493506493506493,0.6318659341915157,
0.6976744186046512,0.7093023255813954,0.6820395239654985,0.7093023255813954,0.6825111602793643,
0.4878048780487805,0.6341463414634146,0.6448170731707317,0.6341463414634146,0.6297517029224347,
0.5348837209302325,0.6976744186046512,0.7040420819490587,0.6976744186046512,0.6908996156602176,
0.6022727272727273,0.6931818181818182,0.6917830263418498,0.6931818181818182,0.6923922278452956,
0.6075949367088608,0.6329113924050633,0.6164257222568075,0.6329113924050633,0.6061065699070245,
0.6125,0.6,0.5954022988505747,0.6,0.5973333333333334,
0.5952380952380952,0.7619047619047619,0.7668650793650793,0.7619047619047619,0.7522018211673385,
0.6086956521739131,0.6086956521739131,0.6233842538190365,0.6086956521739131,0.6128932958965699,
0.6,0.6133333333333333,0.5962406015037595,0.6133333333333333,0.5909880783996767,
0.618421052631579,0.618421052631579,0.6030701754385964,0.618421052631579,0.6054572949555017,
0.6376811594202898,0.782608695652174,0.7790766125641241,0.782608695652174,0.7792540484492382,
0.6486486486486487,0.7027027027027027,0.6907335907335908,0.7027027027027027,0.6746246246246247,
0.6049382716049383,0.654320987654321,0.6443578081004983,0.654320987654321,0.6426741206615421,
0.6753246753246753,0.6493506493506493,0.6687851155936262,0.6493506493506493,0.6564344746162928,
0.6282051282051282,0.717948717948718,0.727894327894328,0.717948717948718,0.721046055294511,
0.6309523809523809,0.6904761904761905,0.6797508739775312,0.6904761904761905,0.6784089854265293,
0.6049382716049383,0.6296296296296297,0.6131687242798355,0.6296296296296297,0.6009259259259259,
0.7317073170731707,0.6829268292682927,0.7213258286429017,0.6829268292682927,0.6959930313588851,
0.6103896103896104,0.6233766233766234,0.6134365634365635,0.6233766233766234,0.6157680703135249,
0.6385542168674698,0.6506024096385542,0.6321969907278885,0.6506024096385542,0.6334452901118541,
0.5333333333333333,0.76,0.7598845598845598,0.76,0.7593974175035868,
