Majority Class Accuracy,Accuracy,Precision,Recall,F Score,Support
0.8163672654690619,0.8203592814371258,0.7946994402941568,0.8203592814371258,0.8009687321043485,
0.8227969348659003,0.8409961685823755,0.8193186138239925,0.8409961685823755,0.8219819604086845,
0.8048780487804879,0.8136585365853658,0.7839942275844728,0.8136585365853658,0.7868211797642878,
0.7998065764023211,0.8085106382978723,0.774795222107693,0.8085106382978723,0.772537155515879,
0.7879078694817658,0.8234165067178503,0.8070814270228192,0.8234165067178503,0.8094696410435374,
0.8092428711897739,0.8220255653883972,0.8021421555327709,0.8220255653883972,0.8074984991364645,
0.8172043010752689,0.823069403714565,0.7939226120686322,0.823069403714565,0.7984521974051023,
0.8073572120038722,0.8218780251694094,0.8024089750028508,0.8218780251694094,0.8075629946537272,
0.7932692307692307,0.8028846153846154,0.7759110228539576,0.8028846153846154,0.7803010240839007,
0.8061023622047244,0.8149606299212598,0.794033820879131,0.8149606299212598,0.7999273729567727,
0.7852941176470588,0.7852941176470588,0.7457210626185958,0.7852941176470588,0.7484771762013683,
0.8058823529411765,0.8176470588235294,0.7891405833966324,0.8176470588235294,0.7905979344184305,
0.7962781586679726,0.8237022526934378,0.8027171963033718,0.8237022526934378,0.8021718135188907,
0.7914171656686627,0.8263473053892215,0.8077940292338626,0.8263473053892215,0.8035676951334597,
0.815311004784689,0.8363636363636363,0.8143112870328889,0.8363636363636363,0.8152726929366371,
0.813640730067243,0.8222862632084534,0.7961834512229474,0.8222862632084534,0.8009439467028512,
0.8164251207729468,0.8222222222222222,0.7994839101396479,0.8222222222222222,0.8056858911697622,
0.796078431372549,0.8127450980392157,0.788202135526322,0.8127450980392157,0.7908586087164535,
0.8177434908389586,0.8235294117647058,0.7993787924019468,0.8235294117647058,0.805425664963281,
0.8058350100603622,0.806841046277666,0.779998644485999,0.806841046277666,0.7868666544722882,
0.8,0.804739336492891,0.7715429481522933,0.804739336492891,0.7747798261671734,
0.8166986564299424,0.8253358925143954,0.797589068012718,0.8253358925143954,0.8014025118495118,
0.81237721021611,0.8379174852652259,0.8171679293567602,0.8379174852652259,0.8161526243935519,
0.787192118226601,0.819704433497537,0.8005121824320585,0.819704433497537,0.8005043857921635,
0.8154589371980676,0.8222222222222222,0.7908634330925353,0.8222222222222222,0.793335810727115,
0.80859375,0.80859375,0.7883923532731377,0.80859375,0.7952131399394908,
0.8186180422264875,0.8330134357005758,0.8120819948842981,0.8330134357005758,0.8167490128428538,
0.8060428849902534,0.8216374269005848,0.7958036199209326,0.8216374269005848,0.7971456536505535,
0.7967401725790988,0.8168744007670182,0.7925531535182184,0.8168744007670182,0.792837761877288,
0.7938044530493708,0.8083252662149081,0.783097470507794,0.8083252662149081,0.7863859259680471,
