Majority Class Accuracy,Accuracy,Precision,Recall,F Score,Support
0.5714285714285714,0.4935064935064935,0.4675324675324675,0.4935064935064935,0.47099567099567097,
0.6282051282051282,0.6538461538461539,0.6748575498575499,0.6538461538461539,0.6591715976331363,
0.5822784810126582,0.5316455696202531,0.51283084004603,0.5316455696202531,0.5155374964545089,
0.6533333333333333,0.52,0.5607407407407408,0.52,0.5314369501466276,
0.573170731707317,0.5975609756097561,0.6024186019372155,0.5975609756097561,0.5991966603393265,
0.5625,0.5375,0.5360453964194374,0.5375,0.5366897595158464,
0.6071428571428571,0.6309523809523809,0.6157834101382489,0.6309523809523809,0.6120101137800253,
0.6,0.7294117647058823,0.7308571428571429,0.7294117647058823,0.7300330033003299,
0.6463414634146342,0.6097560975609756,0.6292386388909482,0.6097560975609756,0.6163414634146341,
0.6835443037974683,0.6075949367088608,0.6202265716413147,0.6075949367088608,0.613094953768467,
0.6190476190476191,0.6190476190476191,0.628968253968254,0.6190476190476191,0.6226330532212885,
0.7126436781609196,0.6436781609195402,0.6738962904911181,0.6436781609195402,0.6548983717767747,
0.6375,0.6125,0.6041132478632479,0.6125,0.6074675324675325,
0.7058823529411765,0.6941176470588235,0.709214720370907,0.6941176470588235,0.7001727894222822,
0.6486486486486487,0.6621621621621622,0.6592608935466079,0.6621621621621622,0.6605914586508885,
0.6075949367088608,0.6329113924050633,0.6511106416860304,0.6329113924050633,0.6370957601841947,
0.6753246753246753,0.7402597402597403,0.7461664261664261,0.7402597402597403,0.7427082721200369,
0.5844155844155844,0.6493506493506493,0.6478570517841206,0.6493506493506493,0.6484943627800771,
0.5975609756097561,0.5975609756097561,0.5956097560975611,0.5975609756097561,0.5964978111319574,
0.6075949367088608,0.620253164556962,0.620253164556962,0.620253164556962,0.620253164556962,
0.5897435897435898,0.6538461538461539,0.6522886859194341,0.6538461538461539,0.6529599432825239,
0.6282051282051282,0.717948717948718,0.717948717948718,0.717948717948718,0.717948717948718,
0.651685393258427,0.5955056179775281,0.6078711134890911,0.5955056179775281,0.6005399095286736,
0.6527777777777778,0.6805555555555556,0.6980820105820107,0.6805555555555556,0.6861025990239473,
0.631578947368421,0.6447368421052632,0.6209951107276388,0.6447368421052632,0.6122196893984482,
0.6075949367088608,0.569620253164557,0.5647664775207333,0.569620253164557,0.5668388874537156,
0.6551724137931034,0.6091954022988506,0.6218760763902177,0.6091954022988506,0.6143025078369906,
0.6582278481012658,0.6835443037974683,0.6927408938258848,0.6835443037974683,0.6871722482041674,
0.618421052631579,0.6052631578947368,0.595438596491228,0.6052631578947368,0.5986991287743167,
0.6842105263157895,0.6447368421052632,0.6569996419620479,0.6447368421052632,0.6499095730006438,
