Majority Class Accuracy,Accuracy,Precision,Recall,F Score,Support
0.7804878048780488,0.7502439024390244,0.7438829890691252,0.7502439024390244,0.7468765197302016,
0.8041136141038198,0.7629774730656219,0.7656639949353528,0.7629774730656219,0.7642942331623191,
0.8189134808853119,0.7917505030181087,0.783183363451233,0.7917505030181087,0.7871500270633303,
0.8051181102362205,0.781496062992126,0.769010521680073,0.781496062992126,0.774508305968573,
0.8013500482160077,0.7926711668273867,0.7900375276566491,0.7926711668273867,0.7913142180254049,
0.8054740957966764,0.7859237536656891,0.7855159611757851,0.7859237536656891,0.7857190471567367,
0.8174523570712137,0.7803410230692076,0.7770534474469638,0.7803410230692076,0.778657147193494,
0.7879377431906615,0.7636186770428015,0.7624313773677961,0.7636186770428015,0.7630182711262945,
0.816125860373648,0.7895771878072763,0.7843507738649941,0.7895771878072763,0.7868446226723355,
0.8305418719211822,0.7655172413793103,0.7813432036676119,0.7655172413793103,0.7727976920630594,
0.8277227722772277,0.7752475247524753,0.7957992692643552,0.7752475247524753,0.784266898379892,
0.8235294117647058,0.7893738140417458,0.7929287658482237,0.7893738140417458,0.7911033711730305,
0.802504816955684,0.7822736030828517,0.7846825750508676,0.7822736030828517,0.7834502639281001,
0.799410029498525,0.7669616519174042,0.7682456215353483,0.7669616519174042,0.7675967794362282,
0.7879961277831559,0.7657308809293321,0.7672977964239285,0.7657308809293321,0.7665024134247668,
0.8073122529644269,0.7855731225296443,0.7809850632983905,0.7855731225296443,0.7831783156104182,
0.7913385826771654,0.7667322834645669,0.765518376788341,0.7667322834645669,0.7661183586011859,
0.8025415444770283,0.7536656891495601,0.7499741893326144,0.7536656891495601,0.7517746378743446,
0.8140454995054401,0.7636003956478734,0.7669834684235103,0.7636003956478734,0.7652558861809022,
0.816504854368932,0.7825242718446602,0.7905524322622042,0.7825242718446602,0.7862906510964763,
0.8104639684106614,0.7936821322803553,0.7957460375524276,0.7936821322803553,0.7946929972667564,
0.8131655372700871,0.7783155856727977,0.7840641043473363,0.7783155856727977,0.7810625895695894,
0.8185404339250493,0.7810650887573964,0.7893806563738544,0.7810650887573964,0.7849697801117513,
0.8129218900675024,0.7675988428158148,0.7634302596836722,0.7675988428158148,0.7654564565441564,
0.7998056365403304,0.7706511175898931,0.76814942071952,0.7706511175898931,0.7693729145423124,
0.8001949317738791,0.7680311890838206,0.7637875480044078,0.7680311890838206,0.7658336637261703,
0.7934782608695652,0.7697628458498024,0.7596487082545683,0.7697628458498024,0.7642043209583865,
0.817193675889328,0.7855731225296443,0.7851232075003342,0.7855731225296443,0.7853473527391376,
0.795816733067729,0.7679282868525896,0.7666668084827181,0.7679282868525896,0.767290417034974,
0.8011639185257032,0.7652764306498545,0.766998051949423,0.7652764306498545,0.7661255022359025,
