Majority Class Accuracy,Accuracy,Precision,Recall,F Score,Support
0.828125,0.798828125,0.8051696800454373,0.798828125,0.8018384550658533,
0.8150619637750238,0.7855100095328885,0.7936527359552642,0.7855100095328885,0.7893115327054553,
0.8036929057337221,0.7725947521865889,0.7742971320412632,0.7725947521865889,0.7734338410688951,
0.7969052224371374,0.7891682785299806,0.7937079774937442,0.7891682785299806,0.791323275411347,
0.8181818181818182,0.8064516129032258,0.8088898916967509,0.8064516129032258,0.8076396026036313,
0.7947725072604066,0.7705711519845111,0.77419700191261,0.7705711519845111,0.7723232875421052,
0.807502467917078,0.7788746298124383,0.7814683288269336,0.7788746298124383,0.7801428428018948,
0.7896786757546251,0.7585199610516066,0.7609840010500439,0.7585199610516066,0.759725641769603,
0.8042430086788814,0.7849566055930569,0.778190165182122,0.7849566055930569,0.7813425025779654,
0.810546875,0.78515625,0.7843080178285257,0.78515625,0.784728928175056,
0.8039024390243903,0.7707317073170732,0.7642574005808496,0.7707317073170732,0.7673225054279939,
0.8067061143984221,0.7978303747534516,0.8013878955796455,0.7978303747534516,0.7995399450540144,
0.8137254901960784,0.7705882352941177,0.7715186014019134,0.7705882352941177,0.7710504230870251,
0.8173741362290227,0.8015794669299111,0.8019961419234033,0.8015794669299111,0.8017869342668725,
0.8010050251256281,0.7728643216080402,0.7728643216080402,0.7728643216080402,0.7728643216080402,
0.8013698630136986,0.7700587084148728,0.7781843144514377,0.7700587084148728,0.7738493185525033,
0.8062248995983936,0.7590361445783133,0.7741222390643421,0.7590361445783133,0.7658101994500622,
0.793002915451895,0.7512147716229349,0.7494875248667395,0.7512147716229349,0.750339833132194,
0.7998027613412229,0.7928994082840237,0.797542889806699,0.7928994082840237,0.7951003406028929,
0.7935735150925024,0.7702044790652386,0.7630291096954547,0.7702044790652386,0.7663654409521521,
0.7894221351616063,0.7796278158667973,0.780758190445938,0.7796278158667973,0.7801857865955516,
0.7984111221449851,0.7696127110228401,0.7653775483115183,0.7696127110228401,0.7674157314376644,
0.7928642220019821,0.7928642220019821,0.7903238879821385,0.7928642220019821,0.7915514278142971,
0.8270750988142292,0.7786561264822134,0.7885532415892695,0.7786561264822134,0.7833001595159211,
0.8227722772277227,0.80990099009901,0.8065835866567649,0.80990099009901,0.8081837569556785,
0.811411992263056,0.7988394584139265,0.7980486897697158,0.7988394584139265,0.7984407418274495,
0.8134110787172012,0.782312925170068,0.7858093104551832,0.782312925170068,0.7840115638091971,
0.7956564659427443,0.7857847976307996,0.7771019865988232,0.7857847976307996,0.7809910629348599,
0.8189054726368159,0.8,0.8064645423933257,0.8,0.803038102463969,
0.7920310981535471,0.7589893100097181,0.7540101410735445,0.7589893100097181,0.7563938667247226,
