Majority Class Accuracy,Accuracy,Precision,Recall,F Score,Support
0.625,0.625,0.6302083333333334,0.625,0.6272218564845293,
0.6133333333333333,0.64,0.6377811550151976,0.64,0.6387775891341256,
0.6375,0.7,0.6927272727272727,0.7,0.6945492662473794,
0.6027397260273972,0.6712328767123288,0.6807804068078042,0.6712328767123288,0.6740104791364182,
0.618421052631579,0.618421052631579,0.615953947368421,0.618421052631579,0.6170821791320407,
0.6883116883116883,0.6233766233766234,0.6544234166955065,0.6233766233766234,0.6340285976649612,
0.5866666666666667,0.6666666666666666,0.6832622095779991,0.6666666666666666,0.6691715870459831,
0.6219512195121951,0.6707317073170732,0.6601836276983459,0.6707317073170732,0.6603511055961269,
0.6428571428571429,0.6309523809523809,0.6524685780004928,0.6309523809523809,0.6374422090396672,
0.6506024096385542,0.6626506024096386,0.6682860474154684,0.6626506024096386,0.6650905508827764,
0.6075949367088608,0.620253164556962,0.6036249506349899,0.620253164556962,0.601651632341864,
0.6790123456790124,0.7777777777777778,0.7738791423001949,0.7777777777777778,0.7753174603174603,
0.6282051282051282,0.5384615384615384,0.5513079513079513,0.5384615384615384,0.5435299086637453,
0.7435897435897436,0.7948717948717948,0.8200197238658777,0.7948717948717948,0.8026553156987939,
0.5584415584415584,0.5454545454545454,0.5468769325912183,0.5454545454545454,0.5460745563047353,
0.6419753086419753,0.5925925925925926,0.5957153231663035,0.5925925925925926,0.594067491878912,
0.5443037974683544,0.5822784810126582,0.5813825415091237,0.5822784810126582,0.5817374785597039,
0.6477272727272727,0.625,0.611817617866005,0.625,0.6164307828394515,
0.6538461538461539,0.6282051282051282,0.625,0.6282051282051282,0.6265024588893429,
0.6301369863013698,0.5616438356164384,0.5822540473225405,0.5616438356164384,0.5682701497292131,
0.6710526315789473,0.6973684210526315,0.733359133126935,0.6973684210526315,0.7058070271359098,
0.5714285714285714,0.6190476190476191,0.6146978021978022,0.6190476190476191,0.6154621848739497,
0.5375,0.6375,0.6408297720797721,0.6375,0.6264072983145148,
0.7368421052631579,0.6710526315789473,0.6763271815903394,0.6710526315789473,0.6735824399495772,
0.6301369863013698,0.6027397260273972,0.5997354438042284,0.6027397260273972,0.6011277955182774,
0.6219512195121951,0.6463414634146342,0.6337082982898795,0.6463414634146342,0.635191928232877,
0.569620253164557,0.6708860759493671,0.6678205459398949,0.6708860759493671,0.6676036897387557,
0.6578947368421053,0.631578947368421,0.631578947368421,0.631578947368421,0.631578947368421,
0.6024096385542169,0.7951807228915663,0.7964028985088011,0.7951807228915663,0.7956747841660627,
0.6164383561643836,0.7397260273972602,0.7353186420488387,0.7397260273972602,0.7338168143969916,
