Majority Class Accuracy,Accuracy,Precision,Recall,F Score,Support
0.6282051282051282,0.6153846153846154,0.6153846153846154,0.6153846153846154,0.6153846153846154,
0.68,0.6933333333333334,0.6968000000000001,0.6933333333333334,0.694944433218832,
0.691358024691358,0.8024691358024691,0.8213460772600558,0.8024691358024691,0.8074606502279459,
0.6296296296296297,0.654320987654321,0.6649515598201455,0.654320987654321,0.6580687830687831,
0.6133333333333333,0.6266666666666667,0.6221604938271605,0.6266666666666667,0.6239716312056738,
0.5774647887323944,0.6338028169014085,0.6287468400144456,0.6338028169014085,0.6292405596368912,
0.5180722891566265,0.7710843373493976,0.7776779846659365,0.7710843373493976,0.7687240344497743,
0.7027027027027027,0.7567567567567568,0.7463534963534965,0.7567567567567568,0.7490990990990991,
0.6309523809523809,0.6904761904761905,0.6797508739775312,0.6904761904761905,0.6784089854265293,
0.6162790697674418,0.6627906976744186,0.6609334625322998,0.6627906976744186,0.6617725243676124,
0.6493506493506493,0.6753246753246753,0.6726410844057903,0.6753246753246753,0.6738690041510889,
0.6144578313253012,0.6506024096385542,0.6451091723214698,0.6506024096385542,0.6470020597612934,
0.6164383561643836,0.7123287671232876,0.7194305915030617,0.7123287671232876,0.7146825936927054,
0.6447368421052632,0.75,0.7451923076923077,0.75,0.7463599301106583,
0.618421052631579,0.618421052631579,0.615953947368421,0.618421052631579,0.6170821791320407,
0.5421686746987951,0.6144578313253012,0.6491805732245752,0.6144578313253012,0.5660699478074241,
0.6756756756756757,0.6621621621621622,0.6736949715673121,0.6621621621621622,0.6668742726959829,
0.6538461538461539,0.7564102564102564,0.7496021220159151,0.7564102564102564,0.746092283667923,
0.6025641025641025,0.6794871794871795,0.6751465201465201,0.6794871794871795,0.6762949322795558,
0.5853658536585366,0.6097560975609756,0.6066158536585365,0.6097560975609756,0.6078253917975172,
0.6455696202531646,0.7215189873417721,0.7118214975327184,0.7215189873417721,0.7084388185654009,
0.620253164556962,0.6455696202531646,0.6315183816849372,0.6455696202531646,0.6316804761992247,
0.6486486486486487,0.6756756756756757,0.7049284578696344,0.6756756756756757,0.6825552825552825,
0.5733333333333334,0.6533333333333333,0.6486865515436944,0.6533333333333333,0.6467066466766617,
0.5384615384615384,0.6410256410256411,0.6653846153846155,0.6410256410256411,0.6128707893413775,
0.6428571428571429,0.5714285714285714,0.621972621972622,0.5714285714285714,0.5799361928394187,
0.6195652173913043,0.6739130434782609,0.6646343374815836,0.6739130434782609,0.6456707543664065,
0.631578947368421,0.5789473684210527,0.5533834586466166,0.5789473684210527,0.5600539811066125,
0.6744186046511628,0.7209302325581395,0.7209302325581395,0.7209302325581395,0.7209302325581395,
0.631578947368421,0.6052631578947368,0.5995141700404858,0.6052631578947368,0.6019811433345268,
