Majority Class Accuracy,Accuracy,Precision,Recall,F Score,Support
0.6463414634146342,0.6707317073170732,0.6494133407243164,0.6707317073170732,0.641155974584956,
0.5915492957746479,0.6338028169014085,0.6252296387017758,0.6338028169014085,0.6248826291079812,
0.6705882352941176,0.6941176470588235,0.6888411688012884,0.6941176470588235,0.6910900758770941,
0.6455696202531646,0.6075949367088608,0.6393382532623039,0.6075949367088608,0.6157740993184032,
0.6708860759493671,0.6708860759493671,0.653507830937567,0.6708860759493671,0.6582376759179182,
0.6951219512195121,0.6707317073170732,0.6903533458411507,0.6707317073170732,0.6781464228320349,
0.5584415584415584,0.5974025974025974,0.5908463517159169,0.5974025974025974,0.5813831673842527,
0.5974025974025974,0.7012987012987013,0.6966464907641379,0.7012987012987013,0.6958962542250658,
0.6923076923076923,0.6794871794871795,0.6620462499142249,0.6794871794871795,0.6679437047825605,
0.6931818181818182,0.6590909090909091,0.6165006226650062,0.6590909090909091,0.625654196549719,
0.5584415584415584,0.6363636363636364,0.6445814072932716,0.6363636363636364,0.6089400795283149,
0.6666666666666666,0.6923076923076923,0.6923076923076923,0.6923076923076923,0.6923076923076923,
0.5930232558139535,0.5697674418604651,0.5338662790697674,0.5697674418604651,0.5234046722667541,
0.6103896103896104,0.6233766233766234,0.6015919564306661,0.6233766233766234,0.5865205131260177,
0.6385542168674698,0.6746987951807228,0.6683161216293746,0.6746987951807228,0.6706148592438319,
0.5833333333333334,0.6111111111111112,0.6076839826839826,0.6111111111111112,0.6089280940924886,
0.6219512195121951,0.6829268292682927,0.6853740109307448,0.6829268292682927,0.6418514412416852,
0.5569620253164557,0.7341772151898734,0.734091104796349,0.7341772151898734,0.7310990357131639,
0.525,0.6625,0.6621428571428571,0.6625,0.661384034010392,
0.6794871794871795,0.7564102564102564,0.7539767331433997,0.7564102564102564,0.7550629166116483,
0.6438356164383562,0.6301369863013698,0.6270091324200915,0.6301369863013698,0.6284575257644514,
0.6626506024096386,0.7228915662650602,0.7111672496437362,0.7228915662650602,0.7113876752430969,
0.5185185185185185,0.6419753086419753,0.6417335327984043,0.6419753086419753,0.6417565005800301,
0.6410256410256411,0.6794871794871795,0.6630319214697229,0.6794871794871795,0.6561946561946562,
0.6455696202531646,0.6582278481012658,0.6555411302246745,0.6582278481012658,0.6567799166545634,
0.5972222222222222,0.625,0.6229707792207793,0.625,0.6238656987295825,
0.6282051282051282,0.6282051282051282,0.6495726495726496,0.6282051282051282,0.6339250493096648,
0.68,0.7733333333333333,0.7651926977687626,0.7733333333333333,0.761262027299172,
0.6075949367088608,0.7088607594936709,0.7049781938091693,0.7088607594936709,0.7058701150097846,
0.7,0.6875,0.6767554479418886,0.6875,0.6811594202898551,
