Majority Class Accuracy,Accuracy,Precision,Recall,F Score,Support
0.573170731707317,0.7317073170731707,0.7317073170731707,0.7317073170731707,0.7317073170731707,
0.684931506849315,0.589041095890411,0.6080559415878058,0.589041095890411,0.5969178082191782,
0.5833333333333334,0.6190476190476191,0.6117032392894461,0.6190476190476191,0.6121794871794871,
0.5897435897435898,0.7051282051282052,0.70385231332383,0.7051282051282052,0.7043732850184463,
0.4878048780487805,0.5853658536585366,0.5871746994981912,0.5853658536585366,0.5848722415795586,
0.6538461538461539,0.5512820512820513,0.6030364372469637,0.5512820512820513,0.5620428540099847,
0.6133333333333333,0.6666666666666666,0.6611721611721612,0.6666666666666666,0.6628389154704943,
0.6233766233766234,0.5974025974025974,0.625952994374047,0.5974025974025974,0.6036187178750225,
0.5416666666666666,0.625,0.6259674922600619,0.625,0.6253634425276215,
0.6052631578947368,0.6052631578947368,0.6152882205513784,0.6052631578947368,0.6086273923444976,
0.6835443037974683,0.6582278481012658,0.6696362089139453,0.6582278481012658,0.6630181855402777,
0.6621621621621622,0.6081081081081081,0.5719361602982292,0.6081081081081081,0.581577018094,
0.5925925925925926,0.6172839506172839,0.6191535715941223,0.6172839506172839,0.6181257455412994,
0.6666666666666666,0.6309523809523809,0.6276803118908382,0.6309523809523809,0.629230356663985,
0.7,0.625,0.6428571428571429,0.625,0.6324786324786325,
0.6951219512195121,0.7195121951219512,0.7227452425623158,0.7195121951219512,0.7210209790801708,
0.5769230769230769,0.6923076923076923,0.6923076923076923,0.6923076923076923,0.6923076923076923,
0.5866666666666667,0.6,0.6085714285714287,0.6,0.6025974025974027,
0.625,0.5625,0.5595841784989858,0.5625,0.5609582144655144,
0.6470588235294118,0.6705882352941176,0.6816608996539792,0.6705882352941176,0.6746670366259712,
0.6419753086419753,0.691358024691358,0.6938029532800776,0.691358024691358,0.6924753726355394,
0.5555555555555556,0.654320987654321,0.6518518518518518,0.654320987654321,0.6494107744107744,
0.6538461538461539,0.5769230769230769,0.6031982723159194,0.5769230769230769,0.5856109378111104,
0.589041095890411,0.6301369863013698,0.625272979948382,0.6301369863013698,0.6266373953970659,
0.6075949367088608,0.5949367088607594,0.5949367088607594,0.5949367088607594,0.5949367088607594,
0.6352941176470588,0.6823529411764706,0.6846143174250833,0.6823529411764706,0.6833896175292546,
0.691358024691358,0.5432098765432098,0.5852763485220723,0.5432098765432098,0.5580929511597057,
0.6582278481012658,0.6075949367088608,0.6182640144665462,0.6075949367088608,0.6120935877731677,
0.5903614457831325,0.5903614457831325,0.58681785967399,0.5903614457831325,0.5882511865644396,
0.6375,0.7,0.6903890160183066,0.7,0.691025641025641,
