Majority Class Accuracy,Accuracy,Precision,Recall,F Score,Support
0.6753246753246753,0.5714285714285714,0.5845481049562683,0.5714285714285714,0.5771930292759735,
0.6081081081081081,0.5945945945945946,0.6053015321308005,0.5945945945945946,0.598244155633503,
0.6842105263157895,0.6447368421052632,0.6487512899896801,0.6447368421052632,0.6466373979331129,
0.6623376623376623,0.5194805194805194,0.5325515002239141,0.5194805194805194,0.5253049980322708,
0.6753246753246753,0.6103896103896104,0.6637767637767639,0.6103896103896104,0.6226844684067685,
0.5421686746987951,0.5301204819277109,0.5222268383880349,0.5301204819277109,0.5199195697307547,
0.6282051282051282,0.6923076923076923,0.6883972962404334,0.6923076923076923,0.6898901098901099,
0.6987951807228916,0.6144578313253012,0.6591365461847389,0.6144578313253012,0.6284003940289459,
0.6666666666666666,0.64,0.6512158054711247,0.64,0.6446216689360046,
0.7252747252747253,0.5934065934065934,0.6174563141776257,0.5934065934065934,0.6038843046717062,
0.6049382716049383,0.6049382716049383,0.6195808211312087,0.6049382716049383,0.6089870408710988,
0.6282051282051282,0.7051282051282052,0.6999506903353058,0.7051282051282052,0.7014655311685015,
0.5945945945945946,0.7027027027027027,0.7001007218398524,0.7027027027027027,0.7008801905353629,
0.6823529411764706,0.5411764705882353,0.6247819529149453,0.5411764705882353,0.5559500569045581,
0.5443037974683544,0.7088607594936709,0.7089458282292093,0.7088607594936709,0.705995685780307,
0.5822784810126582,0.6708860759493671,0.668470123860079,0.6708860759493671,0.6692448828440615,
0.6463414634146342,0.7682926829268293,0.7809212099473936,0.7682926829268293,0.7717520881007961,
0.7088607594936709,0.569620253164557,0.6314647377938517,0.569620253164557,0.5883195111305106,
0.65,0.6875,0.6850104821802936,0.6875,0.6861471861471862,
0.5866666666666667,0.6133333333333333,0.6056933542647827,0.6133333333333333,0.6067685342388228,
0.5571428571428572,0.6428571428571429,0.6417857142857143,0.6428571428571429,0.642190140218777,
0.618421052631579,0.5921052631578947,0.5894423558897244,0.5921052631578947,0.59067405355494,
0.6575342465753424,0.589041095890411,0.6220008302200083,0.589041095890411,0.5987031390904797,
0.5866666666666667,0.6266666666666667,0.6207407407407408,0.6266666666666667,0.6219090454772614,
0.6428571428571429,0.6428571428571429,0.6428571428571429,0.6428571428571429,0.6428571428571429,
0.6125,0.6875,0.68575,0.6875,0.6865168074184468,
0.5324675324675324,0.6753246753246753,0.6967025881919499,0.6753246753246753,0.6716883998404447,
0.589041095890411,0.6575342465753424,0.651541095890411,0.6575342465753424,0.6513760212390349,
0.6282051282051282,0.6410256410256411,0.6215832933049703,0.6410256410256411,0.6202516619183286,
0.6190476190476191,0.5357142857142857,0.5552299552299553,0.5357142857142857,0.54184903233836,
