Majority Class Accuracy,Accuracy,Precision,Recall,F Score,Support
0.6133333333333333,0.6266666666666667,0.6316911045943304,0.6266666666666667,0.6287407407407408,
0.5365853658536586,0.6219512195121951,0.6207093380231715,0.6219512195121951,0.6167029450614872,
0.6428571428571429,0.6309523809523809,0.6337275019563515,0.6309523809523809,0.6322528398520432,
0.6265060240963856,0.6506024096385542,0.6580222450425954,0.6506024096385542,0.6534763578304077,
0.6388888888888888,0.6666666666666666,0.6793650793650793,0.6666666666666666,0.6709956709956709,
0.6666666666666666,0.6266666666666667,0.6594516594516595,0.6266666666666667,0.6361819090454772,
0.675,0.675,0.696875,0.675,0.6822515212981745,
0.618421052631579,0.6578947368421053,0.6502167182662539,0.6578947368421053,0.6522059116044079,
0.575,0.7,0.7,0.7,0.7,
0.6235294117647059,0.5882352941176471,0.6204807504397107,0.5882352941176471,0.5945923632610939,
0.56,0.5866666666666667,0.5831111111111111,0.5866666666666667,0.583951833607006,
0.5975609756097561,0.6951219512195121,0.7014735772357723,0.6951219512195121,0.6705222127702797,
0.6428571428571429,0.5833333333333334,0.6058079355951697,0.5833333333333334,0.5906605585931727,
0.654320987654321,0.6049382716049383,0.5917262291531297,0.6049382716049383,0.5969265302598636,
0.627906976744186,0.6162790697674418,0.5925717693159553,0.6162790697674418,0.5941939742110095,
0.6103896103896104,0.6883116883116883,0.7107453949559213,0.6883116883116883,0.6921491641053884,
0.5769230769230769,0.6666666666666666,0.6623093681917211,0.6666666666666666,0.6604166666666667,
0.6533333333333333,0.68,0.6930370370370371,0.68,0.6846200607902735,
0.5897435897435898,0.6282051282051282,0.6265068722172359,0.6282051282051282,0.6272532724145627,
0.6309523809523809,0.6904761904761905,0.694974959680842,0.6904761904761905,0.6923363095238095,
0.5974025974025974,0.6883116883116883,0.6883116883116883,0.6883116883116883,0.6883116883116883,
0.6753246753246753,0.7142857142857143,0.7359246643959126,0.7142857142857143,0.7208454810495627,
0.6352941176470588,0.6941176470588235,0.7099364069952305,0.6941176470588235,0.6986159169550173,
0.7160493827160493,0.5432098765432098,0.5913249559082893,0.5432098765432098,0.5613728143323158,
0.6527777777777778,0.5694444444444444,0.5570959595959597,0.5694444444444444,0.562361385294046,
0.589041095890411,0.6712328767123288,0.6672266735590592,0.6712328767123288,0.6554794520547945,
0.5454545454545454,0.5454545454545454,0.5374331550802139,0.5454545454545454,0.5339166386231431,
0.6582278481012658,0.620253164556962,0.6418672136888978,0.620253164556962,0.6276156032033067,
0.5866666666666667,0.5866666666666667,0.5847407407407407,0.5866666666666667,0.5856007859028673,
0.6266666666666667,0.6133333333333333,0.6161719140429784,0.6133333333333333,0.6146462931522354,
