Majority Class Accuracy,Accuracy,Precision,Recall,F Score,Support
0.4878048780487805,0.6463414634146342,0.6598998111193233,0.6463414634146342,0.6357300747957472,
0.569620253164557,0.6329113924050633,0.6316689181301178,0.6329113924050633,0.6321888955556063,
0.6025641025641025,0.6153846153846154,0.611378769014237,0.6153846153846154,0.6129807692307693,
0.575,0.6875,0.6843306288032455,0.6875,0.6831533300605466,
0.5822784810126582,0.6582278481012658,0.6746139936013354,0.6582278481012658,0.618397012687344,
0.7368421052631579,0.6973684210526315,0.7226006191950465,0.6973684210526315,0.7071104552658906,
0.6419753086419753,0.6790123456790124,0.6790123456790124,0.6790123456790124,0.6790123456790124,
0.6025641025641025,0.7051282051282052,0.7653092006033183,0.7051282051282052,0.6565353345841151,
0.6708860759493671,0.6962025316455697,0.7172603016428764,0.6962025316455697,0.7028022697512003,
0.6470588235294118,0.6352941176470588,0.6380982500527093,0.6352941176470588,0.6366105473622747,
0.6777777777777778,0.7555555555555555,0.7462974980171606,0.7555555555555555,0.747182158119658,
0.6049382716049383,0.8148148148148148,0.8160072951739618,0.8148148148148148,0.8152847534290834,
0.6486486486486487,0.6621621621621622,0.6539019838252574,0.6621621621621622,0.6569389426532284,
0.6666666666666666,0.6666666666666666,0.6515151515151516,0.6666666666666666,0.656084656084656,
0.7407407407407407,0.5555555555555556,0.6617826617826618,0.5555555555555556,0.5830065359477125,
0.6883116883116883,0.6623376623376623,0.6785051683010866,0.6623376623376623,0.6687038451744335,
0.5882352941176471,0.7058823529411765,0.7023172905525847,0.7058823529411765,0.7015729368670546,
0.717948717948718,0.6666666666666666,0.7281639928698752,0.6666666666666666,0.6823809523809523,
0.6527777777777778,0.7361111111111112,0.7387356001486437,0.7361111111111112,0.7372794996134655,
0.6506024096385542,0.6746987951807228,0.6831369596031183,0.6746987951807228,0.6780508450664484,
0.4939759036144578,0.6506024096385542,0.6683054055301667,0.6506024096385542,0.6425214572150724,
0.6707317073170732,0.6829268292682927,0.7205742327693547,0.6829268292682927,0.691844512195122,
0.5945945945945946,0.6891891891891891,0.6853875151747492,0.6891891891891891,0.6861332124490018,
0.6,0.6705882352941176,0.682897384305835,0.6705882352941176,0.6289617486338798,
0.6103896103896104,0.7272727272727273,0.7290577585107739,0.7272727272727273,0.7280419210614874,
0.5657894736842105,0.6710526315789473,0.6686437246963562,0.6710526315789473,0.6639185443104756,
0.5256410256410257,0.6538461538461539,0.6534900284900284,0.6538461538461539,0.6535605012251323,
0.5421686746987951,0.7469879518072289,0.7467297762478485,0.7469879518072289,0.7458699135916178,
0.6,0.625,0.6100000000000001,0.625,0.6025641025641025,
0.6395348837209303,0.686046511627907,0.6990956072351421,0.686046511627907,0.6902861109733724,
