Majority Class Accuracy,Accuracy,Precision,Recall,F Score,Support
0.6753246753246753,0.7532467532467533,0.7559499324205207,0.7532467532467533,0.7544680714298075,
0.6071428571428571,0.7380952380952381,0.7413994169096211,0.7380952380952381,0.739327731092437,
0.6962025316455697,0.7468354430379747,0.741364342963277,0.7468354430379747,0.7435922635427313,
0.5476190476190477,0.5952380952380952,0.5935846560846562,0.5952380952380952,0.5940743174785729,
0.573170731707317,0.6585365853658537,0.6549574983415869,0.6585365853658537,0.6551578502798016,
0.6875,0.65,0.6024684270952928,0.65,0.6119499568593615,
0.5903614457831325,0.5421686746987951,0.5159894421201946,0.5421686746987951,0.5180879361602253,
0.631578947368421,0.7236842105263158,0.7310696095076401,0.7236842105263158,0.7262524819429657,
0.5822784810126582,0.6582278481012658,0.6540084388185654,0.6582278481012658,0.6423006021875384,
0.6585365853658537,0.6951219512195121,0.6925843803892584,0.6951219512195121,0.6937488557537785,
0.7215189873417721,0.7721518987341772,0.75623869801085,0.7721518987341772,0.7543058725876738,
0.6506024096385542,0.6746987951807228,0.6545360930903099,0.6746987951807228,0.6516665625491417,
0.6410256410256411,0.6282051282051282,0.5997824098113395,0.6282051282051282,0.6011858011858012,
0.5822784810126582,0.6075949367088608,0.5968066743383199,0.6075949367088608,0.5940989835159398,
0.5925925925925926,0.6419753086419753,0.663749830416497,0.6419753086419753,0.6449382716049382,
0.5789473684210527,0.6710526315789473,0.6678379735104452,0.6710526315789473,0.6683859712332534,
0.6585365853658537,0.6707317073170732,0.7021753460777851,0.6707317073170732,0.6785604639263176,
0.6153846153846154,0.6538461538461539,0.6398635116089311,0.6538461538461539,0.6266160152554844,
0.6428571428571429,0.7380952380952381,0.7346938775510206,0.7380952380952381,0.7359605911330049,
0.5925925925925926,0.8024691358024691,0.809081809081809,0.8024691358024691,0.803818725557856,
0.5972222222222222,0.7638888888888888,0.7701388888888889,0.7638888888888888,0.7533894259458169,
0.6049382716049383,0.6049382716049383,0.5934904601571268,0.6049382716049383,0.5959000556701706,
0.6351351351351351,0.7027027027027027,0.6932323158738253,0.7027027027027027,0.6930405405405405,
0.5454545454545454,0.6233766233766234,0.623713550600343,0.6233766233766234,0.6100721758170464,
0.6133333333333333,0.6933333333333334,0.6885609628466772,0.6933333333333334,0.6898118022328549,
0.5595238095238095,0.6904761904761905,0.6964810330912026,0.6904761904761905,0.6780424890589225,
0.6197183098591549,0.6197183098591549,0.6350668111231492,0.6197183098591549,0.6243776730219998,
0.6746987951807228,0.6987951807228916,0.715221178832979,0.6987951807228916,0.7045206010164529,
0.6216216216216216,0.7837837837837838,0.7825080325080325,0.7837837837837838,0.7774296745725319,
0.6575342465753424,0.6438356164383562,0.6249299046703517,0.6438356164383562,0.6300271042414475,
