Majority Class Accuracy,Accuracy,Precision,Recall,F Score,Support
0.6125,0.6375,0.6628125,0.6375,0.6421467004272827,
0.7236842105263158,0.6710526315789473,0.7294407894736842,0.6710526315789473,0.6869138254441135,
0.5822784810126582,0.5949367088607594,0.5887210824967263,0.5949367088607594,0.5903089696474751,
0.6024096385542169,0.6626506024096386,0.6626506024096386,0.6626506024096386,0.6626506024096386,
0.618421052631579,0.631578947368421,0.631578947368421,0.631578947368421,0.631578947368421,
0.717948717948718,0.6410256410256411,0.6410256410256411,0.6410256410256411,0.6410256410256411,
0.575,0.625,0.61794670846395,0.625,0.606456043956044,
0.686046511627907,0.7093023255813954,0.7419767441860464,0.7093023255813954,0.7180651650461765,
0.6455696202531646,0.6835443037974683,0.6766807313642756,0.6835443037974683,0.6791088061687536,
0.6538461538461539,0.6794871794871795,0.6955999163879599,0.6794871794871795,0.6848075914998858,
0.6538461538461539,0.6538461538461539,0.6705685618729097,0.6538461538461539,0.6595921988198765,
0.5465116279069767,0.5697674418604651,0.565887088287909,0.5697674418604651,0.565897908682235,
0.7380952380952381,0.6190476190476191,0.6829131652661065,0.6190476190476191,0.6394557823129252,
0.6153846153846154,0.5641025641025641,0.5477207977207977,0.5641025641025641,0.5527065527065528,
0.6329113924050633,0.6455696202531646,0.6569103250446122,0.6455696202531646,0.6496188920647884,
0.45121951219512196,0.573170731707317,0.5901034194165471,0.573170731707317,0.5710731344096762,
0.6219512195121951,0.5975609756097561,0.6001371951219512,0.5975609756097561,0.5987626637228183,
0.6455696202531646,0.6455696202531646,0.6142161635832523,0.6455696202531646,0.6078859304524952,
0.6708860759493671,0.6962025316455697,0.7024961883487573,0.6962025316455697,0.6989072811857623,
0.6172839506172839,0.5802469135802469,0.5854844743733633,0.5802469135802469,0.5825223607961704,
0.654320987654321,0.6790123456790124,0.6790123456790124,0.6790123456790124,0.6790123456790124,
0.5324675324675324,0.5584415584415584,0.554523907465084,0.5584415584415584,0.5468297480920202,
0.5625,0.5375,0.533203125,0.5375,0.5346051998074145,
0.5802469135802469,0.6049382716049383,0.59710159395694,0.6049382716049383,0.5976742333731582,
0.6710526315789473,0.5526315789473685,0.5790039615166949,0.5526315789473685,0.5626174812030075,
0.631578947368421,0.6842105263157895,0.676450742240216,0.6842105263157895,0.6783805668016195,
0.6341463414634146,0.6219512195121951,0.6193249440627132,0.6219512195121951,0.6205476485757595,
0.6172839506172839,0.654320987654321,0.6503749549726561,0.654320987654321,0.6519486807068506,
0.7894736842105263,0.5789473684210527,0.7136222910216719,0.5789473684210527,0.6175851393188855,
0.6962025316455697,0.569620253164557,0.608066253703205,0.569620253164557,0.5834840265220012,
