Majority Class Accuracy,Accuracy,Precision,Recall,F Score,Support
0.6625,0.7125,0.6974609375,0.7125,0.6892417014510038,
0.5714285714285714,0.7261904761904762,0.7246326406399443,0.7261904761904762,0.7227511663746332,
0.6578947368421053,0.7236842105263158,0.7263595496678202,0.7236842105263158,0.7248954289669284,
0.6746987951807228,0.7349397590361446,0.7302866638969672,0.7349397590361446,0.7321675365429328,
0.68,0.6666666666666666,0.656084656084656,0.6666666666666666,0.6603174603174602,
0.7361111111111112,0.6944444444444444,0.7156413289953663,0.6944444444444444,0.7030034235916589,
0.6363636363636364,0.6103896103896104,0.6165054803352676,0.6103896103896104,0.6130485893416928,
0.6385542168674698,0.6024096385542169,0.5939472174411934,0.6024096385542169,0.5974181612980168,
0.6363636363636364,0.7012987012987013,0.7036964472309301,0.7012987012987013,0.7023791907134282,
0.6883116883116883,0.7012987012987013,0.6862139675206825,0.7012987012987013,0.6906598534505511,
0.6363636363636364,0.6753246753246753,0.6686713286713286,0.6753246753246753,0.6709576618039162,
0.6705882352941176,0.7411764705882353,0.775693300836572,0.7411764705882353,0.748340874811463,
0.6962025316455697,0.6708860759493671,0.7052922165364934,0.6708860759493671,0.6814877849874128,
0.5421686746987951,0.6626506024096386,0.6613778041337016,0.6626506024096386,0.6604574325671481,
0.6075949367088608,0.6329113924050633,0.6240010288254854,0.6329113924050633,0.6258973665521116,
0.5714285714285714,0.6493506493506493,0.6462006079027355,0.6493506493506493,0.6467817896389326,
0.6707317073170732,0.7195121951219512,0.7060188827694728,0.7195121951219512,0.7070154662266753,
0.6301369863013698,0.6712328767123288,0.6582016157358623,0.6712328767123288,0.6354096665805117,
0.6341463414634146,0.6097560975609756,0.6788916786226685,0.6097560975609756,0.6139447619878704,
0.6103896103896104,0.6103896103896104,0.587937486242571,0.6103896103896104,0.583741729968145,
0.45121951219512196,0.6341463414634146,0.6923406076166025,0.6341463414634146,0.6208021350730224,
0.6375,0.65,0.6554641211323239,0.65,0.6523333333333333,
0.5365853658536586,0.5853658536585366,0.5848752453041772,0.5853658536585366,0.5670076055599266,
0.6410256410256411,0.717948717948718,0.7287486064659978,0.717948717948718,0.7214743589743591,
0.7349397590361446,0.7590361445783133,0.752400076496462,0.7590361445783133,0.755242166823978,
0.625,0.775,0.8122294372294373,0.775,0.7496081504702194,
0.6625,0.6625,0.6957386363636363,0.6625,0.6709499263622976,
0.5903614457831325,0.6867469879518072,0.6954793533106786,0.6867469879518072,0.6605368843796237,
0.6575342465753424,0.6575342465753424,0.6482675261885575,0.6575342465753424,0.6517933635392102,
0.6,0.7375,0.734685598377282,0.7375,0.7350223546944857,
