Majority Class Accuracy,Accuracy,Precision,Recall,F Score,Support
0.6352941176470588,0.7058823529411765,0.6966007714561235,0.7058823529411765,0.6961171820506858,
0.5783132530120482,0.6867469879518072,0.6838783706253585,0.6867469879518072,0.678585308977847,
0.654320987654321,0.7407407407407407,0.7484109916367981,0.7407407407407407,0.7435564575600777,
0.6024096385542169,0.7349397590361446,0.732879102617366,0.7349397590361446,0.726476788379572,
0.7160493827160493,0.7530864197530864,0.737631626724764,0.7530864197530864,0.7406395466504757,
0.6447368421052632,0.6842105263157895,0.6694367497691597,0.6842105263157895,0.6686671559949916,
0.5764705882352941,0.7176470588235294,0.7176470588235294,0.7176470588235294,0.7176470588235294,
0.7066666666666667,0.7466666666666667,0.7276095947063689,0.7466666666666667,0.724008281573499,
0.6883116883116883,0.6753246753246753,0.664656771799629,0.6753246753246753,0.6689701735573296,
0.6470588235294118,0.611764705882353,0.6272268907563026,0.611764705882353,0.617453135100194,
0.6052631578947368,0.6578947368421053,0.6578947368421053,0.6578947368421053,0.6578947368421053,
0.6071428571428571,0.7142857142857143,0.7366459627329194,0.7142857142857143,0.6821428571428572,
0.5454545454545454,0.6493506493506493,0.6527419948472579,0.6493506493506493,0.6500622665006226,
0.6410256410256411,0.6923076923076923,0.737246963562753,0.6923076923076923,0.6984779925956397,
0.7126436781609196,0.7011494252873564,0.7244292600243657,0.7011494252873564,0.7095613815368345,
0.6623376623376623,0.6623376623376623,0.7019322141273362,0.6623376623376623,0.6712172820167209,
0.6172839506172839,0.7530864197530864,0.7614293382409324,0.7530864197530864,0.7554246165357277,
0.6428571428571429,0.7380952380952381,0.7321428571428571,0.7380952380952381,0.7230024213075061,
0.6627906976744186,0.686046511627907,0.664937680498556,0.686046511627907,0.6631212271152895,
0.6538461538461539,0.6282051282051282,0.587654532967033,0.6282051282051282,0.590276531527857,
0.6538461538461539,0.6666666666666666,0.661132075471698,0.6666666666666666,0.6634615384615384,
0.6794871794871795,0.717948717948718,0.7076666024034445,0.717948717948718,0.7108138238573022,
0.569620253164557,0.6962025316455697,0.6941282842250824,0.6962025316455697,0.6909963250306248,
0.6923076923076923,0.7307692307692307,0.7490391382016998,0.7307692307692307,0.7369340679470741,
0.575,0.6625,0.6588181818181817,0.6625,0.6517956032891424,
0.5362318840579711,0.7246376811594203,0.72460019990005,0.7246376811594203,0.7232306776141416,
0.6463414634146342,0.7073170731707317,0.7122845991268262,0.7073170731707317,0.7093808630393996,
0.6153846153846154,0.7051282051282052,0.7117327117327117,0.7051282051282052,0.7073929654574815,
0.6375,0.65,0.6328894269572236,0.65,0.6347272727272728,
0.6666666666666666,0.64,0.6678779069767442,0.64,0.6485568760611206,
