Majority Class Accuracy,Accuracy,Precision,Recall,F Score,Support
0.5365853658536586,0.6341463414634146,0.6327714012434242,0.6341463414634146,0.6319370802403675,
0.5945945945945946,0.7702702702702703,0.7692222835079978,0.7702702702702703,0.7660035401970886,
0.6341463414634146,0.6951219512195121,0.6838978694236592,0.6951219512195121,0.6803621081499727,
0.6835443037974683,0.759493670886076,0.75704833141542,0.759493670886076,0.7581427647124348,
0.6842105263157895,0.7368421052631579,0.7270676691729323,0.7368421052631579,0.7297536771220982,
0.5822784810126582,0.6329113924050633,0.6427016135584407,0.6329113924050633,0.635288524395317,
0.6216216216216216,0.6351351351351351,0.6377549963756861,0.6351351351351351,0.6363309521204259,
0.6629213483146067,0.6966292134831461,0.6859550561797753,0.6966292134831461,0.6890057051745185,
0.5569620253164557,0.6075949367088608,0.6189873417721519,0.6075949367088608,0.5613086251804171,
0.5897435897435898,0.6410256410256411,0.6368899917287013,0.6410256410256411,0.6077872744539411,
0.6987951807228916,0.6626506024096386,0.6400007926442612,0.6626506024096386,0.6479449841093136,
0.5625,0.65,0.6481818181818182,0.65,0.6383333333333333,
0.6363636363636364,0.6493506493506493,0.6521029258098223,0.6493506493506493,0.6506190499679376,
0.5180722891566265,0.6265060240963856,0.6278860898138006,0.6265060240963856,0.6226550035759476,
0.620253164556962,0.7088607594936709,0.7017749036873968,0.7088607594936709,0.69933922458403,
0.5764705882352941,0.6588235294117647,0.6545716494483098,0.6588235294117647,0.6543740463871391,
0.6470588235294118,0.6823529411764706,0.6667542016806722,0.6823529411764706,0.6663371230845279,
0.6829268292682927,0.7804878048780488,0.7804878048780488,0.7804878048780488,0.7804878048780488,
0.5324675324675324,0.5714285714285714,0.5696576151121605,0.5714285714285714,0.56967482645232,
0.589041095890411,0.684931506849315,0.6802511415525114,0.684931506849315,0.6792659395399121,
0.5194805194805194,0.6493506493506493,0.6638181001388549,0.6493506493506493,0.6364941245956581,
0.6891891891891891,0.6621621621621622,0.6503753753753754,0.6621621621621622,0.6552033761336087,
0.7261904761904762,0.7738095238095238,0.8103823260073261,0.7738095238095238,0.7833084319809984,
0.5625,0.625,0.6204361054766734,0.625,0.619140625,
0.618421052631579,0.6973684210526315,0.7044333133971292,0.6973684210526315,0.69982174857067,
0.5063291139240507,0.6582278481012658,0.7038832868483159,0.6582278481012658,0.6359930565036765,
0.6575342465753424,0.6027397260273972,0.5755223467552234,0.6027397260273972,0.5839037229715728,
0.647887323943662,0.704225352112676,0.6959497095567757,0.704225352112676,0.670574800152265,
0.5421686746987951,0.7349397590361446,0.7544463568559955,0.7349397590361446,0.7337839731017092,
0.5897435897435898,0.6666666666666666,0.6638888888888889,0.6666666666666666,0.6648364218714254,
