Majority Class Accuracy,Accuracy,Precision,Recall,F Score,Support
0.7530864197530864,0.7283950617283951,0.7575066908400242,0.7283950617283951,0.7390841616228923,
0.5733333333333334,0.6533333333333333,0.6494022289766971,0.6533333333333333,0.6494814814814814,
0.5897435897435898,0.5641025641025641,0.5445387945387945,0.5641025641025641,0.5451092117758785,
0.6582278481012658,0.5822784810126582,0.6255341967143855,0.5822784810126582,0.5929201872035682,
0.6133333333333333,0.7466666666666667,0.7441052029731275,0.7466666666666667,0.7382372747078629,
0.5952380952380952,0.7380952380952381,0.7352733686067019,0.7380952380952381,0.7349473443223443,
0.5974025974025974,0.7662337662337663,0.7662337662337663,0.7662337662337663,0.7662337662337663,
0.5714285714285714,0.8142857142857143,0.8143226282761167,0.8142857142857143,0.8127547785125464,
0.6756756756756757,0.6486486486486487,0.6734643734643734,0.6486486486486487,0.6569548271675931,
0.611764705882353,0.611764705882353,0.5867427568042142,0.611764705882353,0.5791398912506179,
0.5394736842105263,0.6710526315789473,0.6721491228070174,0.6710526315789473,0.6657139102437742,
0.6052631578947368,0.618421052631579,0.6256259040836764,0.618421052631579,0.6210751598096365,
0.6829268292682927,0.7317073170731707,0.71869918699187,0.7317073170731707,0.6971901297960348,
0.618421052631579,0.6842105263157895,0.6804710188168834,0.6842105263157895,0.6818609022556391,
0.6455696202531646,0.7215189873417721,0.7264789460087833,0.7215189873417721,0.7235355739851593,
0.6746987951807228,0.6987951807228916,0.6822623828647926,0.6987951807228916,0.6852239998793672,
0.6853932584269663,0.7191011235955056,0.7279311594655735,0.7191011235955056,0.7227018783136946,
0.625,0.675,0.6851023017902814,0.675,0.6783854166666666,
0.5875,0.7,0.697761685319289,0.7,0.6984375,
0.6708860759493671,0.7468354430379747,0.7424050632911393,0.7468354430379747,0.744116268166901,
0.6538461538461539,0.6282051282051282,0.6187678062678064,0.6282051282051282,0.6225813402283991,
0.5569620253164557,0.6455696202531646,0.6455696202531646,0.6455696202531646,0.6455696202531646,
0.5443037974683544,0.5949367088607594,0.5924050632911392,0.5949367088607594,0.579230173081891,
0.5,0.6125,0.6142857142857142,0.6125,0.6109803921568627,
0.6153846153846154,0.6923076923076923,0.6871794871794871,0.6923076923076923,0.670940170940171,
0.6025641025641025,0.5769230769230769,0.5482193732193732,0.5769230769230769,0.5465015625229243,
0.6363636363636364,0.6363636363636364,0.6421663442940039,0.6363636363636364,0.6388453500522466,
0.6891891891891891,0.6081081081081081,0.631504952157126,0.6081081081081081,0.6172181884734947,
0.7564102564102564,0.6794871794871795,0.7435363247863247,0.6794871794871795,0.6989881502565081,
0.6219512195121951,0.6951219512195121,0.6866589571068125,0.6951219512195121,0.6855102829593767,
