Majority Class Accuracy,Accuracy,Precision,Recall,F Score,Support
0.75,0.7023809523809523,0.7584134615384616,0.7023809523809523,0.7190319934372437,
0.5822784810126582,0.7974683544303798,0.7999506822291632,0.7974683544303798,0.7981964093654339,
0.6575342465753424,0.6164383561643836,0.6019870540418485,0.6164383561643836,0.6074329958308518,
0.6506024096385542,0.7108433734939759,0.7108433734939759,0.7108433734939759,0.7108433734939759,
0.6341463414634146,0.6951219512195121,0.686777920410783,0.6951219512195121,0.6882564738908441,
0.5853658536585366,0.573170731707317,0.5789496813887058,0.573170731707317,0.5753039084230006,
0.6829268292682927,0.6463414634146342,0.6427214377406931,0.6463414634146342,0.6444390836412269,
0.5542168674698795,0.6867469879518072,0.6851405622489959,0.6867469879518072,0.6843230063109581,
0.6707317073170732,0.6951219512195121,0.6923244438488342,0.6951219512195121,0.6936190677562053,
0.6125,0.725,0.7200909090909091,0.725,0.7182005494505495,
0.6395348837209303,0.5930232558139535,0.6210060667340748,0.5930232558139535,0.6006849292855915,
0.7051282051282052,0.6794871794871795,0.7207183667781495,0.6794871794871795,0.6914306815296914,
0.6923076923076923,0.6410256410256411,0.6410256410256411,0.6410256410256411,0.6410256410256411,
0.6385542168674698,0.6265060240963856,0.6350054764512596,0.6265060240963856,0.6299595051495859,
0.6666666666666666,0.654320987654321,0.6609195402298851,0.654320987654321,0.6572327044025157,
0.6153846153846154,0.7051282051282052,0.7070904387307957,0.7051282051282052,0.7059932302382691,
0.5945945945945946,0.7027027027027027,0.7027027027027027,0.7027027027027027,0.7027027027027027,
0.7037037037037037,0.654320987654321,0.6897203325774754,0.654320987654321,0.6659678546470998,
0.6835443037974683,0.569620253164557,0.6146638171954628,0.569620253164557,0.5835270817187634,
0.7215189873417721,0.7088607594936709,0.7307241516102274,0.7088607594936709,0.7170372968604467,
0.6621621621621622,0.6891891891891891,0.6862387387387388,0.6891891891891891,0.6875874018731162,
0.6097560975609756,0.7195121951219512,0.7212091044843658,0.7195121951219512,0.7202531885458714,
0.5930232558139535,0.7674418604651163,0.7659260441182336,0.7674418604651163,0.7662580237819636,
0.5569620253164557,0.6582278481012658,0.6593235861708043,0.6582278481012658,0.6586704864718648,
0.569620253164557,0.6582278481012658,0.6570937776221211,0.6582278481012658,0.6575551786207369,
0.6585365853658537,0.6585365853658537,0.6861081654294804,0.6585365853658537,0.6662195121951219,
0.6582278481012658,0.6329113924050633,0.6296779408792783,0.6329113924050633,0.6311963333219602,
0.6153846153846154,0.6025641025641025,0.6223822321383298,0.6025641025641025,0.6076961777112708,
0.5675675675675675,0.7162162162162162,0.7253469685902119,0.7162162162162162,0.717517737880974,
0.589041095890411,0.6986301369863014,0.6986301369863014,0.6986301369863014,0.6986301369863014,
