Majority Class Accuracy,Accuracy,Precision,Recall,F Score,Support
0.8261700095510984,0.839541547277937,0.8438106080946001,0.839541547277937,0.8415416640969096,
0.7927063339731286,0.817658349328215,0.8182846243811405,0.817658349328215,0.8179679812891378,
0.7998017839444995,0.8027750247770069,0.7995213151734963,0.8027750247770069,0.8010749924675904,
0.812992125984252,0.8080708661417323,0.8100251376335852,0.8080708661417323,0.8090258278072916,
0.8182701652089407,0.8289601554907677,0.8311165866833348,0.8289601554907677,0.8300046777204255,
0.8193484698914116,0.8193484698914116,0.8260261131732739,0.8193484698914116,0.8224231134658815,
0.8135755258126195,0.8240917782026769,0.8200031969735607,0.8240917782026769,0.821915365612419,
0.7944111776447106,0.812375249500998,0.8117029246828472,0.812375249500998,0.8120353350281412,
0.8222442899702085,0.8192651439920556,0.820058249165929,0.8192651439920556,0.8196579138826815,
0.806829268292683,0.8468292682926829,0.8465360697968047,0.8468292682926829,0.8466816564360526,
0.7886340977068793,0.8035892323030908,0.7999370704650111,0.8035892323030908,0.8016517213671513,
0.8141592920353983,0.8200589970501475,0.8280159226239431,0.8200589970501475,0.8236387021788457,
0.7944664031620553,0.8201581027667985,0.8158254999442577,0.8201581027667985,0.8178026638663997,
0.7917917917917918,0.7987987987987988,0.7942576905263472,0.7987987987987988,0.7963735603335159,
0.8133595284872298,0.8300589390962672,0.8332165805386526,0.8300589390962672,0.8315605184198578,
0.8137065637065637,0.832046332046332,0.828122680899651,0.832046332046332,0.8299453640339112,
0.8049751243781095,0.8348258706467662,0.8276916597947752,0.8348258706467662,0.8306468768270072,
0.8117073170731708,0.8419512195121951,0.8458488994646044,0.8419512195121951,0.8437598373963955,
0.7982370225269344,0.8197845249755142,0.811787487210384,0.8197845249755142,0.8151298268880849,
0.8025291828793775,0.8132295719844358,0.814626207909772,0.8132295719844358,0.8139137086913891,
0.8106508875739645,0.8313609467455622,0.8344508597430759,0.8313609467455622,0.8328277840881073,
0.7984189723320159,0.8270750988142292,0.8230981617986135,0.8270750988142292,0.8249195003148609,
0.8130563798219584,0.8348170128585559,0.8365190690515223,0.8348170128585559,0.8356432738239349,
0.8115079365079365,0.8313492063492064,0.8299984240353913,0.8313492063492064,0.8306577993591487,
0.8325266214908035,0.8363988383349468,0.8445607939483831,0.8363988383349468,0.8400684530097874,
0.8216432865731463,0.8306613226452906,0.8302895350766769,0.8306613226452906,0.8304744136503647,
0.7992530345471522,0.8095238095238095,0.8135801327650504,0.8095238095238095,0.8114371902607196,
0.8173652694610778,0.812375249500998,0.8107891414575087,0.812375249500998,0.8115671806433231,
0.7958984375,0.814453125,0.8131436663353584,0.814453125,0.8137838708431637,
0.7988223748773308,0.81648675171737,0.8141758802876017,0.81648675171737,0.8152858060171633,
