Majority Class Accuracy,Accuracy,Precision,Recall,F Score,Support
0.6785714285714286,0.7857142857142857,0.7796992481203008,0.7857142857142857,0.7741065064657368,
0.6049382716049383,0.7407407407407407,0.7512057512057513,0.7407407407407407,0.7431648572368535,
0.6309523809523809,0.7261904761904762,0.7217261904761906,0.7261904761904762,0.7229972380804289,
0.5769230769230769,0.7692307692307693,0.7795682578291274,0.7692307692307693,0.7601648351648352,
0.5205479452054794,0.6438356164383562,0.6826867733394728,0.6438356164383562,0.6162926260565433,
0.5555555555555556,0.691358024691358,0.696984126984127,0.691358024691358,0.6803368861476311,
0.5970149253731343,0.7014925373134329,0.7014925373134329,0.7014925373134329,0.7014925373134329,
0.6190476190476191,0.7261904761904762,0.7241118669690098,0.7261904761904762,0.7108715184186882,
0.5641025641025641,0.7948717948717948,0.8193473193473193,0.7948717948717948,0.7852014652014652,
0.5903614457831325,0.7710843373493976,0.771921017402945,0.7710843373493976,0.7655803542037001,
0.632183908045977,0.7126436781609196,0.7191423519009726,0.7126436781609196,0.7150486689979045,
0.5764705882352941,0.7529411764705882,0.7536511156186613,0.7529411764705882,0.7478733031674208,
0.46987951807228917,0.7349397590361446,0.7808793616022531,0.7349397590361446,0.7280469395311743,
0.6962025316455697,0.7721518987341772,0.7617763021373729,0.7721518987341772,0.7617696576666458,
0.775,0.7875,0.8215454545454545,0.7875,0.7984396740210693,
0.7160493827160493,0.8024691358024691,0.8024691358024691,0.8024691358024691,0.8024691358024691,
0.7469879518072289,0.8433734939759037,0.846021941716194,0.8433734939759037,0.8445580393041252,
0.618421052631579,0.7368421052631579,0.7323839009287925,0.7368421052631579,0.7324660858495445,
0.5443037974683544,0.6962025316455697,0.707940161104718,0.6962025316455697,0.6844226298114182,
0.6049382716049383,0.7283950617283951,0.7244582577915911,0.7283950617283951,0.7221812882732422,
0.6025641025641025,0.7948717948717948,0.7978761978761979,0.7948717948717948,0.7958472686733556,
0.525,0.7875,0.7907640232108317,0.7875,0.7859867067573983,
0.6206896551724138,0.8045977011494253,0.8145888594164457,0.8045977011494253,0.7940886699507389,
0.5925925925925926,0.8024691358024691,0.8078306878306879,0.8024691358024691,0.7964436585126241,
0.620253164556962,0.759493670886076,0.7558368495077356,0.759493670886076,0.754399097277308,
0.5128205128205128,0.6282051282051282,0.6365007541478129,0.6282051282051282,0.6192166807551422,
0.6744186046511628,0.7093023255813954,0.71807951987997,0.7093023255813954,0.7128341257355737,
0.7532467532467533,0.7662337662337663,0.7662337662337663,0.7662337662337663,0.7662337662337663,
0.5897435897435898,0.7051282051282052,0.7020696872913622,0.7051282051282052,0.7025331297980133,
0.6125,0.725,0.7200909090909091,0.725,0.7182005494505495,
