Majority Class Accuracy,Accuracy,Precision,Recall,F Score,Support
0.6172839506172839,0.691358024691358,0.6895666908738805,0.691358024691358,0.6903561030055646,
0.6829268292682927,0.6097560975609756,0.6713414634146341,0.6097560975609756,0.6232710379051843,
0.6,0.725,0.73,0.725,0.7085470085470085,
0.7183098591549296,0.7464788732394366,0.7464788732394366,0.7464788732394366,0.7464788732394366,
0.5,0.581081081081081,0.584090909090909,0.581081081081081,0.5772986917265523,
0.5952380952380952,0.6904761904761905,0.7028138528138528,0.6904761904761905,0.6931460335715656,
0.4722222222222222,0.6111111111111112,0.6216931216931216,0.6111111111111112,0.608703130374957,
0.5125,0.6,0.6203389830508474,0.6,0.576,
0.6410256410256411,0.7564102564102564,0.7512370670265407,0.7564102564102564,0.7469788778199993,
0.6233766233766234,0.7272727272727273,0.7255499602438378,0.7272727272727273,0.7262861934592808,
0.6455696202531646,0.620253164556962,0.6028102477136454,0.620253164556962,0.6080168776371309,
0.5454545454545454,0.6623376623376623,0.6828906121102128,0.6623376623376623,0.6393265993265994,
0.631578947368421,0.6973684210526315,0.691640866873065,0.6973684210526315,0.6933887033191898,
0.6455696202531646,0.6582278481012658,0.6737796234218909,0.6582278481012658,0.6634263428910049,
0.620253164556962,0.7974683544303798,0.7956068503350707,0.7974683544303798,0.7960017459624618,
0.5294117647058824,0.6705882352941176,0.6712802768166091,0.6705882352941176,0.6675278219395866,
0.6941176470588235,0.7411764705882353,0.7281447963800906,0.7411764705882353,0.7305585347743586,
0.7307692307692307,0.6410256410256411,0.7194991055456171,0.6410256410256411,0.6607692307692308,
0.6,0.68,0.6768996960486322,0.68,0.6779610194902549,
0.654320987654321,0.7901234567901234,0.8103596349973161,0.7901234567901234,0.7943633869559795,
0.6075949367088608,0.6835443037974683,0.6790501010530794,0.6835443037974683,0.680293603271505,
0.6,0.7125,0.7141199226305609,0.7125,0.7131983805668016,
0.5373134328358209,0.582089552238806,0.5838103599648814,0.582089552238806,0.5551602452852019,
0.631578947368421,0.6710526315789473,0.6856570601980639,0.6710526315789473,0.6754970654884374,
0.6493506493506493,0.7272727272727273,0.7353965183752418,0.7272727272727273,0.7302323287130666,
0.6710526315789473,0.7763157894736842,0.7742071524966261,0.7763157894736842,0.7751191432117047,
0.7160493827160493,0.7160493827160493,0.755731922398589,0.7160493827160493,0.7273398575579261,
0.6097560975609756,0.6219512195121951,0.6339998535120487,0.6219512195121951,0.6256999869769865,
0.6805555555555556,0.7361111111111112,0.728258547008547,0.7361111111111112,0.7308248266687135,
0.6052631578947368,0.7763157894736842,0.7818515633693114,0.7763157894736842,0.777871645405649,
