Majority Class Accuracy,Accuracy,Precision,Recall,F Score,Support
0.6341463414634146,0.6829268292682927,0.6932687709230034,0.6829268292682927,0.6864939024390243,
0.6891891891891891,0.6891891891891891,0.692972972972973,0.6891891891891891,0.6909570197962867,
0.6233766233766234,0.6753246753246753,0.6695363460069342,0.6753246753246753,0.6713892168437624,
0.6428571428571429,0.7023809523809523,0.6937046004842615,0.7023809523809523,0.695437306056775,
0.611764705882353,0.6823529411764706,0.6990522875816992,0.6823529411764706,0.6861211028684882,
0.7037037037037037,0.6296296296296297,0.6566448801742919,0.6296296296296297,0.639917695473251,
0.6144578313253012,0.7349397590361446,0.7431143011763365,0.7349397590361446,0.7373262558035262,
0.6025641025641025,0.7051282051282052,0.722604588394062,0.7051282051282052,0.7082228116710875,
0.6463414634146342,0.7439024390243902,0.7420312298361079,0.7439024390243902,0.7428526867659233,
0.5945945945945946,0.7027027027027027,0.7171645329540066,0.7027027027027027,0.7053394858272907,
0.5058823529411764,0.6588235294117647,0.6691826551409095,0.6588235294117647,0.6524635104712694,
0.5128205128205128,0.6666666666666666,0.6882716049382717,0.6666666666666666,0.6538549530999771,
0.6790123456790124,0.654320987654321,0.654320987654321,0.654320987654321,0.654320987654321,
0.6705882352941176,0.7647058823529411,0.7694830659536542,0.7647058823529411,0.7666618371486527,
0.6923076923076923,0.7435897435897436,0.7657051282051283,0.7435897435897436,0.7502932797050443,
0.5949367088607594,0.6962025316455697,0.6936364419185396,0.6962025316455697,0.694467129440588,
0.52,0.7466666666666667,0.7490598290598292,0.7466666666666667,0.7466666666666667,
0.5747126436781609,0.6436781609195402,0.639139237199582,0.6436781609195402,0.6392518026700935,
0.5714285714285714,0.7012987012987013,0.7058652729384436,0.7012987012987013,0.7025210084033613,
0.6666666666666666,0.7283950617283951,0.7869918699186992,0.7283950617283951,0.7361284939507718,
0.6351351351351351,0.7027027027027027,0.7027027027027027,0.7027027027027027,0.7027027027027027,
0.5569620253164557,0.6582278481012658,0.6621033132383288,0.6582278481012658,0.6592192902824386,
0.726027397260274,0.6575342465753424,0.7813901113659374,0.6575342465753424,0.6752813516622233,
0.6933333333333334,0.6266666666666667,0.6643597262952102,0.6266666666666667,0.6387654320987654,
0.6756756756756757,0.7162162162162162,0.7080206891527647,0.7162162162162162,0.7108895303070061,
0.6410256410256411,0.7692307692307693,0.7790551839464883,0.7692307692307693,0.7721153846153845,
0.6746987951807228,0.7710843373493976,0.7637674393550357,0.7710843373493976,0.7642963271190466,
0.6081081081081081,0.7432432432432432,0.7418373342286386,0.7432432432432432,0.7424017424017424,
0.6883116883116883,0.6103896103896104,0.6565814486471122,0.6103896103896104,0.6236845051500224,
0.5875,0.7,0.7031746031746031,0.7,0.7011508951406651,
