Majority Class Accuracy,Accuracy,Precision,Recall,F Score,Support
0.4770714946478129,0.4770714946478129,0.22759721100549818,0.4770714946478129,0.30817358784622073,
0.47460106382978723,0.4742021276595745,0.23817999272691914,0.4742021276595745,0.3057801583028629,
0.473928004235045,0.47353096876654316,0.2553534186122926,0.47353096876654316,0.30548540135614993,
0.47242332499670925,0.47242332499670925,0.2940237591706448,0.47242332499670925,0.303642803888721,
0.4834946307835079,0.48309691104335145,0.23372969415960504,0.48309691104335145,0.3150387902682347,
0.48873962860529435,0.4884762281048334,0.28642936633737337,0.4884762281048334,0.321274154791749,
0.4839097342769395,0.4840432634530645,0.261418304451173,0.4840432634530645,0.3160465838732505,
0.4805540756526372,0.4800213106020245,0.25632328172708907,0.4800213106020245,0.31235496289710224,
0.49364069952305245,0.49364069952305245,0.2835567813150309,0.49364069952305245,0.3265838090872582,
0.47646352847046275,0.47646352847046275,0.2578410639201512,0.47646352847046275,0.3104118579528033,
0.4720021130480718,0.4720021130480718,0.24677700564368982,0.4720021130480718,0.3030660787598009,
0.47188781584865724,0.47122635269215507,0.2560490445694121,0.47122635269215507,0.3037032107283227,
0.48618710796743625,0.4863205658614707,0.319383318319246,0.4863205658614707,0.31865886142915617,
0.47855827413838464,0.47842672980794526,0.2719618436261664,0.47842672980794526,0.3099877899232607,
0.4774930288142345,0.4781569512680919,0.28643843501387384,0.4781569512680919,0.3116026984997,
0.4838454437557695,0.48371356982724517,0.28901887420955386,0.48371356982724517,0.31571537742359623,
0.48020585906571656,0.48007389812615464,0.23062559937703986,0.48007389812615464,0.31157284024987997,
0.4695954995981784,0.46905973747656043,0.22041595491124794,0.46905973747656043,0.29990397366514465,
0.4783995746377775,0.4782666489432407,0.22892428109412466,0.4782666489432407,0.3096387245092145,
0.48498478634740044,0.4848524937161,0.23520831572889012,0.4848524937161,0.31675474328846526,
0.4772545889864326,0.477121574886938,0.26680339449964174,0.477121574886938,0.3091791338194805,
0.4747342170888568,0.47486546790917444,0.27183025253865795,0.47486546790917444,0.3062730335487166,
0.48289124668435013,0.4827586206896552,0.23315083405372525,0.4827586206896552,0.3144408117944606,
0.4715938979484482,0.4715938979484482,0.22240080458221137,0.4715938979484482,0.3022583946457793,
0.48481647742276207,0.48481647742276207,0.2777530653954518,0.48481647742276207,0.31689041021828146,
0.47975036515734965,0.4800159341388926,0.2837513832306216,0.4800159341388926,0.31203612538446673,
0.4729622790820364,0.4726984964389343,0.24842661540578273,0.4726984964389343,0.3042965505529046,
0.48496091162051147,0.48456340267656023,0.23511892533424505,0.48456340267656023,0.3166119885381077,
0.4867829764736981,0.4866508062384351,0.2685371301263576,0.4866508062384351,0.3199545849730272,
0.47302134429272175,0.47302134429272175,0.22386790773795348,0.47302134429272175,0.30390567325766293,
