Majority Class Accuracy,Accuracy,Precision,Recall,F Score,Support
0.8796493092454836,0.8796493092454836,0.7737829072560564,0.8796493092454836,0.8233268870422037,
0.8764565677966102,0.8764565677966102,0.7681761152338139,0.8764565677966102,0.8187518202308607,
0.8793012175754368,0.8793012175754368,0.7731706312296456,0.8793012175754368,0.8228277872635495,
0.8745883282834936,0.8745883282834936,0.7649047439697161,0.8745883282834936,0.8160775701298825,
0.8689673410022478,0.8689673410022478,0.7551042397285168,0.8689673410022478,0.8080443388845805,
0.8756087929445834,0.8756087929445834,0.7666907582818703,0.8756087929445834,0.8175380294290644,
0.8730116648992576,0.8730116648992576,0.7621493670501737,0.8730116648992576,0.8138223389987985,
0.878142365705213,0.878142365705213,0.771134014446348,0.878142365705213,0.8211667321148994,
0.8807351580060823,0.8807351580060823,0.7756944185479986,0.8807351580060823,0.8248842642686325,
0.8810566839240674,0.8810566839240674,0.7762608802872741,0.8810566839240674,0.8253455485115082,
0.8797291915571486,0.8797291915571486,0.7739234504777941,0.8797291915571486,0.8234414339617548,
0.8820506062203479,0.8820506062203479,0.7780132719336833,0.8820506062203479,0.8267718937655331,
0.8787678476996298,0.8787678476996298,0.7722329301506399,0.8787678476996298,0.8220631741129322,
0.8792328042328043,0.8792328042328043,0.7730503240390806,0.8792328042328043,0.8227297036299641,
0.880650277557494,0.880650277557494,0.7755449113620912,0.880650277557494,0.82476249903234,
0.8743400211193242,0.8743400211193242,0.7644704725309402,0.8743400211193242,0.8157222957597752,
0.8770750988142293,0.8770750988142293,0.76926072895999,0.8770750988142293,0.8196376686749947,
0.8748678646934461,0.8748678646934461,0.7653937806732699,0.8748678646934461,0.8164775716590748,
0.8795832234238987,0.8795832234238987,0.7736666469287762,0.8795832234238987,0.8232321264492289,
0.8775322283609577,0.8775322283609577,0.770062811812148,0.8775322283609577,0.8202925096890561,
0.8774329300368228,0.8774329300368228,0.7698885467130039,0.8774329300368228,0.820150253461149,
0.8728590250329381,0.8728590250329381,0.7618828775814512,0.8728590250329381,0.8136040859434702,
0.8779548472775565,0.8779548472775565,0.7708047138581575,0.8779548472775565,0.8208980263562585,
0.8734177215189873,0.8734177215189873,0.7628585162634193,0.8734177215189873,0.8144030106055423,
0.8777044854881266,0.8777044854881266,0.7703651638459771,0.8777044854881266,0.8205393018973521,
0.8792943361188487,0.8792943361188487,0.7731585295306868,0.8792943361188487,0.8228179212495551,
0.880861180821556,0.880861180821556,0.7759164198783459,0.880861180821556,0.8250650582723253,
0.87595874107379,0.87595874107379,0.767303716063579,0.87595874107379,0.8180390104148858,
0.8853687393190482,0.8853687393190482,0.7838778045634007,0.8853687393190482,0.8315379248799037,
0.875246742992499,0.875246742992499,0.7660568611189776,0.875246742992499,0.8170198017744718,
