Majority Class Accuracy,Accuracy,Standard Error,Precision,Recall,F1 Score,Euclidean Distance
0.04976897689768977,0.05795379537953795,0.0026846379498057537,0.05799599334491005,0.05835401906551889,0.058174455356899274,0.9429500537184125
0.05496548061603824,0.06120552310143388,0.0027620110663339995,0.060550313679803444,0.061101515995301135,0.06082466609352016,0.9401980298560917
0.04992773617133097,0.05610300880304822,0.0026377553734881665,0.05588856872268251,0.056293123972245715,0.05609011688374317,0.9450131494001491
0.05464840663681854,0.0596523571240453,0.002717832754596613,0.058919233257304325,0.05913404007468044,0.05902644123740541,0.9421678166082321
0.047963206307490146,0.05992115637319317,0.0027206952856451,0.05941101444543938,0.060198990274281494,0.05980240681650144,0.9411022598517875
0.05231708936396229,0.05762846899482141,0.0026853648254817654,0.056315777422611554,0.057659219966187295,0.056979581002321165,0.9436451531205823
0.05062955599734924,0.060304837640821736,0.0027405640076290823,0.059270390895357405,0.06013426582823399,0.05969920335846614,0.9411663795048981
0.05232023136584724,0.05402918364664125,0.0025920678407322147,0.052711000266019756,0.05392055860879162,0.05330891921984905,0.947388523341912
0.05545927209705372,0.058792161045193976,0.002716082123027724,0.05762817578384712,0.05879351181063909,0.05820501151597577,0.9425095817422496
0.05428114163777007,0.06148306214990664,0.002774125369955098,0.060739280137716636,0.06136856979046336,0.06105230342433114,0.9399304107178615
0.04660347551342812,0.058846761453396526,0.0027002189201869725,0.05758951872397611,0.058936851455570094,0.058255395842211254,0.942365671399451
0.052278996453434916,0.06055431498752135,0.0027335717077386964,0.06001597504189947,0.06072092510848716,0.060366392068917835,0.9405793649724398
0.05036919831223629,0.056302742616033755,0.002646866026328608,0.05512605275515966,0.05592418870295736,0.05552225256333999,0.9453817321297365
0.04578536456265714,0.06312028582770941,0.0027973814137893906,0.062405128696079906,0.06292850290753023,0.06266572303619337,0.9383677563882292
0.046736396133986495,0.05984377068714418,0.002729290394129285,0.060880408403823735,0.059845235806246545,0.06035838401603679,0.9414560577716717
0.04954007884362681,0.06162943495400788,0.002756696486597524,0.0596260873682233,0.06092397534725504,0.06026804457910061,0.940374585298553
0.053008216273522396,0.055658627087198514,0.002639200306107937,0.05510416496326549,0.05538202314545665,0.05524274466603149,0.9459250135190492
0.05219234335673599,0.05298715061597563,0.0025782112917240806,0.053429715812401454,0.052997551288683276,0.05321275611480317,0.9483129531429062
0.05136626379400946,0.06016815554387809,0.002725580650925341,0.059375376289413494,0.0602749151910071,0.05982176434336844,0.9410259190092919
0.046002916611427816,0.05872994829643378,0.002707165930939427,0.05759998825111938,0.05887861805357284,0.05823228515039884,0.9424242719735427
0.05235602094240838,0.06361256544502618,0.0027922388454364815,0.06229097796618925,0.0638135737852144,0.06304308390762488,0.9374825741146299
0.05249933879925946,0.062020629463105,0.0027736163691180456,0.06090724029124672,0.06181274259017119,0.06135665076874133,0.9394850019546003
0.050955414012738856,0.056794055201698515,0.002666148034478252,0.055345121070240935,0.05663664339031803,0.05598343445558468,0.9446687694593044
0.04683965402528277,0.06413838988689288,0.002826183460318624,0.0634019182408934,0.06395188289189646,0.0636757130827287,0.9373429914404587
0.05209572920798625,0.058045749041385694,0.0026887663539431625,0.058100359218287136,0.05817741713713222,0.05813886264435737,0.9431266610963656
0.05113863363963244,0.05992808629644426,0.0027390798392646974,0.06004783790794869,0.05973040476314867,0.05988870070906773,0.9415706976313526
0.052896059243586355,0.060565987833906376,0.0027430214633552535,0.060681251619706125,0.060657798259203435,0.06066952267283031,0.9406426586687994
0.04722000532056398,0.057063048683160415,0.002675270201591266,0.0560931691673616,0.05712187604325679,0.05660284903107467,0.9441835332466786
0.04976177871889889,0.058231868713605084,0.002694054543036048,0.05663691435634895,0.058553842961180325,0.05757942852803544,0.9427494697718596
0.05415449960180515,0.05919830103530661,0.00271888513312247,0.05800089089304711,0.05951984476147051,0.05875055159848203,0.9417820741261129
