Majority Class Accuracy,Accuracy,Precision,Recall,F Score,Support
0.8725387240745602,0.864662641113153,0.7863053094179681,0.864662641113153,0.8121024216927197,
0.8820261870123,0.8760745933077635,0.7859134155767911,0.8760745933077635,0.8251727606793984,
0.8780647698964206,0.870853546610725,0.7821651500620482,0.870853546610725,0.8196753647260163,
0.8778636121470431,0.8710708577517314,0.7858134004053499,0.8710708577517314,0.8188151035443474,
0.8819590336134454,0.875,0.7966966972545686,0.875,0.8255711742560086,
0.8798357180710122,0.8712241653418124,0.78003406362726,0.8712241653418124,0.8206123315053138,
0.8757763975155279,0.8696973701599049,0.7724907435225689,0.8696973701599049,0.8155726784768951,
0.8770644645711241,0.8712040490143846,0.780079651717808,0.8712040490143846,0.8181907746591841,
0.8767521819624438,0.8690822533721237,0.7778937831222402,0.8690822533721237,0.817190046477062,
0.8727511490479317,0.8674983585029546,0.7694653560756738,0.8674983585029546,0.8120043536483665,
0.8802395209580839,0.8743845642049235,0.7900252844899789,0.8743845642049235,0.8237791605230429,
0.8783676703645008,0.873877443211833,0.7823765593712959,0.873877443211833,0.8205091039000195,
0.8851171458998935,0.880457933972311,0.7995079304468204,0.880457933972311,0.8302414342291976,
0.8805713529956355,0.874619759291099,0.7855307694806953,0.874619759291099,0.8233709708595511,
0.8775725593667546,0.8725593667546174,0.7757064579009634,0.8725593667546174,0.8186774198590867,
0.8788280524990058,0.8719342436696275,0.7877027237691442,0.8719342436696275,0.8207576232470254,
0.877936130905252,0.8727896542623383,0.7767243984246619,0.8727896542623383,0.8190780767872589,
0.8769190394961291,0.8710143025849626,0.7766704083646442,0.8710143025849626,0.818082203385035,
0.8784376245516142,0.8728577122359505,0.7950935702071292,0.8728577122359505,0.8215622263652477,
0.8778364116094987,0.8721635883905013,0.7818382868338046,0.8721635883905013,0.8196558608077122,
0.8784318901795143,0.8697201689545935,0.7806377044262474,0.8697201689545935,0.8193584793846687,
0.8754617414248022,0.8680738786279684,0.7756803753968414,0.8680738786279684,0.8154242303342384,
0.8793533972926797,0.8731765015113682,0.7825014338740398,0.8731765015113682,0.8214463942399018,
0.8783300198807157,0.873426110006627,0.7791072330526881,0.873426110006627,0.8200612030458455,
0.8744708994708995,0.8675925925925926,0.7748636590900351,0.8675925925925926,0.8143356818396273,
0.8755961844197139,0.8680445151033387,0.7784868579274982,0.8680445151033387,0.8155089199124972,
0.8758794636930838,0.8695075003318731,0.7734749732992826,0.8695075003318731,0.8158049231359417,
0.8761691476748782,0.8693189303122119,0.7803726954081676,0.8693189303122119,0.8165565855134692,
0.8822674418604651,0.8763213530655392,0.7876930452072652,0.8763213530655392,0.8257523605058091,
0.8805239481344271,0.8754961630060862,0.7875471160684012,0.8754961630060862,0.8239049853511802,
