Majority Class Accuracy,Accuracy,Standard Error,Precision,Recall,F1 Score,Euclidean Distance
0.4677804295942721,0.40784937682312383,0.0056587789955062934,0.1357555521924656,0.12968524957895333,0.13265099073178116,0.8788332880826393
0.4709163346613546,0.4146082337317397,0.0056773383567662586,0.1387792649081056,0.13227361403021987,0.13544836707695884,0.876196603336469
0.4654717975751186,0.4076172904586189,0.005641100339826404,0.125046989092213,0.12893931702404296,0.1269633281889046,0.8796577056890604
0.479590497440609,0.4186901168132301,0.005651987872524443,0.12720306645585583,0.12664649573939632,0.12692417095089245,0.8820267078739779
0.470386039132734,0.40824960338445265,0.005651404648437593,0.12930831871579154,0.12878304959894016,0.129045149641921,0.879867674170032
0.4714097496706192,0.4106719367588933,0.005646836150758834,0.13745612583168426,0.1283130478180995,0.13272731524517012,0.8803871121401948
0.4730728616684266,0.4139387539598733,0.005658737694289193,0.15159294655353495,0.13195012251092864,0.14109114312354412,0.8765998913822309
0.4636459430979979,0.4089831401475237,0.005642538589244295,0.15539488688458933,0.13254160643187482,0.14306132370894756,0.8760488944056327
0.48105458399576045,0.415474297827239,0.005672283669153383,0.13444187794765908,0.12711089711107487,0.13067364864614484,0.8816455418258183
0.4696929592376919,0.41291688724192693,0.005664155163415061,0.11807996633043796,0.1271734005857186,0.12245810157968275,0.8814429528842262
0.4751716851558373,0.41904384574749076,0.005670170381606764,0.11453415841627963,0.12757033194807102,0.12070127725899632,0.8808689406599466
0.47157057654075546,0.40715705765407556,0.005656153519696631,0.12078293009901493,0.12682828989606817,0.12373181209961803,0.8818676874770467
0.4790814306453742,0.41269631780388016,0.005655851723115696,0.1213925800700358,0.12589646216695966,0.12360350645452498,0.8828169998237736
0.4829860195199156,0.4136111843840675,0.005655839622268708,0.1294366034382553,0.12643598762230304,0.1279187014315177,0.8823391930329206
0.4801434453446673,0.41320228449993357,0.0056748830467096955,0.1363886832966284,0.13035756573275448,0.13330494290163852,0.8782344330804184
0.47365648050579556,0.41504214963119074,0.005654969788266366,0.14213449723970017,0.13119141680810154,0.1364438943533348,0.8774267904244258
0.4702239789196311,0.41725955204216075,0.0056600443937389455,0.14842820130988907,0.1334419103431515,0.14053666502938575,0.8750616787011418
0.4818302387267904,0.4209549071618037,0.005685757175164431,0.15307582055892607,0.13056662201705715,0.1409280827040832,0.8781186883396034
0.4699599465954606,0.40240320427236315,0.00566622657152944,0.12792900640752383,0.12657539946510762,0.12724860328988077,0.8821592392973815
0.48511983144587834,0.41901501185146167,0.005661896815182213,0.12943591626867232,0.12674023696114906,0.12807389362629643,0.8819806933865866
0.47076639452199104,0.40953384250724256,0.005642961760284639,0.12730831993695127,0.12969053143173717,0.12848838491203013,0.8788741971633761
0.4780776826859776,0.4121132323897301,0.0056479550684680226,0.13594892109749834,0.12827388104734677,0.1319999302998525,0.8802825569146331
0.48139381985535834,0.4080210387902696,0.005635660277023877,0.13216150470572102,0.1279040104994574,0.12999790819761897,0.8808451558522031
0.47961758066657817,0.4198645598194131,0.005687127747753008,0.13190079175000713,0.1313050857872921,0.13160226464693672,0.877216134765412
0.46734263892546746,0.41150908612062154,0.0056470846641619304,0.13450151408732539,0.1301210673830423,0.1322750347338584,0.8785109158820885
0.4803921568627451,0.40805511393746685,0.005656972965073861,0.13714259616232102,0.13057651145758878,0.1337790338412216,0.8780275634637847
0.46893549663632766,0.4040364068064899,0.0056358167923513105,0.13361156676030156,0.1275743818978512,0.13052320104829568,0.8811970343080546
0.4770350761085374,0.42051621442753145,0.005679299644454264,0.13293405894134125,0.1303601700145419,0.1316345336776829,0.8782286816205113
0.48326552040950255,0.40832130200813754,0.005631122807980291,0.13433088455008138,0.12569821130930353,0.12987125041324388,0.8830393829492338
0.4780031612223393,0.41754478398314016,0.005659847128162962,0.12578195209996695,0.129781269872669,0.12775031825467298,0.878733148720894
