Majority Class Accuracy,Accuracy,Standard Error,Precision,Recall,F1 Score,Euclidean Distance
0.08182179266516616,0.0981067125645439,0.003422687088788778,0.09807227980120031,0.09806335087545077,0.09806781513508427,0.9056551047399433
0.08358723009670155,0.09895350377533448,0.003436722582588347,0.09753356667959034,0.09872754246745265,0.09812692273278598,0.9049875931579567
0.08234985575662208,0.1001835824809861,0.0034381659483151607,0.09804660973927946,0.1001586536547721,0.0990913788941875,0.9035522701820379
0.08743241461163129,0.1051035210338916,0.0035218795951761834,0.10375839118993523,0.10494312712028776,0.10434739645982295,0.898747193154766
0.07776749107260944,0.09800290966803332,0.0034192624287638505,0.09625562910281288,0.09784341215160354,0.09704302637820592,0.9058756119499378
0.08621607237892497,0.0971261309207025,0.003415766701995862,0.09665051226869852,0.09702125353884956,0.09683552805316167,0.9067004474762607
0.08569912443618997,0.09352613425311754,0.0033536371290295865,0.09155856490110494,0.09348564949403393,0.09251207269030196,0.9102524116551443
0.08221166534705728,0.0971232515175508,0.003401719822048593,0.09462098252001327,0.09717255180454998,0.09587979446860684,0.9065505335990188
0.0840169356972744,0.102275734321249,0.003485413761438179,0.1016610109910581,0.10231080781654837,0.10198487436887321,0.90139186010791
0.08558201058201058,0.09841269841269841,0.0034258517498786754,0.09613369284254397,0.09828474171396255,0.0971973176575774,0.9054330398777133
0.0852743782076589,0.09948677457560205,0.003433598424284351,0.09850707882354282,0.09963010978900157,0.09906541166661174,0.9040835083199996
0.08402695204122076,0.1045052186550403,0.0035162623145049607,0.1025652742927664,0.1043793282880101,0.10346435038986554,0.8993131845020232
0.08229690394284202,0.10545117756020111,0.0035328426708216135,0.1027721916801262,0.10521629324117791,0.10397988197227455,0.8984722304429428
0.08519404572036152,0.10247208931419458,0.003496249228677719,0.0998038008030991,0.1022940957724147,0.10103360530512501,0.9014074262879
0.08030643243957206,0.09866596222427684,0.0034272827942970875,0.09740077152226656,0.09860608722827528,0.0979997234183457,0.9051110317864938
0.07932533930689155,0.09711424430096192,0.0033991129165840263,0.09381395230354407,0.09683232519651336,0.09529924482710382,0.9068892701683063
0.08376476835258197,0.10380990309305721,0.0035142728666224666,0.10181153089909206,0.1048235202323043,0.10329557362750157,0.8988726957623497
0.08270176838186412,0.09746044408988166,0.0034198693988100664,0.09570894102090978,0.09729235595398193,0.09649415318692307,0.9064292522979646
0.08544303797468354,0.09665084388185655,0.0033929814444887915,0.09648636525673993,0.09647331253995167,0.09647983845687166,0.90725181504075
0.08812713422642501,0.09574468085106383,0.0033720688064111277,0.09432764373952844,0.0956716586612902,0.09499489756161408,0.9080574718234236
0.07985744456177403,0.09794086589229145,0.0034149117970909953,0.09735136882364777,0.09778785075834888,0.09756912163572198,0.9059311729760526
0.08383393405419837,0.10332398878654385,0.003516806382158835,0.10124590236208136,0.10312947748259334,0.1021790101703112,0.9005687214023084
0.08418837148118916,0.09747434885556433,0.0034018175375283774,0.09585286920506786,0.09758717303709125,0.09671224659377148,0.9061348739628116
0.07373576912893831,0.09822610537463596,0.003424315735669613,0.09645003528994038,0.09729823877448911,0.09687228037270466,0.9064206099607774
0.07883653593050803,0.09831534614372203,0.003415767883862376,0.09518813733027782,0.09812809390095645,0.0966357601605619,0.9055892755412122
0.09042623821537644,0.1002522905324658,0.0034608374612997983,0.09889271678580762,0.10051511798027868,0.09969731737748441,0.9031963827337589
0.09163030543435145,0.09810921591960862,0.003420462447871407,0.09719598489074767,0.09835727744682876,0.09777318300232787,0.9053617546900409
0.08559388991308928,0.09270476692125362,0.0033280516007685563,0.08877319704358466,0.09291707107171686,0.09079787865938657,0.9108233700450237
0.08125992588671255,0.10958178930651138,0.0035935214034625274,0.10641985605531516,0.10861997758387175,0.10750866184729715,0.8950511267621661
0.0807478122513922,0.10660302307080351,0.0035535606784586967,0.10500210388174068,0.10621538813664276,0.10560526131038878,0.8974691763852358
