Majority Class Accuracy,Accuracy,Standard Error,Precision,Recall,F1 Score,Euclidean Distance
0.12859223943848497,0.1394517282479142,0.003986551085323977,0.13741565058947372,0.13951119158624625,0.13845549247387182,0.8692236609528629
0.12460191082802548,0.14530254777070065,0.004059498399242933,0.14414149902071344,0.14649582264809793,0.14530912517031644,0.8621806941438225
0.12415439713489852,0.1506831144714153,0.004120124140366975,0.14795786276678322,0.15075448021619958,0.14934308018585557,0.8578703370749138
0.12071692145492884,0.1477332630469162,0.004073458099748841,0.1459936752954799,0.14797751422468686,0.1469789008781022,0.8606731940001379
0.1368310044819404,0.15568151858687054,0.0041626055438832256,0.15313247861037932,0.15444055196425996,0.15378373374321622,0.8541251032574968
0.12410785091197463,0.14208300290774517,0.004013844386723662,0.14206427334160837,0.14328115955922371,0.1426701216794895,0.8654210533383879
0.12491694352159469,0.14870431893687708,0.0041015570249305355,0.14667858229407205,0.1485684243319284,0.14761745498253812,0.8600723015606374
0.11979373264577549,0.14187491736083566,0.004012186005698133,0.13877930772253022,0.14200154432221102,0.14037193685434382,0.8667089620862543
0.12401758358865059,0.14626348741174902,0.00407846445868241,0.14580716107563024,0.1462665869514684,0.14603651267991902,0.8623978201086282
0.1292525942466833,0.14711677393931433,0.004059737638317857,0.14427092896809937,0.14666243294529627,0.14545685174488907,0.8619924272055993
0.12859986728599868,0.1453218314532183,0.00405999134998475,0.14099814527797833,0.14474563031017781,0.14284731395333974,0.8639321797064913
0.12168259023354565,0.15233545647558386,0.004139444490125592,0.15062615411960648,0.15277983964719305,0.15169535306381968,0.8558258926030025
0.13097438605756537,0.14523369421705837,0.0040485055496140045,0.14060097188316306,0.14476353077840548,0.1426518920947988,0.8639137782914452
0.12629780523064793,0.15047969509791037,0.004098850148586046,0.14721692456545282,0.14988723345314692,0.1485400789255527,0.8587345314612701
0.12642308710616892,0.14548583531903628,0.004056780395224834,0.1429917386874959,0.14525130277461767,0.1441126642642399,0.8634218046871805
0.12734230667722354,0.1481921351280021,0.004081371241785789,0.1461926395529999,0.14792897898563237,0.14705568405165906,0.8607180105313691
0.12597902562060267,0.15491835921943448,0.004168855039758352,0.15148261610165292,0.15499465794720396,0.15321851410020318,0.8535853574958228
0.12541167171650638,0.14622579370306943,0.004055402952217938,0.14435905557083697,0.14674328396548547,0.14554140594241025,0.8619264912261915
0.1200844550013196,0.1406703615729744,0.0039939617090057125,0.13959198262923664,0.14139623898757558,0.1404883181438811,0.8673296733044664
0.1274496909114823,0.1512560831250822,0.004109152573638129,0.14796406345953556,0.15111281103023738,0.14952186188900027,0.8575024424326533
0.12216358839050132,0.14696569920844327,0.004066835792043749,0.14429926009167524,0.1471247238458736,0.1456982950085613,0.8615308267446987
0.12724392819429778,0.15667898627243929,0.004176205437981595,0.15485500315763157,0.15658163032661587,0.1557135304693155,0.8519816580400138
0.12087186261558784,0.1499339498018494,0.004103253863941467,0.14828831220009017,0.1490889087936485,0.1486875328169726,0.8595463268694321
0.13187680968675966,0.153066596472756,0.004130619578114808,0.1504113131691664,0.15274957595124686,0.151571427115948,0.8558510715467328
0.12334393216746158,0.14573396926338103,0.0040612621136496335,0.1437241963710168,0.14529030619028757,0.1445030080680378,0.8633820896249057
0.122198787239652,0.1436857368837332,0.004027327981384556,0.14424107950510717,0.14381434928717524,0.14402739831343508,0.8648732356579122
0.1260950358375365,0.1453411202548447,0.004060484418909651,0.1427666357943254,0.14543495567931358,0.1440884433917609,0.8632403727505106
0.12109994711792703,0.15150713907985194,0.0041225400640317105,0.148832304167468,0.15059496057308816,0.1497084442027828,0.8580187896078304
0.11877648305084745,0.1497616525423729,0.004106195904407083,0.14790773224530726,0.15010778868325553,0.14899963966521182,0.858524652634235
0.12572636027469625,0.1522715266772319,0.004128881641329897,0.15209970619614352,0.15226141880245306,0.15218051953887252,0.8563459486867088
