Majority Class Accuracy,Accuracy,Standard Error,Precision,Recall,F1 Score,Euclidean Distance
0.8808959156785243,0.8808959156785243,0.0037179602093756277,0.29363197189284146,0.3333333333333333,0.312225646773139,0.7453559924999299
0.8799789667411595,0.8799789667411595,0.003726130991657924,0.2933263222470532,0.3333333333333333,0.31205277020254996,0.7453559924999299
0.8813536828135369,0.8813536828135369,0.003725294528458488,0.2937845609378456,0.3333333333333333,0.31231188863807374,0.7453559924999299
0.8748513281353244,0.8748513281353244,0.003803806211357508,0.2916171093784415,0.3333333333333333,0.31108291628486173,0.7453559924999299
0.8777217206585236,0.8777217206585236,0.0037748345959965983,0.2925739068861745,0.3333333333333333,0.31162648188738834,0.7453559924999299
0.8812154696132597,0.8812154696132597,0.0037107104402696474,0.2937384898710866,0.3333333333333333,0.3122858541360744,0.7453559924999299
0.8767577606792253,0.8767577606792253,0.0037860952289280867,0.2922525868930751,0.3333333333333333,0.31144412242878344,0.7453559924999299
0.8814677930306231,0.8814677930306231,0.003713653901617113,0.29382259767687435,0.3333333333333333,0.3123333801038305,0.7453559924999299
0.8720761199947139,0.8720761199947139,0.0038396456099697284,0.29069203999823795,0.3333333333333333,0.31055579086074636,0.7453559924999299
0.8802117802779617,0.8802117802779617,0.003735798206269974,0.29340392675932053,0.3333333333333333,0.31209667957292037,0.7453559924999299
0.8798941798941798,0.8798941798941798,0.00373883544531007,0.29329805996472663,0.3333333333333333,0.31203677643306127,0.7453559924999299
0.8756212398639812,0.8756212398639812,0.0037741061300955604,0.2918737466213271,0.3333333333333333,0.31122887757710993,0.7453559924999299
0.8738392146457946,0.8738392146457946,0.003824281834005285,0.29127973821526487,0.3333333333333333,0.3108908554572271,0.7453559924999299
0.8702502316960148,0.8702502316960148,0.00386647874362325,0.29008341056533826,0.3333333333333333,0.31020812685827553,0.7453559924999299
0.8739307803658376,0.8739307803658376,0.003807718446143321,0.2913102601219459,0.3333333333333333,0.3109082397003745,0.7453559924999299
0.8733688415446071,0.8733688415446071,0.0038375068915848377,0.2911229471815357,0.3333333333333333,0.3108015258132537,0.7453559924999299
0.8724274406332454,0.8724274406332454,0.0038318516756650294,0.29080914687774845,0.3333333333333333,0.3106226073886188,0.7453559924999299
0.8810947256543111,0.8810947256543111,0.0037307908450188746,0.2936982418847704,0.3333333333333333,0.3122631070932505,0.7453559924999299
0.8760079312623926,0.8760079312623926,0.0037891910771130567,0.2920026437541309,0.3333333333333333,0.3113021420518602,0.7453559924999299
0.8780743066457353,0.8780743066457353,0.0037424233358469903,0.2926914355485784,0.3333333333333333,0.31169313643540447,0.7453559924999299
0.8791584483892176,0.8791584483892176,0.00373759391668045,0.2930528161297392,0.3333333333333333,0.3118979310988268,0.7453559924999299
0.8772348033373063,0.8772348033373063,0.003776533344078369,0.2924116011124354,0.3333333333333333,0.3115343915343915,0.7453559924999299
0.8783551500727225,0.8783551500727225,0.003758675986173822,0.2927850500242408,0.3333333333333333,0.31174621052137597,0.7453559924999299
0.8739130434782608,0.8739130434782608,0.003810204658687452,0.29130434782608694,0.3333333333333333,0.31090487238979114,0.7453559924999299
0.878222927409758,0.878222927409758,0.003760435120689928,0.2927409758032527,0.3333333333333333,0.31172122492080256,0.7453559924999299
0.8764283816104173,0.8764283816104173,0.003793459718438938,0.2921427938701391,0.3333333333333333,0.311381768399188,0.7453559924999299
0.8735177865612648,0.8735177865612648,0.0038153089988323284,0.2911725955204216,0.3333333333333333,0.31082981715893104,0.7453559924999299
0.8754457799498084,0.8754457799498084,0.0037950475955548634,0.29181525998326946,0.3333333333333333,0.31119562410498386,0.7453559924999299
0.879358345485881,0.879358345485881,0.0037502440719584607,0.29311944849529364,0.3333333333333333,0.3119356659142212,0.7453559924999299
0.8793903247183565,0.8793903247183565,0.003749318144505879,0.2931301082394522,0.3333333333333333,0.31194170192759757,0.7453559924999299
