Majority Class Accuracy,Accuracy,Standard Error,Precision,Recall,F1 Score,Euclidean Distance
0.08079066065269302,0.09166887768638897,0.0033235712073697563,0.09182156783771499,0.09161656389591323,0.09171895131425147,0.9121279997411849
0.08192165166754897,0.09422975119110641,0.0033609114741705564,0.09229027721792445,0.0943511264356694,0.09330932412759636,0.9093841080264494
0.07983082209886333,0.09027227068464182,0.003294577523150856,0.09151600728189822,0.0902907226021636,0.09089923604496711,0.9134606801439167
0.08505868389819332,0.09363048925227482,0.003345343843293756,0.09510593091424291,0.09348626393465335,0.09428914241465337,0.9102518684941149
0.08303583234166335,0.0901758561417427,0.0032936452123727054,0.09204769223233887,0.09031414166397546,0.09117267729211492,0.9134380382608319
0.08400796284007962,0.09077637690776377,0.0033096353733225903,0.08983250136939032,0.09103124231361216,0.09042789929337719,0.9127169700511045
0.08820007981907677,0.0901955567380604,0.0033040325976773895,0.08943531464952942,0.09085064129502968,0.09013742249375387,0.9128982245786554
0.08472775564409031,0.0905710491367862,0.0033073609841215174,0.0888036820503987,0.09040212821762923,0.08959577637477979,0.9133482984734861
0.08221166534705728,0.09039324359989444,0.003293953951627538,0.09198374665367363,0.09075465427486536,0.0913650670471334,0.9129944154328562
0.08010029031406704,0.09092108735814199,0.0033025986719290123,0.09132615740936056,0.09072016008290397,0.09102215012161097,0.9130301763154118
0.09362261669953978,0.0948060486522025,0.0033592260972639142,0.09342296095593129,0.09360641349611452,0.09351459725396746,0.9101272798937837
0.08069807111927568,0.0868652407820496,0.0032261493645829374,0.08602567196340032,0.08551691372650709,0.08577053841146255,0.9182537576817723
0.0784625579854208,0.09198144466534129,0.003327115310487459,0.09182140984743109,0.09275742755735245,0.09228704538276965,0.9109855544397533
0.08175604626708728,0.08753943217665615,0.003240213770332241,0.08534570371243576,0.08731802935175222,0.08632060166379052,0.9164436498140043
0.08421610169491525,0.08792372881355932,0.003258649399933888,0.08605493425613313,0.08741306939430571,0.08672868519329098,0.9163497671099906
0.08550724637681159,0.0932806324110672,0.003338191901072669,0.09380427783939997,0.09340601189891622,0.09360472123924017,0.9103321393718653
0.08269004317676305,0.09721313620306163,0.0033886222869886676,0.09778034533679168,0.09723191691011455,0.09750535995723075,0.9064900383416004
0.0815159574468085,0.09574468085106383,0.0033930787841738373,0.09919551254488836,0.09553409497999277,0.097330381727818,0.908195675027421
0.08518518518518518,0.0955026455026455,0.0033802627047309374,0.0970177071374157,0.09472806915319741,0.09585921785175383,0.9090044992521398
0.08275586353944563,0.08941897654584222,0.003294031382330679,0.08697830167553622,0.0884615312338512,0.08771364658460155,0.9152943866799339
0.08491190886210094,0.09007815604715856,0.0032950884472583296,0.08956521533796741,0.09010578277980057,0.08983468586932576,0.91364514785161
0.08293901156677182,0.08767087276550999,0.0032424118897078596,0.08705478471802748,0.08696479948071685,0.08700976883376395,0.9167986297656604
0.0806366745593265,0.09550118389897395,0.0033708889579545354,0.09277685162395093,0.09524690420519684,0.09399565347599904,0.9084844859202342
0.08187830687830688,0.0880952380952381,0.0032597932855588036,0.08945459631156057,0.08818451588116645,0.0888150156990384,0.9155767181453254
0.08206283971894472,0.09319899244332494,0.003347260802329473,0.09240339545363069,0.09199080832871732,0.09219664030362909,0.9117512213172562
0.08570294934532469,0.09059648194683242,0.003300991170352289,0.0902150591508818,0.09106746167117409,0.09063925638423787,0.9126801188916971
0.08146179401993356,0.08943521594684385,0.0032897011970943737,0.08941205425661243,0.0889516080387918,0.0891812368261997,0.914804493190149
0.08159217138323195,0.09375826500925681,0.0033520344545301763,0.09308931093990637,0.09406212314350304,0.0935731887052586,0.9096731791931395
0.08165149716396254,0.08732357208811503,0.003242357626270925,0.08612810869060743,0.08994666796847452,0.08799598150445433,0.9138107886171813
0.08196068012752392,0.09139213602550478,0.0033212598417664257,0.09266059372996494,0.0923600222910842,0.09251006386694799,0.9113845039213623
