Majority Class Accuracy,Accuracy,Standard Error,Precision,Recall,F1 Score,Euclidean Distance
0.049511486664906255,0.058357538949036177,0.0026935736242771654,0.05716351950723987,0.05857785459979057,0.057862045615786256,0.9427257944626383
0.05397202428081288,0.05331221958300343,0.0025807115607310365,0.05160165414714527,0.05282174991303061,0.05220457415635441,0.9484884030662724
0.04901572202404545,0.04980842911877394,0.0025005627456869493,0.04885070119340197,0.049771023057132095,0.04930656797841807,0.951543819482933
0.05082946250829463,0.0537491705374917,0.002598049321940089,0.0508117127227659,0.05387770247655965,0.052299811498407116,0.9474320058028392
0.04926499801350814,0.05601907032181168,0.002646350252191888,0.054591053408121204,0.05561844660648859,0.055099961233270385,0.945688208092008
0.04722000532056398,0.054801808991753125,0.0026248695662494095,0.05545360767209745,0.05464430435284436,0.05504598151526879,0.9466640107764561
0.05005943732664113,0.055739004094571394,0.0026366288798580044,0.05564747309723591,0.05604138077988979,0.055843732315701805,0.9452654421568104
0.04860186418109188,0.05565912117177097,0.0026455294401932176,0.05418854432809607,0.05547041341793659,0.05482198660609504,0.9458363349340138
0.05181140117208311,0.059802876931273306,0.0027365813666301924,0.05915557580219535,0.05977871406897871,0.05946551251612268,0.9415224443272974
0.0477774820335374,0.05230236891136545,0.0025683841549964956,0.053525062347389976,0.05245793101079303,0.05298612426388854,0.9488537816028753
0.04944473823373876,0.05354309888947647,0.0025883703276972504,0.051123907698003235,0.053770266116950384,0.052413704629763816,0.9475398199670354
0.04976303317535545,0.05674038967877831,0.002654417906145997,0.056430860338180955,0.05679963273022216,0.056614646019828414,0.9445058050292936
0.053871608206485774,0.05823957643944408,0.002694400109322955,0.05872982013697231,0.05837721993635614,0.058552989210757446,0.9429257063459227
0.05080740448995667,0.05815938033346462,0.0026816779182004015,0.057576268329624834,0.057981870902908864,0.057778357795150025,0.9433219371698086
0.04885133350937417,0.056377079482439925,0.0026502563111611603,0.054876605442673074,0.05606043797000084,0.055462205243370005,0.9452464562341054
0.04699946893255443,0.056691449814126396,0.0026645907236176273,0.05534887499785366,0.05654402909508338,0.05594006918721706,0.9447614161461563
0.0485781990521327,0.058846761453396526,0.0027002189201869725,0.058471188455612055,0.05907317491098822,0.058770640190020165,0.9422293666383466
0.053762006403415157,0.056029882604055496,0.0026562820682835726,0.05594736359422893,0.05607485586810329,0.0560110371818095,0.9452323110408952
0.05901116427432217,0.049441786283891544,0.0024992634761144225,0.046612382201259996,0.04928316498828455,0.04791058166613471,0.9520330121404849
0.056287898760875296,0.051674136567360925,0.002541610480712605,0.051531440446133725,0.05167309599264632,0.05160217100324744,0.949639159046698
0.05121401087966034,0.05479633806554332,0.002621435692436128,0.054447151156722565,0.05523563540915836,0.05483855916723368,0.9460718957502042
0.0531183932346723,0.0543076109936575,0.0026050420288793188,0.05357352733929312,0.05423266751535798,0.05390108239575761,0.9470764638141558
0.04884116799790494,0.05800707083933482,0.002674871318079195,0.05793548909752725,0.05804871082822414,0.05799204470034722,0.9432551350946377
0.051332805489575084,0.05489575085774611,0.0026165673762501072,0.055330107795529715,0.055339749336114685,0.05533492814583745,0.9459681117985386
0.047776164708987726,0.05279134221987594,0.002568949327556265,0.0505923726887703,0.05312691792732127,0.05182867749324439,0.948184040570532
0.051801209571391005,0.054825138048908754,0.0026101639530994604,0.05393684349346452,0.0549272737869543,0.05442755324306494,0.9463806323122637
0.05265231092436975,0.06039915966386555,0.0027297550539161627,0.058455449414622294,0.06037718983045124,0.05940078059954909,0.9409233344412531
0.046623151725056614,0.05101904888770481,0.002539578949605881,0.05019652490736137,0.05166150313984745,0.050918478961897426,0.9496517904259998
0.05009861932938856,0.055226824457593686,0.002619323889001309,0.0548186560345264,0.055296671461750546,0.055056626205255664,0.9460108545510569
0.05170821791320406,0.05289539638570109,0.0025706601395773933,0.055096446947514144,0.05321544702091171,0.054139613779270034,0.948094362703716
