Majority Class Accuracy,Accuracy,Standard Error,Precision,Recall,F1 Score,Euclidean Distance
0.08201685097419695,0.09215376513954714,0.003318716941330026,0.08990761710723912,0.09289160388114714,0.09137525542030739,0.9108500799973314
0.08265888284463314,0.0878333554464641,0.003260375140244643,0.08961468104622293,0.08900103118614232,0.08930680199237102,0.9147599796659466
0.0891661195009849,0.08233749179251477,0.0031499623076220403,0.08114073085278817,0.08174042201138437,0.08143947246922938,0.9220464305192465
0.08095174797288315,0.0891931410341619,0.0032861194391834406,0.08718591346915561,0.08831268044614687,0.08774567982376967,0.9154458602390583
0.0872688572568844,0.08567247572169749,0.0032281170991835667,0.08506302546055766,0.08714372400142954,0.08609080464755751,0.9166224782672523
0.08118471506016131,0.08766362554541848,0.0032519222908052128,0.08532155400259663,0.0863773708913768,0.08584621621436377,0.9173891798737435
0.0760653126244524,0.08429576529934953,0.0032010798417801164,0.07939491986348977,0.08543785288634115,0.0823056164142169,0.9183341885763321
0.08642301095131284,0.09579100145137881,0.0033805768697957555,0.09337961091609125,0.09567630200914307,0.09451400611878688,0.9080528821812847
0.081503043133104,0.08441386610214342,0.003197812937452148,0.08280001797481602,0.08372219247384478,0.08325855179375688,0.9200577091396999
0.08850849256900212,0.0906316348195329,0.0033070395062416253,0.08892604354579682,0.09082613561911562,0.08986604700632764,0.9129190699005931
0.07728894173602854,0.08640507332540626,0.0032294399134702827,0.08459321655725195,0.08709910817020777,0.0858278753122095,0.9166661062123
0.08782985427333596,0.08546671918077983,0.003203364039596345,0.08142805404758859,0.0847666379121894,0.08306381259175988,0.9190055994037291
0.08222427197259191,0.09065753063644749,0.0032958952732612496,0.09136464304803721,0.0920509109737978,0.09170649314034166,0.91169418166655
0.07891246684350132,0.08978779840848806,0.0032922614365766675,0.08744489996013287,0.08923691243286329,0.08833181836606742,0.9145174936025883
0.08878010055570257,0.0878539296110082,0.003256187073169976,0.08339960956595859,0.08707459226165237,0.08519748935478698,0.9166894125360155
0.0856841550224097,0.08871605589243343,0.0032645366826068835,0.08712526856067689,0.08863501393349456,0.08787365704297999,0.9151239356583277
0.0854144527098831,0.08833687566418703,0.00327075795597073,0.08396581620470385,0.0878704269623149,0.08587375962328649,0.9158909045500153
0.08256029684601113,0.0841505433342168,0.0031958185100142184,0.08424268392507762,0.08483560985629547,0.08453810725055283,0.9189392833791975
0.0821414512531164,0.087127673533657,0.003230554699828312,0.08452777905877862,0.08676523335272189,0.08563189322870289,0.9169986900704222
0.08342077649527807,0.08892969569779643,0.003259927225304734,0.08634441815130993,0.08948776352579683,0.08788799410435755,0.9142684161695535
0.08424129683762956,0.08317831517406325,0.003183210736837768,0.08231039567222355,0.08250349966958782,0.08240683454587541,0.9212785301578943
0.07988944459068176,0.08199526191102922,0.003147510557245513,0.07641438069852093,0.08075328032148373,0.07852393889548072,0.923036466306493
0.08222635494155155,0.08607863974495218,0.0032326769488552863,0.07802321102912853,0.08413915235515118,0.08096585055881544,0.9196338765970435
0.08660477453580902,0.09151193633952255,0.003320571318147078,0.08693777922514317,0.09128848500649049,0.08906002927803516,0.9124583467469197
0.0902555910543131,0.08839190628328009,0.0032751601914112038,0.08567216400317468,0.08632920734120338,0.08599943072304336,0.9174354299412019
0.08177261936164601,0.0892904246900554,0.0032749185686559413,0.085126834463099,0.08834088290154801,0.08670408338026261,0.9154176005750275
0.07892317793827971,0.090741956664478,0.0032916427327196454,0.09021719146647479,0.09128329593562672,0.09074711263855222,0.9124643063079257
0.08278983095966991,0.08811393584453614,0.003270287205231573,0.08485615648800245,0.08827521212070759,0.08653192398260202,0.9154844122782616
0.08316857783049954,0.08659549228944247,0.003228822537529349,0.08638423340675062,0.08716030181567573,0.08677053237312413,0.9166047571711137
0.0817667937426055,0.08571052977520704,0.003209609824096099,0.08231979737006163,0.08525045702066959,0.0837594998368021,0.9185184051864561
