Majority Class Accuracy,Accuracy,Standard Error,Precision,Recall,F1 Score,Euclidean Distance
0.35459587955625993,0.29305335446381403,0.005230718698836233,0.12462430240283749,0.0851057056526016,0.10114183750618169,0.9186022707783573
0.36945425991362385,0.30742049469964666,0.005278689617735775,0.08466493505168837,0.08614277432827551,0.08539746150979309,0.917548903389672
0.3617783676177837,0.29104180491041803,0.005232947440247804,0.0901053399066276,0.08161909511045339,0.08565253170950604,0.9221537440968676
0.3642611683848797,0.2881311128733809,0.005206692335735024,0.08589136849626737,0.08267533937755574,0.0842526751527588,0.9211505509036426
0.36192745565263434,0.3012973259200424,0.00527904484205837,0.08683459298307618,0.08455317557536714,0.08567869980768096,0.919148086494837
0.36427066877303843,0.3022643496577146,0.005269221346627188,0.08775529232874496,0.08570856848017948,0.08671985561697405,0.9180149587336058
0.3659377070907886,0.29913850231941685,0.005271359512806497,0.08480283825024555,0.08572476349722445,0.08526130876643885,0.9180076700858818
0.35318193820966465,0.29152363348296806,0.00522200060159463,0.07910999175956308,0.08445218776950714,0.08169384753564445,0.9192768108700957
0.36368434943256794,0.3015307468989179,0.005271839111597273,0.0920904524943502,0.08377361062586347,0.08773537438797573,0.9199938431823731
0.359543100013282,0.29818036923894276,0.005272099904903917,0.10199922004386354,0.086876100172272,0.0938322110891361,0.9168737699066699
0.36909527622097676,0.31118227915665864,0.005348139662632008,0.1000356792655947,0.08804950028460991,0.09366066577952813,0.9156253043468989
0.36542006847511194,0.30181722412430867,0.0052677029788064855,0.07970833902707701,0.0844107284496007,0.08199216659257985,0.9193312028751208
0.3620484319174275,0.3025009924573243,0.005283971759187719,0.09003721814444869,0.08553202274627993,0.08772681765065862,0.9182052740423798
0.36663152345809175,0.2999472851871376,0.005260465524557291,0.08852616039811768,0.08544832120735858,0.08696001527518733,0.9182849579146782
0.3617886178861789,0.2987149226330973,0.00524115927457749,0.08439478023377774,0.08432850807917362,0.08436163114108663,0.9194108982595065
0.3636003172085646,0.3083531588686228,0.00530925067984538,0.07621847690659779,0.08471015814883205,0.08024027831214935,0.9189825352727893
0.36195018547959723,0.305776364599894,0.005303171944958133,0.08309167657097737,0.08469083732390388,0.08388363602481187,0.9190462086208416
0.35515635395874917,0.2898203592814371,0.005233401586539115,0.08386036390109196,0.0843112063757782,0.08408518081828557,0.9194587073150062
0.36363636363636365,0.3013517095149748,0.005282113509113709,0.09374906849960919,0.08677521371369529,0.09012743720427764,0.9169497465713292
0.36555011253806435,0.29723288759433336,0.005258893825642934,0.07355481451308128,0.08116305739648329,0.07717186849108723,0.9226378088072469
0.3698467230443975,0.30285412262156447,0.0052818737344833624,0.06265674453211209,0.07973110850350938,0.07017019486229228,0.9240093229503974
0.3530582459864668,0.2887090354252355,0.005219808571619774,0.09977057648321565,0.08484943987643105,0.09170703911387815,0.9189167917494496
0.3701833643369652,0.3026840287005049,0.0052957497218945465,0.08482547798187157,0.08362974863956467,0.08422336954610264,0.9201545025401191
0.3596701250332535,0.2919659483905294,0.005243750424238204,0.08617837398014978,0.08472553997571508,0.08544578179271993,0.9190246778230068
0.36994448850118955,0.3035950303991541,0.005286218271162679,0.08147864412588489,0.0842720412789222,0.08285180413411485,0.91946460245711
0.36410733262486716,0.3007438894792774,0.005285386315518593,0.08564184770436123,0.08292292894844018,0.0842604604973842,0.9208395761690841
0.3549402965490093,0.28801994488912214,0.0051872743086652014,0.07720228331937597,0.08235440107830096,0.07969516073420088,0.9214366414068342
0.35564908588714983,0.29725108509798764,0.005241665719671289,0.07941950873379428,0.08578712456939143,0.08248060205285354,0.9178844634015884
0.35770855332629353,0.2925026399155227,0.005226456304858598,0.08017041506486204,0.08464353618685788,0.08234627441573762,0.9190938585978321
0.3696898618712536,0.3090956476413865,0.0052752678021580155,0.07847904491567113,0.08611323907353109,0.0821190956622113,0.9175678464320209
