Majority Class Accuracy,Accuracy,Standard Error,Precision,Recall,F1 Score,Euclidean Distance
0.33789893617021277,0.3523936170212766,0.005508846315390143,0.35316831102277885,0.3520177723017388,0.3525921030877606,0.7244246285090836
0.33158171308460327,0.3470835522858644,0.005456277269525955,0.3467726260726353,0.34692354476681647,0.34684806900299103,0.7301462465908488
0.3374950716257064,0.35260875279274545,0.005477295401574684,0.35142998115248075,0.35188935353713074,0.35165951732547784,0.7245890869518934
0.3351473320945049,0.3559861959118662,0.00551634422914084,0.35671149391473594,0.35609038262878406,0.3564006676641464,0.7198577948022493
0.33104631217838765,0.3451642696925716,0.005461012200850632,0.34529092174185144,0.34540930163070566,0.34535010154164736,0.7318913792937094
0.32919910278400843,0.3446364955798918,0.005459034081824221,0.34359814053771554,0.3439519057631835,0.34377493213901306,0.7334135727328435
0.33355490561021006,0.3504387131082159,0.005501098745285407,0.3499949494850301,0.3498386529291893,0.34991678375395135,0.7268532649635171
0.32451986319389636,0.35411733754275193,0.005485124328301031,0.35403071082653076,0.35407452549428003,0.3540526168048688,0.7222269890716705
0.3335109216835376,0.339371337240277,0.005464546855520395,0.33923251364617935,0.3393712986469839,0.3393018919547394,0.7386070320018387
0.33940594059405943,0.35353135313531353,0.005492832839743387,0.35304334987420544,0.35288015969328246,0.35296173592119384,0.723463841519121
0.32402606036431325,0.35593671054381065,0.005520937996963554,0.35543775761940427,0.35607238633612015,0.3557547889504495,0.7200098225149836
0.3259958071278826,0.3582285115303983,0.005488467577016505,0.3558224837046522,0.3570388768933573,0.35642964250086384,0.7188169798401409
0.319248200479872,0.3423087176752866,0.0054781193840564854,0.34187482066744757,0.3434435508935835,0.3426573903270267,0.7341671321726749
0.342668428005284,0.359445178335535,0.005515013040639533,0.3596568598280583,0.3597757322069652,0.3597162861968262,0.7158306543332399
0.33584158415841586,0.3533993399339934,0.005492367899578315,0.3534172386855081,0.3533854076379752,0.35340132244498174,0.7229266883244998
0.33188176299815253,0.3515439429928741,0.005484698828332883,0.3525432177426015,0.35201897235472307,0.35228090001036005,0.7244767333812874
0.3281578947368421,0.3518421052631579,0.00547781696610048,0.3507213207469337,0.35121465078070774,0.35096781240433206,0.7253618996727261
0.33320204805041354,0.33845345936720495,0.005421727705519455,0.3383516167832028,0.3384448851949305,0.33839824456246975,0.7396448405830174
0.3299364743250397,0.3558761249338274,0.005507926679285227,0.35357368436866193,0.35520041916299183,0.3543851849749285,0.7208892544884838
0.3284613340419878,0.34719638586234386,0.005487780927106675,0.3461240628872806,0.34788589135383957,0.3470027408129058,0.7291609898397086
0.33527465254798144,0.34374586366644605,0.005464337722695322,0.34456361054099044,0.3437562784272066,0.344159471023174,0.7336718985156874
0.33617474693660093,0.34629728289824185,0.005491014051739511,0.3454239292233809,0.34663852625568864,0.3460301619065747,0.730512441155
0.33790556581376946,0.3477974149300976,0.005469687855911204,0.3480563700461372,0.3482163285327966,0.34813633091540347,0.728706639453489
0.3356838744012773,0.3391431612559872,0.005460744293317419,0.33906999981609226,0.33902803307636004,0.3390490151475885,0.7390187553764125
0.3314792742683088,0.3545225797907562,0.005505037004487237,0.35348977515627983,0.35463518305690017,0.3540615527451875,0.721527510872386
0.33011634056054995,0.34955050237969326,0.0054825928646525975,0.3487503238974295,0.34921237950357903,0.34898119875867645,0.7275564543124682
0.32942879705185574,0.3521979468281127,0.0054798027427325905,0.35139475897453076,0.351857485596575,0.3516259700528878,0.7246658155825116
0.3332448573324486,0.35447909754479096,0.005510726307765648,0.3541591807076912,0.35439363900387505,0.35427637106496107,0.721810176410462
0.333510144543164,0.3506166290942846,0.005494806030800173,0.3495381194818357,0.3501781299551592,0.34985783201884507,0.7264447156370086
0.3358090185676393,0.3523872679045093,0.005501512708820998,0.35307751268204185,0.3527386871874336,0.3529080186085258,0.7236633508651862
