Majority Class Accuracy,Accuracy,Standard Error,Precision,Recall,F1 Score,Euclidean Distance
0.700758566570756,0.6705466910803034,0.005375195963451817,0.11998401278976818,0.12355191153605147,0.12174182659071658,0.8853859899426514
0.6969855148114316,0.6669711601200574,0.005383875856085617,0.1233477384497825,0.12535491746430114,0.12434322839014833,0.8834364070386812
0.6951878707976269,0.6734344100197759,0.005384620123301181,0.12090093965437562,0.12599278422574917,0.12339435578330077,0.8828058084070466
0.6961436170212766,0.676595744680851,0.005394219016498516,0.1203363436792366,0.12496559052864072,0.12260728639171369,0.8838672782913376
0.6995086973841456,0.6700305404328775,0.005418235135645361,0.1178163483747491,0.12475638404915672,0.1211870885753431,0.8839582958924476
0.6890412765396281,0.6709745483317948,0.0053956931338244645,0.12280089496967511,0.12576174738819648,0.12426368649545902,0.883009148493234
0.6990433165027903,0.6736646292851448,0.00540470307954623,0.11983928837584115,0.1259596909417751,0.1228232905474996,0.8828813228728856
0.7006427915518825,0.6829332283877738,0.0053296848248375545,0.17599487559317253,0.1300639424593242,0.1495829299606065,0.8786295080824232
0.7029559250461863,0.6801266825019794,0.005358048166989768,0.12752037307522338,0.12492323262599622,0.12620844315687885,0.8839114849008359
0.697330161247687,0.6806767116045467,0.00535984923853916,0.12309517629924864,0.1267220349354632,0.12488227816076862,0.8820038259895436
0.6953197099538563,0.6677653263019117,0.005408248239179401,0.12195347370826123,0.1261331695224792,0.1240081124302406,0.8826953828181501
0.6925196850393701,0.6611548556430447,0.005422190147691765,0.1760354187843189,0.12546108981003404,0.14650647590457735,0.8834067834199012
0.6942734814021942,0.6704575862991704,0.005437068029748187,0.11624455819172248,0.12466796108910795,0.12030899930586829,0.8841914071941023
0.6840291583830351,0.660702451954937,0.005450843307979718,0.11401257531696958,0.12543591886333438,0.11945176097946462,0.8834016292039941
0.6928052805280528,0.667986798679868,0.0054109098381394105,0.15705357163037853,0.12852523101464475,0.14136445974640494,0.88022430288131
0.7071953781512605,0.6779149159663865,0.00535438300537613,0.1464015369508449,0.12608756033141189,0.13548734835273038,0.8826848450430634
0.6909115174162551,0.6686240491125051,0.0054378049262279035,0.12260889280379594,0.12393015905190846,0.12326598542486646,0.8850501227281775
0.7063627980503228,0.6751416150704782,0.005375204403358284,0.11065763539308292,0.12502239264845363,0.1174022462287317,0.8838012592221475
0.6997215961818904,0.6777144372265677,0.005381108395316244,0.12117801507964716,0.12486518137439977,0.12299397056756957,0.883919644299396
0.7111640842272546,0.6911667328830619,0.005316810921865273,0.118874532558306,0.12580186969422721,0.12224013690889024,0.8830086164667306
0.6983641441681074,0.6657800239393536,0.0054400330688535725,0.11716406388018875,0.12435715882383772,0.12065349733882409,0.8845557400109441
0.6965462694437121,0.672686527814395,0.005387433052459047,0.12631364711952062,0.12566712985061293,0.12598955908731663,0.883207202554582
0.6957787481804949,0.6679899430991134,0.0054173372191197895,0.10963902078271777,0.12340301224337553,0.1161145502235343,0.8855678234613258
0.7012437152685895,0.6784863720560995,0.0053723811135369575,0.12370178451167997,0.12555092323909992,0.12461949474422121,0.8833152905176846
0.6897510593220338,0.6673728813559322,0.00542165793949102,0.12175618195481192,0.1257650667886471,0.12372816017382218,0.8830435047382861
0.7034537514886859,0.6822813285695382,0.00535584994713283,0.1278184283066108,0.12677572598338657,0.12729494192681606,0.881978246066007
0.702390438247012,0.6698539176626827,0.005419330492046385,0.11204859228328616,0.12457828030939862,0.11798170499230334,0.884316870968849
0.7012695054218461,0.6651679449880984,0.005427012647114411,0.1279534321150341,0.12675605960168154,0.12735193147377,0.882118593591955
0.6928863666358717,0.6707140029035238,0.005398917292714294,0.11266011727971975,0.12445639213063334,0.1182648291214744,0.8844595563123006
0.7054386661373561,0.6795024480614,0.005368255281414717,0.1263223151225592,0.1247912377615896,0.12555210883680507,0.8840395313547212
