Majority Class Accuracy,Accuracy,Standard Error,Precision,Recall,F1 Score,Euclidean Distance
0.29233417185224414,0.2453329802727393,0.004951034019362128,0.0464735785038211,0.05053725028847036,0.0484203031329036,0.9507587630755522
0.2952204911539477,0.25125429099551094,0.00498380758373235,0.04170313336118807,0.05039955251800317,0.045640781046480915,0.9508877867303984
0.29209896249002393,0.24647512636339453,0.004970318102908497,0.046539867672834925,0.05180754986434451,0.04903263503037866,0.9494765312951589
0.29748915472591037,0.24622058630209018,0.004939438797146284,0.04447267978680033,0.0502718099671135,0.04719476800766578,0.9510293291220416
0.28661666008685355,0.24424266350835636,0.004928601754660937,0.06038934904080597,0.05026338611683383,0.05486304814531659,0.9510446350089697
0.29100250296403635,0.22473982347516797,0.004790868603495694,0.0402152888117653,0.049610747257801346,0.044421653597067144,0.9516982213312153
0.2893421052631579,0.21671052631578946,0.00472600691164443,0.04471995672426562,0.0509310499151606,0.047623844811447706,0.9503694357546124
0.28565726450239487,0.24521021820117084,0.0049623672532479535,0.055706547675646936,0.053297521368105796,0.054475414379154465,0.9479872868002106
0.3017115563221441,0.21228605545973198,0.004710269355824091,0.05490091514948673,0.050480046593230556,0.052597750275297984,0.950833911325618
0.28948410080485554,0.2381580683467476,0.004892818798205114,0.043413909953557685,0.049423039912451304,0.046223996102565806,0.9518887231315907
0.2882468811556139,0.23808273145108338,0.004880708865825209,0.04721019670156622,0.05003424943709357,0.048581216748816394,0.9512774253698921
0.2862595419847328,0.2423006054224796,0.0049155947889109024,0.06591841476716566,0.05318185294114734,0.05886911100563831,0.9481083382941382
0.2837498347216713,0.224910749702499,0.00480102440106116,0.04329232943506135,0.04857005336191776,0.04577958217064233,0.9527446706453075
0.2953975998945009,0.23974680205723328,0.004902696523409796,0.04646373632379356,0.04944713259168,0.047909033807884034,0.9518633532266362
0.2905824858010831,0.23999471668207634,0.004908316091426575,0.07401643275854201,0.05174509039344495,0.060908724826152595,0.9495629629023504
0.2753908816187098,0.2378136907108133,0.004880093436199822,0.060691724098433854,0.05320637516540418,0.05670308218816291,0.9480875102413788
0.28686575052854124,0.22476215644820297,0.004798312355782712,0.05111212626668965,0.050125977877286475,0.05061424909462027,0.9511902455108902
0.28770362585391485,0.24093536521282186,0.004901627061073376,0.06422286389428784,0.0515819738242466,0.05721249905578178,0.9497201197431693
0.2900884254982183,0.23703312656724299,0.004885496651748769,0.0467758210950435,0.050524014642874926,0.04857772373437791,0.9507778487768317
0.2937524765552767,0.23933430194161934,0.004903687283107558,0.04869740711052622,0.052174687160666325,0.05037611243990831,0.9491121493186737
0.2888830208608397,0.22141536836546077,0.004770832224377273,0.05635617212197269,0.05243573036118502,0.05432531241989768,0.9488631052922772
0.28383705650459923,0.2152431011826544,0.004711290274930579,0.04899344439010837,0.051098569043281895,0.05002386933703122,0.9502028117287838
0.28696112139645596,0.23234594022745306,0.004856596060602264,0.04777319678249771,0.05039582247637895,0.04904947736782396,0.9509223067477885
0.2923689449236894,0.24751161247511613,0.004971713139500737,0.060204476339608716,0.05254567580971177,0.056114955691500726,0.9487407709938284
0.28919169202275435,0.24116946686069585,0.004920411078344435,0.044820908753359326,0.05027548488499989,0.047391763963854895,0.9510447448129551
0.28848949385489625,0.2315316505880798,0.004849046061071924,0.05082114883133776,0.05271493484643173,0.05175072215021405,0.9485766555524235
0.28475336322869954,0.21748878923766815,0.004737746635308261,0.04604694235624281,0.049928020166239664,0.04790900889422301,0.9513949188343572
0.29199578725645076,0.239073196419168,0.0048937796109020165,0.04598434714127434,0.049305290715395855,0.047586949749321705,0.9520189596628233
0.29499269491300306,0.21782441227254615,0.004757039476785799,0.055927405032085584,0.05193778611328802,0.05385881338703353,0.9493647269935415
0.28869519281563655,0.20285261489698891,0.004621195220107085,0.04643702661643283,0.05063462224645289,0.04844506771061054,0.9506796064718741
