Majority Class Accuracy,Accuracy,Standard Error,Precision,Recall,F1 Score,Euclidean Distance
0.6921854304635762,0.6921854304635762,0.005312296871909737,0.08652317880794702,0.125,0.10226205385097058,0.8838834764831844
0.699721226602947,0.699721226602947,0.005281300234886241,0.08746515332536837,0.125,0.1029170571696345,0.8838834764831844
0.7047192196150804,0.7047192196150804,0.00523744202713826,0.08808990245188505,0.125,0.10334828332817816,0.8838834764831844
0.6927292167869553,0.6927292167869553,0.00533376078792763,0.08659115209836941,0.125,0.10230951440979075,0.8838834764831844
0.6885115415229504,0.6885115415229504,0.005333944905588714,0.0860639426903688,0.125,0.10194060339409176,0.8838834764831844
0.6960381608586194,0.6960381608586194,0.005294669818453364,0.08700477010732742,0.125,0.10259765625,0.8838834764831844
0.6992887249736565,0.6992887249736565,0.005262898802601512,0.08741109062170706,0.125,0.10287962173474925,0.8838834764831844
0.6969096671949286,0.6969096671949286,0.005281642286357875,0.08711370839936608,0.125,0.10267335979453654,0.8838834764831844
0.7010991921599788,0.7010991921599788,0.005268064002365196,0.08763739901999736,0.125,0.10303620085636435,0.8838834764831844
0.7014350252458145,0.7014350252458145,0.005275104242385475,0.08767937815572681,0.125,0.10306520890277236,0.8838834764831844
0.6970139349701393,0.6970139349701393,0.005294079143575851,0.08712674187126741,0.125,0.10268241182450927,0.8838834764831844
0.7005837092066861,0.7005837092066861,0.005275208913346384,0.08757296365083576,0.125,0.10299165301505576,0.8838834764831844
0.6924294381429702,0.6924294381429702,0.005299907069754364,0.08655367976787127,0.125,0.10228335411471322,0.8838834764831844
0.69340746624305,0.69340746624305,0.0053050142380441975,0.08667593328038126,0.125,0.1023686679174484,0.8838834764831844
0.6911803538420913,0.6911803538420913,0.0053086672297399376,0.08639754423026141,0.125,0.10217425247872589,0.8838834764831844
0.6946978712151263,0.6946978712151263,0.0052956082501102,0.08683723390189078,0.125,0.10248107981586954,0.8838834764831844
0.6882268391480465,0.6882268391480465,0.005295040775810988,0.08602835489350581,0.125,0.10191563467492261,0.8838834764831844
0.6964097148891235,0.6964097148891235,0.005282705039211054,0.08705121436114044,0.125,0.10262994086523498,0.8838834764831844
0.6994059405940594,0.6994059405940594,0.005268215557708478,0.08742574257425742,0.125,0.10288976928454906,0.8838834764831844
0.7020462046204621,0.7020462046204621,0.0052549185659828326,0.08775577557755776,0.125,0.10311797099201117,0.8838834764831844
0.6982396216500263,0.6982396216500263,0.005261189716879764,0.08727995270625329,0.125,0.10278873675253347,0.8838834764831844
0.6934393638170974,0.6934393638170974,0.005308023267103634,0.08667992047713717,0.125,0.10237144869687718,0.8838834764831844
0.704392560348239,0.704392560348239,0.0052408509897717325,0.08804907004352988,0.125,0.10332017645693058,0.8838834764831844
0.6940819823382101,0.6940819823382101,0.005290209505447683,0.08676024779227626,0.125,0.1024274488446277,0.8838834764831844
0.697806553911205,0.697806553911205,0.005278608842746011,0.08722581923890063,0.125,0.10275118686279087,0.8838834764831844
0.698820723466278,0.698820723466278,0.005280903792742806,0.08735259043328475,0.125,0.10283909211449965,0.8838834764831844
0.6965508162190627,0.6965508162190627,0.005275054020967048,0.08706885202738283,0.125,0.10264219756343601,0.8838834764831844
0.7020691461498166,0.7020691461498166,0.005233771097125257,0.08775864326872708,0.125,0.1031199507578672,0.8838834764831844
0.7019946808510639,0.7019946808510639,0.005274362784289944,0.08774933510638298,0.125,0.10311352449410109,0.8838834764831844
0.6998675496688742,0.6998675496688742,0.005274616995471981,0.08748344370860928,0.125,0.10292971793673056,0.8838834764831844
