Majority Class Accuracy,Accuracy,Standard Error,Precision,Recall,F1 Score,Euclidean Distance
0.3316013855582201,0.3473221422861711,0.005495552931256259,0.34975282734355934,0.34694031623246585,0.3483408948132763,0.7301472768491231
0.326246719160105,0.3413385826771654,0.005431831845572061,0.3413016929584575,0.3414373361160819,0.34136950106281944,0.7362843100096397
0.33011378671606245,0.335803122519185,0.00543234490678134,0.3402542661476467,0.3373931679736111,0.338817677133117,0.740800949522647
0.3364597093791281,0.33738441215323645,0.005434322288051779,0.34095303924458137,0.33835228305278453,0.33964768258267797,0.7397236914143039
0.344240664995382,0.34292122971368255,0.005452553688308519,0.3416738023880881,0.33904510922877956,0.3403543802716683,0.7389663614187094
0.3386354673327199,0.3364006835809123,0.005417197778284984,0.33829993291910293,0.3367659450885565,0.3375311961230673,0.741514069322273
0.3314741035856574,0.3529880478087649,0.005507299103438152,0.3571071069279859,0.3533113472298781,0.3551990867232013,0.723061227184989
0.3330243644067797,0.336864406779661,0.005438733035539204,0.3403274034845401,0.336537427063279,0.33842180464633265,0.7417822809386522
0.3287453679195341,0.34052408681842244,0.005451643055600565,0.3422256294030097,0.3410015350670023,0.34161248566930913,0.7367819986369034
0.3307170413728881,0.3287215644539045,0.0054180520192687025,0.3269333295356928,0.32957536886011357,0.3282490329151115,0.7495676571560436
0.33686861991250167,0.3287816518626541,0.005408958415101842,0.3287100562398333,0.32944899564568747,0.3290791111255183,0.7497091625989403
0.3307579592380445,0.33488743839083523,0.005447080529296542,0.3322794300777514,0.33426754380187323,0.33327052196034734,0.744301007201414
0.3377210477330142,0.34157691796303685,0.00546838378842721,0.3419492762248082,0.34154502200481174,0.34174702956628206,0.7361770984467414
0.32856953817652507,0.3369061797009395,0.005437099336668893,0.33697268059937024,0.3357299015675535,0.33635014310234596,0.7426885753918977
0.3361966433196775,0.34214351790670017,0.005453908787284055,0.34234108794166884,0.3426051714005012,0.34247307876192806,0.7349950662079329
0.3190387679235263,0.3482474774296336,0.005489467198064967,0.3470329151673432,0.34459093581252526,0.34580761443041763,0.7327828552196132
0.3328940432261466,0.3339483394833948,0.005414145723140142,0.3336169563852,0.3333631184252674,0.3334899891026589,0.745332336004949
0.33052298774864974,0.3414569885390594,0.005442652165029491,0.338639948808275,0.34108419553911823,0.33985767749231677,0.736683127126766
0.3406448202959831,0.3403805496828753,0.005446763676790155,0.3428826946019457,0.3432520720241616,0.3430672838867553,0.7342968886793217
0.3362284511119884,0.342413475457297,0.0054434426794122545,0.3435857193441345,0.3423094147195551,0.3429463795664337,0.7353315198267073
0.330173775671406,0.33675618746708796,0.005422529427394409,0.3365090340865262,0.3374085809120746,0.3369582071406858,0.7408101055575791
0.33438985736925514,0.34667194928684625,0.0054691483171915405,0.345754045481989,0.3465447715890306,0.3461489569618822,0.7305738302102962
0.34090607147601965,0.3415703467516939,0.005466178543967855,0.3373883350032049,0.3390319380816656,0.3382081396839827,0.7389527769944167
0.32614129719773716,0.34232337850282857,0.005442383179349288,0.3450633924995125,0.3442909221450557,0.3446767245184009,0.7331238897871689
0.33231545406266594,0.33736059479553904,0.005447919107956972,0.3399207048681527,0.33748319565458007,0.33869756480450547,0.7407248576911157
0.333993399339934,0.3357095709570957,0.005425871953772266,0.33739185139930156,0.33714223101472146,0.3372669950193258,0.7411058393313085
0.3270978790673166,0.3411935186404953,0.0054416401904044485,0.3439420397655162,0.34315372603795175,0.3435474306805415,0.734389814645209
0.3377544320420223,0.33736047275114905,0.005418147374209202,0.33990194513339067,0.3378244231304018,0.3388599998838907,0.7403393257511635
0.3340333377083607,0.3375771098569366,0.005417578016316784,0.33804932677433336,0.33748863723997097,0.3377687493238903,0.7407098262637198
0.33223554208931627,0.3417204584376235,0.005443662271673996,0.35082518956235664,0.3424808987105039,0.34660283024750155,0.7351127384574161
