Majority Class Accuracy,Accuracy,Standard Error,Precision,Recall,F1 Score,Euclidean Distance
0.2877496671105193,0.2836218375499334,0.005201409350325942,0.03632608180880478,0.050708521649890315,0.04232895498240905,0.9505917512632913
0.2841119028767485,0.27936130905252043,0.005154239749182575,0.03637203399673844,0.05103308794403547,0.04247296196020994,0.9502653021591497
0.2969183970374289,0.2918926067980426,0.005228432347604317,0.03752001441139514,0.05058350073531374,0.04308326798102072,0.9507208260659161
0.29280232865837524,0.2842021698862133,0.005188065371278903,0.02568420821171997,0.04970861017502774,0.033868644811799554,0.9516057547316858
0.28765676567656767,0.2744554455445545,0.0051271574089777,0.03671511898823,0.050539620691639475,0.0425322038463809,0.9507664015696388
0.28428665351742277,0.28060486522024986,0.005152069789994095,0.030124539855923914,0.05067536347319242,0.037786481017026516,0.9506264278080767
0.2935185185185185,0.28425925925925927,0.005187693169535782,0.03194166303458519,0.05044075571307712,0.039114210208659496,0.9508705054855338
0.29096194503171247,0.2802589852008457,0.0051627053196586625,0.029144338813269204,0.04985875455692654,0.03678591238967575,0.9514565182705198
0.2895328834193463,0.27987296546248513,0.005164286423411299,0.02992327621992479,0.04958509824345161,0.03732307700025644,0.9517319531439007
0.29101922570450356,0.2795628127469055,0.005149943509972241,0.03271358574492407,0.05026296117709663,0.039632444377469586,0.9510464662464047
0.28053939714436804,0.2760444209413009,0.005140077730510034,0.038413156323781714,0.05073401357935413,0.04372216407260376,0.9505688300923172
0.2920609884332282,0.2858832807570978,0.005180166598783121,0.02894969521357297,0.05075228526616073,0.03686892548978156,0.9505476549939621
0.28486529318542,0.2782620179609086,0.005150049970795877,0.032279653812095244,0.050603564280042534,0.03941607418770895,0.9506971314040874
0.29557359874279726,0.2894185437401781,0.0051896390397551595,0.03462510111683774,0.05049353614189178,0.041080164132453814,0.9508110917803033
0.28213536201469047,0.276495278069255,0.005122395420811295,0.028902354699125797,0.05089348977332673,0.036867626454227836,0.9504056741324837
0.28972702096795466,0.2791771066860082,0.005151499460839852,0.030790923076783272,0.05022959111259632,0.03817836733326891,0.9510820208934195
0.2831800262812089,0.27963206307490146,0.005144916636624493,0.05113553934928815,0.05122265512140746,0.05117906016377874,0.9500750012619429
0.2914459745762712,0.2874735169491525,0.00520796954381817,0.028011997494813486,0.05104282732467995,0.036172657504759086,0.9502535514852297
0.28034414295168764,0.27094639311714097,0.005113334266035046,0.030627234532605924,0.04973698038109607,0.03791006145487094,0.9515763048170399
0.28804347826086957,0.2823435843054083,0.005182584691154528,0.07745138492201369,0.050424903294739434,0.06108213882649312,0.9508797407731415
0.29335451416468095,0.2836907598623246,0.0051866194191988865,0.025558700515514055,0.04978409980628856,0.0337767349222134,0.9515263445965274
0.2844532279314888,0.27220026350461135,0.005108922676653585,0.03210294272838961,0.049579384609842105,0.03897156695959096,0.9517400167291369
0.28255139694254083,0.2724037954665261,0.005110791084971812,0.031077891416650766,0.049958755145938415,0.03831878128217821,0.9513538198315449
0.28392762107503994,0.2788717402873869,0.00517267419970818,0.033474836883746355,0.05068864840954741,0.04032138715392223,0.9506151221204746
0.29543039319872477,0.2863974495217853,0.005210422788621393,0.08257259502231627,0.05126138569593312,0.06325427396894077,0.9500375446560078
0.2836117740652347,0.27711482365420315,0.005153725396588871,0.03413388328248266,0.050661808347562266,0.04078707820581001,0.9506410128911946
0.2851448312516609,0.2749136327398352,0.005146487250763614,0.0356603848201588,0.049861817466334744,0.04158198809533755,0.9514519300732949
0.291760349160164,0.28475069435259887,0.005190049492130559,0.07978651328216033,0.05092401507854279,0.06216866623372329,0.9503713026206114
0.29443423470727226,0.28826463638750327,0.005189607015573912,0.035969788620335556,0.05063675307209381,0.04206133321641584,0.9506659002208623
0.2906172517290878,0.2803079733785724,0.0051308776487866544,0.028587044253085524,0.049928803681894014,0.036357422301289084,0.9513834868127294
