Majority Class Accuracy,Accuracy,Standard Error,Precision,Recall,F1 Score,Euclidean Distance
0.4749409603778536,0.4748097612175282,0.00571983722666233,0.040409940062125387,0.05001086683764392,0.04470068783182427,0.9513042022875967
0.4784974780992832,0.4784974780992832,0.005755131152586893,0.023924873904964162,0.05,0.032363766944968134,0.9513148795220223
0.4868316041500399,0.4868316041500399,0.005764586658585224,0.024341580207501996,0.05,0.03274288781535158,0.9513148795220223
0.47760602457391993,0.47773814242304136,0.0057414271706175786,0.03639292795769993,0.05003805175038052,0.04213839108721825,0.9512754825719052
0.473510371251156,0.473510371251156,0.005739055247046289,0.023675518562557802,0.05,0.03213485160943245,0.9513148795220223
0.47512932749701553,0.47499668391033295,0.00575134527172638,0.0237529848766251,0.04998604131769961,0.03220323741007195,0.9513292388717804
0.46648081773529804,0.46648081773529804,0.005747883147939914,0.023324040886764902,0.05,0.03180954105186929,0.9513148795220223
0.4719219615080411,0.4717901397310836,0.005731539144771454,0.023592617007251154,0.04998603351955307,0.03205553067622033,0.951329245654856
0.4887773963559546,0.4887773963559546,0.0057437817626383204,0.024438869817797727,0.05,0.03283079106065981,0.9513148795220223
0.4828826428666578,0.4828826428666578,0.0057674275437317145,0.02414734878763656,0.05,0.0325667055969814,0.9513146242639
0.4810109831943893,0.4810109831943893,0.0057475382334041996,0.024050549159719464,0.05,0.03247855611150822,0.9513148795220223
0.4642622087666184,0.4642622087666184,0.005721853641327092,0.02321311043833092,0.05,0.03170622078389068,0.9513148795220223
0.4791255103384696,0.47925721058870013,0.005733096612799187,0.048962587274403904,0.0500395256916996,0.049495199050720765,0.9512744949509999
0.48568412719356113,0.4855521836653912,0.005740935483873588,0.039289866560972386,0.05006742018508522,0.044028692673145034,0.9512464059493898
0.474542823312722,0.47441126167609526,0.005727500743254181,0.023726806158705094,0.049986138064873856,0.032179189719792965,0.9513289007202995
0.47203728362183756,0.47203728362183756,0.005760627722452794,0.023601864181091878,0.05,0.032066938037087295,0.9513148795220223
0.4776909837150801,0.4775585859923209,0.005747412716827699,0.03222362086480279,0.05001149950002174,0.03919375545678181,0.9513028243687208
0.47358591248665954,0.47345250800426897,0.005766897017444487,0.023678943154523617,0.04998591549295774,0.03213509597971749,0.951329131540816
0.4773876030859271,0.4773876030859271,0.0057606867679598365,0.023869380154296356,0.05,0.03231295579364365,0.9513148795220223
0.4843729394698668,0.4843729394698668,0.0057390136657462995,0.02421864697349334,0.05,0.0326314854299929,0.9513148795220223
0.4792412786841756,0.4792412786841756,0.005753584734577351,0.02396524276996551,0.05,0.03240068155322393,0.9513146299640911
0.47225533041981194,0.47225533041981194,0.005745107069413599,0.023612766520990598,0.05,0.03207699919042907,0.9513148795220223
0.4762913907284768,0.4762913907284768,0.0057478807133489445,0.023824036040810917,0.05,0.03227138113613928,0.9513141393296715
0.47536193385575776,0.47536193385575776,0.005755372684939849,0.02376809669278789,0.05,0.0322200216060497,0.9513148795220223
0.47958779231074117,0.479852028008984,0.005742458555204735,0.07398572750099115,0.050075700227100686,0.05972665604886758,0.951237949846478
0.47299444003177127,0.47299444003177127,0.005744432440907426,0.023649722001588564,0.05,0.03211108115394985,0.9513148795220223
0.4751119304714248,0.4751119304714248,0.005730546255737016,0.023758725141577768,0.05,0.032211409695562895,0.9513146392358388
0.47413679058076463,0.47413679058076463,0.005743227885344614,0.02370683952903823,0.05,0.032163690209099885,0.9513148795220223
0.47547269602009784,0.475208250694169,0.00574233381261867,0.02377298584468845,0.049972191323692995,0.03221873599282833,0.9513430021954777
0.4736284124039226,0.4736284124039226,0.005747866765325186,0.023681420620196132,0.05,0.03214028776978418,0.9513148795220223
