Majority Class Accuracy,Accuracy,Standard Error,Precision,Recall,F1 Score,Euclidean Distance
0.28707249438795723,0.23346097979664598,0.004861164381931832,0.045842906943599146,0.050350254984585896,0.04799097997356808,0.9509524687639724
0.28582823717096517,0.23398032438181335,0.004881383931960121,0.04561875509507841,0.05029330962010901,0.047842118325650114,0.9510088868045273
0.2843176113092879,0.23318800369929976,0.0048604703579672665,0.0525107554781022,0.05343339146770071,0.05296805599202194,0.9478543349111584
0.2901023890784983,0.22315568390653714,0.004770352683113081,0.059393025060925905,0.04920595798946191,0.053821695451033824,0.9521170491095118
0.29173872555540775,0.23453505387787682,0.004887021611254139,0.04640925288317691,0.050020081653489964,0.04814706292121662,0.9512924494660489
0.2899564471426686,0.2363732347894945,0.004880800727375758,0.04927133605482055,0.051276648354492124,0.05025399539694886,0.9500239109117884
0.2861290748317276,0.23478949452289824,0.00486946387935008,0.04890679831765181,0.05217211123597444,0.05048671247625977,0.9491187146910366
0.2901615657428084,0.23078943911729935,0.004828949571236205,0.04554607535660239,0.05013663905061962,0.04773123660785146,0.9511627848762857
0.2909162613382411,0.240699355856448,0.004901597434897633,0.04711080369172663,0.05146503889017136,0.04919175490947666,0.9498231316475737
0.2901185770750988,0.247167325428195,0.004951352787145724,0.053500323602379996,0.05327767347718058,0.05338876640825691,0.9479909148209062
0.2908445146014207,0.24072612470402527,0.004903395319594573,0.04790760293337713,0.05183506128670333,0.04979400848309621,0.9494530639542776
0.2933350895679663,0.24328240252897787,0.004924296165182627,0.05056196616102358,0.0519389159511956,0.05124119240046105,0.9493518319793192
0.2910804353597027,0.23028935492434296,0.004850515203012216,0.04980622885448795,0.05063528529501678,0.050217335508543404,0.9506672160386802
0.28923884514435694,0.2326771653543307,0.004840480308440965,0.04966968851317451,0.04935295380258672,0.04951081460263959,0.9519606270675516
0.28121679064824656,0.22701912858661,0.004828094860197239,0.04701362130543146,0.051393513418641054,0.04910609752421838,0.9499072398175264
0.29073779193205945,0.23858811040339703,0.004909799767300145,0.0501146250918028,0.051535642894155485,0.05081520144860611,0.949760557316081
0.28744669509594883,0.23747334754797442,0.004912341361126287,0.0577303392166754,0.05352954778134916,0.05555063976628684,0.9477435850469819
0.29306930693069305,0.2436963696369637,0.004932661390275965,0.055099607998322656,0.05200428361362347,0.053507218051909625,0.9492901187664705
0.28149527737129176,0.23360383131568443,0.0048802758220498135,0.04540643029463008,0.05069695303211613,0.04790606915838442,0.9506007305395763
0.291951604418727,0.23237769594950025,0.004843395780853796,0.05228387722404028,0.05104004249627107,0.0516544730902277,0.9502548262764275
0.28872497365648053,0.22760800842992623,0.004812098968941998,0.03692916050457072,0.04743386105779758,0.04152749951138044,0.9538899125886041
0.2964730840625829,0.23654203129143464,0.004893318261363657,0.0400096721859825,0.049472153619888506,0.04424059591632602,0.9518258389843554
0.2886082609839516,0.2296764009471192,0.004824261666904882,0.048677991433457336,0.05062114422741668,0.04963055536494301,0.950688282938188
0.2886666666666667,0.2368,0.004908845892875433,0.0516225111977963,0.051527341420638695,0.051574882405681755,0.9497662076322879
0.29192133935689607,0.238107892638852,0.004909661223822361,0.050188535523559785,0.051116525105148726,0.05064827996072833,0.9501807688161201
0.2909743453409544,0.23115778279941512,0.004860459631086876,0.04924703263817222,0.050674105972084604,0.04995037857707683,0.950627530579142
0.29604221635883904,0.23192612137203167,0.004847766882426712,0.051346893545573605,0.051517624714002876,0.05143211744277912,0.9497703149266795
0.2887370219476935,0.23669338940728085,0.004872802217209823,0.04102090201927243,0.050236926823720995,0.0451635564666064,0.9510535801219266
0.2843866171003718,0.22371216144450345,0.004801766445997014,0.0464556081553817,0.05032769267320512,0.048314193671318076,0.9509772495445289
0.2914452709883103,0.23658342189160467,0.004898161976859215,0.0503527583056695,0.052471631687279474,0.05139036348156056,0.9488260434042604
