Majority Class Accuracy,Accuracy,Precision,Recall,F Score,Support
0.6094431953445312,0.5680465546885333,0.4144548244682342,0.5680465546885333,0.45992780232508296,
0.6071900607983082,0.5744118424530795,0.41261796746285034,0.5744118424530795,0.4631428548702906,
0.6071805702217529,0.566129883843717,0.4088626365117292,0.566129883843717,0.462270986891248,
0.6059198301035307,0.5548181576851606,0.39945928270345166,0.5548181576851606,0.45701729683251685,
0.596042216358839,0.5551451187335092,0.39159638751582293,0.5551451187335092,0.4448993799779722,
0.6103636605834555,0.5588117756760357,0.4095761740712311,0.5588117756760357,0.46005065073020107,
0.6063210790796085,0.5704839989420788,0.3910742843600801,0.5704839989420788,0.45366937640112315,
0.6007132479196936,0.56267335886937,0.39243398928495393,0.56267335886937,0.4497274495194407,
0.6051485148514851,0.5676567656765676,0.40349479888588724,0.5676567656765676,0.45715170480296613,
0.6172709294660514,0.5764007910349374,0.4061663698413323,0.5764007910349374,0.4670691899796303,
0.6029214687751273,0.5612436344143661,0.39665386915240675,0.5612436344143661,0.45273126200395764,
0.5986017675768368,0.5413533834586466,0.38806163117034087,0.5413533834586466,0.4441333632694727,
0.5988670794361745,0.568041101304176,0.39794606439091695,0.568041101304176,0.45203917824400863,
0.6012793176972282,0.5609008528784648,0.3905626814134011,0.5609008528784648,0.4512503343096227,
0.6005018489170628,0.558769149498151,0.39670074476576395,0.558769149498151,0.4516528551565747,
0.6058151885289432,0.5681093998937865,0.4098901601325179,0.5681093998937865,0.4595154448266315,
0.6071334214002642,0.5704095112285337,0.4088803002139572,0.5704095112285337,0.4621990876845071,
0.6122422172599501,0.5766452121371338,0.4133678790395911,0.5766452121371338,0.4683500055629295,
0.6003437334743522,0.5612109994711793,0.3906099374575142,0.5612109994711793,0.4513643948538858,
0.603746207624324,0.5676032185727476,0.3966008264676297,0.5676032185727476,0.456915490146373,
0.6152128218602207,0.5767209668943774,0.40783352408426304,0.5767209668943774,0.46968291366939996,
0.6050586220524306,0.5613226188907917,0.4003543543985621,0.5613226188907917,0.45721045614550226,
0.6260950358375365,0.5755242898858508,0.42305349827972655,0.5755242898858508,0.4784001244590577,
0.600211109645072,0.5645863570391872,0.3947972126457883,0.5645863570391872,0.45332385079028903,
0.6141938869211596,0.5753640299094844,0.4070769716169283,0.5753640299094844,0.466315037525134,
0.6072515548498081,0.5670239513034273,0.39889300169376685,0.5670239513034273,0.45941998362097825,
0.6136632881400553,0.560484401737528,0.4062372695035421,0.560484401737528,0.4618493177845211,
0.6074015540629527,0.5798762017647834,0.4121606257421548,0.5798762017647834,0.46730720448108537,
0.6111623009082533,0.5654863762011321,0.4064833870707776,0.5654863762011321,0.4626714802235173,
0.6039433637686913,0.5551144634114067,0.402080985875608,0.5551144634114067,0.455550203984568,
