Majority Class Accuracy,Accuracy,Standard Error,Precision,Recall,F1 Score,Euclidean Distance
0.3383885005934327,0.3394434920216273,0.005437737054462907,0.34157131423237863,0.3402182586526365,0.3408934438292771,0.7376489892564078
0.3346960305947514,0.35289463273110905,0.005487689109084967,0.35299231502182526,0.35263078406360737,0.35281145692625154,0.7237826020053305
0.3327544750200374,0.33863211327811915,0.005469664784303225,0.33942235326558867,0.3386942981104723,0.33905793485239194,0.7393659761340643
0.3359830418653948,0.34578696343402227,0.005474544108383308,0.3444686818212576,0.34383613545640634,0.34415211798642503,0.7336508091242182
0.3354556307202547,0.34540389972144847,0.005476378458541595,0.3491297821279041,0.3489424631006998,0.34903609748193337,0.7279605247723234
0.3320640756302521,0.3448004201680672,0.005446371113038871,0.34585271071490004,0.3442041519647281,0.34502646212097154,0.7331993924306767
0.33342150509191903,0.3360666578494908,0.0054323198639988236,0.3352865136271865,0.3356274264897457,0.3354568834440936,0.7427912589711586
0.3434262948207171,0.34780876494023905,0.005488583200360136,0.3442431946781805,0.34563132742949954,0.34493586448644,0.731516571175715
0.3358395989974937,0.3383458646616541,0.005434163532454255,0.3383622784454337,0.33819150795931097,0.3382768716500882,0.7399255512327054
0.3226319978774211,0.345449721411515,0.005476913259514418,0.3448487277205435,0.34412688912115347,0.3444874302863029,0.7333401425762219
0.33549582947173306,0.34992718125248246,0.00548794942713205,0.34723722722066624,0.3494800255158738,0.34835501647905515,0.7272813126538485
0.34090610636900853,0.350623768877216,0.005468068130895703,0.3543601096735482,0.3497836427615661,0.35205700421924424,0.7270265057488631
0.3321456848772763,0.3351807864871998,0.005422680769414305,0.33223046892105157,0.33414003865780467,0.3331825177315309,0.7444159018393262
0.33014354066985646,0.3349282296650718,0.005441087883160109,0.33739664348136506,0.33451440029354435,0.33594934002315086,0.7440184217778699
0.3227730646871686,0.3482237539766702,0.005485012491189803,0.353186726554985,0.3507900916229348,0.3519843295093138,0.7258787460589582
0.3269992082343626,0.33913961467405646,0.005438345817431995,0.34037292614328035,0.33882201961878083,0.33959570217361973,0.7392068890295531
0.3502316346790205,0.34083388484447386,0.00545320199669122,0.34104772281074996,0.3422498958794871,0.3416477518117336,0.7353746687348276
0.32650363516192993,0.34329147389292797,0.005459003463664887,0.34178833567616396,0.3419849443149699,0.34188661172965046,0.7356673861464155
0.3286428195686481,0.3340347185691741,0.005408795287280123,0.3339904049570635,0.3328669307351834,0.33342772147104466,0.7458792302001702
0.33850197109067015,0.33863337713534825,0.005424924386803057,0.3374976438341106,0.3389457099515302,0.3382201269511522,0.7390626540505155
0.3311267046206805,0.3442340791738382,0.005466906055321592,0.3439916635885321,0.34382453974626603,0.34390808136373474,0.7336126732711383
0.3384351497559045,0.34344900382636234,0.005454556055722049,0.34532350194515127,0.34436712112040163,0.34484464843525753,0.733016752927223
0.3316272965879265,0.3443569553805774,0.005443279979682965,0.3445731276050044,0.3436788527431189,0.3441254091895157,0.7337803222726881
0.3394228223457771,0.33862854117024094,0.005444976555953589,0.33751416243587146,0.3374474835613146,0.337480819705019,0.7407235482197287
0.3387437318553708,0.3394035365531803,0.005439375031152887,0.342137161674964,0.34027377005862736,0.3412029217777766,0.7376092728385912
0.3326273990734613,0.34255459960291196,0.005459809790722297,0.3419286219822517,0.3420540489243364,0.34199132395306275,0.7356104003804059
0.3368892400895562,0.34571315685499804,0.00545802282647164,0.3453881588806458,0.3459873828579552,0.34568751119177843,0.7312276926878366
0.32936507936507936,0.3427248677248677,0.0054586533017551,0.3424445853875788,0.3422726448757647,0.34235859354353415,0.7353555011153208
0.3372016352367137,0.35118027166029275,0.005481590020390185,0.3565231045065788,0.35286896422092645,0.3546866229664338,0.7235374766344641
0.33386055094240147,0.3424278370897588,0.0054478005505927745,0.34269670801041546,0.3421595808760391,0.34242793381103837,0.7354939917016377
