Majority Class Accuracy,Accuracy,Precision,Recall,F Score,Support
0.697264597580221,0.6733298264071541,0.5035488987097015,0.6733298264071541,0.5699462694489726,
0.6940318302387268,0.6661803713527852,0.4915388793618113,0.6661803713527852,0.560765740717853,
0.6985815602836879,0.6775676385605464,0.5176461844595489,0.6775676385605464,0.5750245173547361,
0.6939206118950284,0.6749307661875247,0.5178141653932585,0.6749307661875247,0.5690369727299559,
0.709375417948375,0.6747358566269894,0.530453237647929,0.6747358566269894,0.5854394310342842,
0.7033359809372518,0.67077045274027,0.5170600357923592,0.67077045274027,0.5771149305523668,
0.7017682765901293,0.6832937450514648,0.5241632736191044,0.6832937450514648,0.5810553272947414,
0.7019509622989718,0.6794094384392302,0.5130635111501338,0.6794094384392302,0.5764230241280672,
0.7045604758757436,0.6839391936549901,0.5206979767979611,0.6839391936549901,0.5806440540750591,
0.6933632405330519,0.6693495184061222,0.49479547274380187,0.6693495184061222,0.5624405447587341,
0.6985683987274656,0.6778897136797455,0.5130260319395309,0.6778897136797455,0.5726025505258778,
0.6961340546246206,0.6733078242512205,0.50728289195951,0.6733078242512205,0.5700574152503444,
0.6954503249767874,0.6735641331741611,0.5118162473001182,0.6735641331741611,0.5714304850190507,
0.7046536224219989,0.6841618191433104,0.5237829260650734,0.6841618191433104,0.5824100294838198,
0.7021051237918707,0.6844962266649014,0.5200442009009518,0.6844962266649014,0.5798961594806408,
0.70421974522293,0.6778131634819533,0.5173152182655174,0.6778131634819533,0.5788427848820352,
0.6994701986754966,0.6784105960264901,0.5119977366654092,0.6784105960264901,0.5752964283360373,
0.6946664919407679,0.6674092517363386,0.5116764332887024,0.6674092517363386,0.5684222011369718,
0.7008040068538289,0.6561223144853038,0.5124095582979779,0.6561223144853038,0.5700498021080634,
0.7039231174302264,0.6787783043707214,0.5192284426073954,0.6787783043707214,0.5793058859755776,
0.6969978746014878,0.6729543039319873,0.5000540457171034,0.6729543039319873,0.5681288711294664,
0.6927035228922022,0.6661828737300436,0.5085036381624847,0.6661828737300436,0.5661461058931427,
0.7062491707575959,0.6834284197956747,0.5247218582911667,0.6834284197956747,0.5827983816318221,
0.6997072911122938,0.672299095263438,0.5069200115567669,0.672299095263438,0.5715781203896232,
0.7005022468939994,0.6782976473698124,0.5143599903262772,0.6782976473698124,0.5749995383665263,
0.6913285600636436,0.6723680721294086,0.5159927563853379,0.6723680721294086,0.5663090571716659,
0.6981651376146789,0.6703800786369594,0.5100530187594781,0.6703800786369594,0.5704305456128637,
0.6944481076091257,0.6645127258341026,0.5107358890756232,0.6645127258341026,0.5661847486820012,
0.7102964531498147,0.6839597670725251,0.5269339536516277,0.6839597670725251,0.5863610912686369,
0.6985411140583554,0.6793103448275862,0.5107725536795662,0.6793103448275862,0.5732023020282659,
