Majority Class Accuracy,Accuracy,Standard Error,Precision,Recall,F1 Score,Euclidean Distance
0.7019867549668874,0.7019867549668874,0.005263913770931995,0.08774834437086093,0.125,0.10311284046692608,0.8838834764831844
0.697166313559322,0.697166313559322,0.005287365076180371,0.08714578919491525,0.125,0.10269563860497777,0.8838834764831844
0.698505093266305,0.698505093266305,0.005278282200752808,0.08731313665828813,0.125,0.1028117454630423,0.8838834764831844
0.6996973285958679,0.6996973285958679,0.005258434679122533,0.08746216607448348,0.125,0.10291498916073087,0.8838834764831844
0.7045995241871531,0.7045995241871531,0.005244977138561482,0.08807494052339414,0.125,0.1033379855780414,0.8838834764831844
0.6992182324102292,0.6992182324102292,0.005278918422416334,0.08740227905127865,0.125,0.10287351840299438,0.8838834764831844
0.6987238521247204,0.6987238521247204,0.005262593113445952,0.08734048151559005,0.125,0.10283070012391575,0.8838834764831844
0.6953290870488322,0.6953290870488322,0.005302006437205994,0.08691613588110403,0.125,0.10253600500939261,0.8838834764831844
0.7064524694636218,0.7064524694636218,0.005247174818989473,0.08830655868295273,0.125,0.10349723799891075,0.8838834764831844
0.6954689146469969,0.6954689146469969,0.005281734627993782,0.08693361433087461,0.125,0.10254816656308267,0.8838834764831844
0.6987775710868988,0.6987775710868988,0.00528848192665897,0.08734719638586234,0.125,0.10283535393038716,0.8838834764831844
0.6927425716539574,0.6927425716539574,0.005290040218719925,0.08659282145674467,0.125,0.10231067961165048,0.8838834764831844
0.7014336446139682,0.7014336446139682,0.005248331211918744,0.08767920557674602,0.125,0.10306508967223253,0.8838834764831844
0.6942332896461337,0.6942332896461337,0.005274551643977499,0.08677916120576672,0.125,0.10244062814264716,0.8838834764831844
0.7049767750497677,0.7049767750497677,0.005253804153907659,0.08812209688122097,0.125,0.10337043667782361,0.8838834764831844
0.7058591697320021,0.7058591697320021,0.005222606412515565,0.08823239621650027,0.125,0.10344628417404698,0.8838834764831844
0.705121505095375,0.705121505095375,0.005212058741964146,0.08814018813692187,0.125,0.10338288253773657,0.8838834764831844
0.697870102550618,0.697870102550618,0.005265092283592691,0.08723376281882725,0.125,0.10275669815703888,0.8838834764831844
0.7009087317265903,0.7009087317265903,0.005254433529210847,0.08761359146582379,0.125,0.10301974448315912,0.8838834764831844
0.7071940536235731,0.7071940536235731,0.005242596561590113,0.08839925670294664,0.125,0.10356087700202146,0.8838834764831844
0.7014649597466015,0.7014649597466015,0.0052571697931903605,0.08768311996832519,0.125,0.10306779398076327,0.8838834764831844
0.6955658504301787,0.6955658504301787,0.005294178441147744,0.08694573130377234,0.125,0.10255659640905543,0.8838834764831844
0.6973423244744149,0.6973423244744149,0.005282649645428889,0.08716779055930186,0.125,0.10271091376489835,0.8838834764831844
0.7061339035146331,0.7061339035146331,0.00526599450169839,0.08826673793932914,0.125,0.10346988329286441,0.8838834764831844
0.6990445859872612,0.6990445859872612,0.005283638226380231,0.08738057324840764,0.125,0.1028584817244611,0.8838834764831844
0.6923382294561334,0.6923382294561334,0.0053091037570772125,0.08654227868201668,0.125,0.10227539291578701,0.8838834764831844
0.705476727224506,0.705476727224506,0.005249122211386245,0.08818459090306326,0.125,0.10341342041831895,0.8838834764831844
0.6967256403485609,0.6967256403485609,0.005281850365499671,0.08709070504357011,0.125,0.10265738074857989,0.8838834764831844
0.6941485864562787,0.6941485864562787,0.005283623445105498,0.08676857330703484,0.125,0.10243325054330953,0.8838834764831844
0.695075003318731,0.695075003318731,0.005304303499423029,0.08688437541484137,0.125,0.1025139008536299,0.8838834764831844
