Majority Class Accuracy,Accuracy,Standard Error,Precision,Recall,F1 Score,Euclidean Distance
0.08652952886529529,0.09807564698075646,0.0034262892158018667,0.09156915339518369,0.09646604348222594,0.09395383502386868,0.9072548773289707
0.07911561001598295,0.09736281299946724,0.003421299038813457,0.09317051373573694,0.09709682770624183,0.09509315945595002,0.9066266271353182
0.08267613038906414,0.09095688748685594,0.003296664744342033,0.09003628492503381,0.09094641530594051,0.09048906167214646,0.9128027720854064
0.08161648177496038,0.09772847332276809,0.00341250959190448,0.09437797367045857,0.09833034561533587,0.0963136288447237,0.9053884044774748
0.0798004987531172,0.1040819005118782,0.003498426670877531,0.0946758021684589,0.10249896833080697,0.09843218808964958,0.9011962660877411
0.08066870107469816,0.09791694308080139,0.0034233628118111137,0.09505491907597298,0.09863727146027519,0.09681296732277485,0.9050824675597225
0.0812202852614897,0.09376650818806127,0.0033499523009566214,0.08814581987541294,0.0940140086922026,0.09098539388306882,0.9097210416105811
0.08279753313213489,0.09434457420286052,0.0033483741483379317,0.09208305772916077,0.0947184753131211,0.09338217613344782,0.9090176247764562
0.08584992746933931,0.0965317156798101,0.0033913369389342966,0.0945895157830834,0.09644203953980013,0.09550679525991287,0.9072839074541227
0.08103448275862069,0.0883289124668435,0.0032680211585922134,0.08589916081679673,0.08933066229741304,0.08758131224677575,0.9144272511212088
0.08217546645494243,0.09461426491994178,0.0033668240633178462,0.09121904811688557,0.09422042871772425,0.09269544939949473,0.9095131119942671
0.08626877575435332,0.09544064867738934,0.0033875810452229883,0.08796002999862303,0.09495524555818431,0.09132387901884745,0.9087755218235718
0.08395621996796583,0.09236518953550454,0.003345113442403516,0.08894536495555673,0.09288563586384611,0.09087280764894899,0.9108535097085617
0.08280507131537243,0.09376650818806127,0.0033499523009566214,0.0910297630722658,0.09282301431003497,0.09191764324262482,0.9109148691760935
0.08298097251585623,0.09976215644820297,0.003444855307631025,0.09661498899981125,0.10127017077891572,0.09888782409711322,0.9024395528335096
0.08140598458120998,0.09251274010192082,0.0033121132944794966,0.09096726122678193,0.09272534158312971,0.09183788831022012,0.9110154312744493
0.08271177410761854,0.09296750133191263,0.003351312075133439,0.08989719761918734,0.09293267012513652,0.09138973532706628,0.9108074896718668
0.08679593721144968,0.0925999208547685,0.0033292121109318247,0.08760807015527537,0.09153131275267122,0.0895267309607859,0.9122125435852035
0.08218277449046679,0.09362261669953978,0.0033403756445440132,0.09477368283984784,0.09346184815461528,0.09411319433515529,0.9102783710576035
0.08908007941760424,0.09477167438782264,0.003369776598603217,0.09155663482279353,0.09484001417232407,0.09316940611299812,0.9088937222622451
0.08842909857670005,0.0944913020558777,0.00335798358465786,0.08992989406308351,0.09325808338163882,0.09156375517675776,0.9104749599095038
0.08196721311475409,0.09915388683236383,0.0034364055838400527,0.0931250505576411,0.09863799411514308,0.09580227727976488,0.9050778578261577
0.0853156146179402,0.09142857142857143,0.003322517313176724,0.0888644688368837,0.09272105532418463,0.09075180821209465,0.9110248400512014
0.08165149716396254,0.09774436090225563,0.0034107305396570424,0.09530290781806434,0.09812259838040699,0.09669220085919343,0.9055947788740238
0.08425543260898546,0.08972137048393547,0.003299708231303855,0.08628198697667265,0.08902831811175699,0.0876336411598734,0.9147261077081092
0.08255184255712587,0.09338264430062079,0.003344016988020969,0.0893658495677518,0.09304236934240191,0.09116705849943968,0.9107000157049968
0.07960132890365448,0.09674418604651162,0.0034077252184528724,0.09417705594886137,0.09612941014864039,0.09514321844704145,0.9075935169029531
0.08365270252411788,0.0966036738469671,0.0033960503035678287,0.09284204348293086,0.09654992038385347,0.09465968590785946,0.9071758398702726
0.07953637090327738,0.09339195310418331,0.003358615080218371,0.09080140913371908,0.09380019638137542,0.09227644564285256,0.9099380182660941
0.08775645268034414,0.0956982131039047,0.0033844754989111525,0.09028864674477066,0.09508875090130788,0.09262655262774747,0.9086409535977259
