Majority Class Accuracy,Accuracy,Precision,Recall,F Score,Support
0.6014968487394958,0.5628939075630253,0.3971719048861292,0.5628939075630253,0.45198295886447576,
0.6060366416238302,0.5750626070910768,0.40455446078523677,0.5750626070910768,0.46123156441302776,
0.5991822738063836,0.5658137694539699,0.39967395586554355,0.5658137694539699,0.45370783452888946,
0.5902714042218434,0.5564442113543988,0.3791405405373309,0.5564442113543988,0.4380674847752236,
0.6024064171122995,0.5725935828877006,0.40280329832581285,0.5725935828877006,0.4575127311033915,
0.6170813718897108,0.5878950907868191,0.41409874635564003,0.5878950907868191,0.4742220489347383,
0.6037685774946921,0.57776008492569,0.4062999047163945,0.57776008492569,0.45715693290646414,
0.6102550478214666,0.5106269925611052,0.4062127970449696,0.5106269925611052,0.4475901180274138,
0.6095817893065114,0.49629433562731606,0.39451733344416884,0.49629433562731606,0.43821721006955494,
0.6101178651834194,0.5690637001721627,0.40130368115457066,0.5690637001721627,0.4591775964480944,
0.6032644464920364,0.573384230617349,0.39475735477793944,0.573384230617349,0.4547787557372553,
0.6095238095238096,0.5777777777777777,0.40163738450522324,0.5777777777777777,0.462227869150472,
0.6062080757595686,0.5700381428383533,0.40485565264595896,0.5700381428383533,0.46060110674180793,
0.6067489495798319,0.5711659663865546,0.3989282826789389,0.5711659663865546,0.45782328260084937,
0.6052561720201752,0.5618529333687284,0.39520256963479344,0.5618529333687284,0.45403549405531973,
0.6145083147832918,0.5792850595783685,0.41020200388198835,0.5792850595783685,0.46736084688645363,
0.6022531477799867,0.5733598409542744,0.38961793942968886,0.5733598409542744,0.4525950832943351,
0.6024811930843341,0.5718622145968061,0.4007828514584705,0.5718622145968061,0.45376465712864555,
0.6096560846560847,0.573941798941799,0.40268543196535933,0.573941798941799,0.46079653325979975,
0.6071663812409432,0.5170596759320247,0.40371528982979876,0.5170596759320247,0.4471672234857351,
0.6070249570843788,0.5755975174963687,0.398116105349242,0.5755975174963687,0.45848751155122086,
0.609846479618846,0.5805982001058761,0.4033962553631876,0.5805982001058761,0.4630374007635081,
0.605304829770388,0.5703351807864872,0.40536406748320375,0.5703351807864872,0.45841623030964646,
0.6010582010582011,0.5736772486772487,0.39599519586389886,0.5736772486772487,0.4530588304915749,
0.6002918546033431,0.5614221278853807,0.38220509828827803,0.5614221278853807,0.4463536098186205,
0.6047731445056386,0.5725150799895096,0.4013817419177463,0.5725150799895096,0.4561082122038058,
0.6165981704891953,0.5863714702373061,0.41390117435774665,0.5863714702373061,0.47520748081056297,
0.6054359243697479,0.5714285714285714,0.40528770474987397,0.5714285714285714,0.4590516073650562,
0.6087649402390438,0.5767596281540505,0.39829179100726275,0.5767596281540505,0.4606450663777432,
0.6133050622846541,0.5807050092764379,0.4211326440064582,0.5807050092764379,0.4748580871603662,
