Majority Class Accuracy,Accuracy,Precision,Recall,F Score,Support
0.6961223951463994,0.672909522553416,0.5022563089245093,0.672909522553416,0.5679691732709751,
0.6905764674914451,0.6735983153461437,0.4997519721392053,0.6735983153461437,0.5632763429314945,
0.6907807087663203,0.6703970157207567,0.5055385623267574,0.6703970157207567,0.5639239115498168,
0.7020208691057984,0.6863029982829216,0.5250876342471067,0.6863029982829216,0.5825298702666576,
0.6961975178241352,0.6771851069448112,0.515715139705035,0.6771851069448112,0.5744040945975571,
0.6905357377912333,0.6742135053310517,0.5077454116814931,0.6742135053310517,0.5669727479841828,
0.6922874440642274,0.660963411424059,0.5006366427993579,0.660963411424059,0.5628813092344044,
0.6836373179372786,0.6652670253247606,0.4976369042235877,0.6652670253247606,0.5564902536905691,
0.6939151005388355,0.6740701800499409,0.504937392431332,0.6740701800499409,0.566608894699252,
0.695508148933351,0.6015635351795415,0.5062297438878229,0.6015635351795415,0.5482213365305726,
0.6922561629153269,0.6706859592711683,0.49650845220222717,0.6706859592711683,0.5635500038019337,
0.6888032939301368,0.6751228582813122,0.49902322793660614,0.6751228582813122,0.561994601786562,
0.6996172627689059,0.6815362280585984,0.5152327155730149,0.6815362280585984,0.5748466939717154,
0.6955546761640945,0.6727344677483181,0.5060237820967618,0.6727344677483181,0.568172255793152,
0.6997751620156064,0.6807300621610898,0.504242146023651,0.6807300621610898,0.5726450335906313,
0.7006730896133034,0.6771809423254587,0.5237600268088755,0.6771809423254587,0.5768144331827215,
0.69394261424017,0.674548352816153,0.49344696098098506,0.674548352816153,0.5640574713538761,
0.7031623704491098,0.6817698644698379,0.5178681241788123,0.6817698644698379,0.5784624628605537,
0.6902876748482449,0.6702296120348377,0.5012128454364561,0.6702296120348377,0.5635744193421544,
0.6923783287419651,0.6765053128689492,0.517259628608507,0.6765053128689492,0.5676208653431559,
0.6999339933993399,0.6805280528052805,0.5177188906641644,0.6805280528052805,0.5761040371602387,
0.6951780317960846,0.6792799894888977,0.5141700383607994,0.6792799894888977,0.5706784296664769,
0.6970576593218103,0.6573426573426573,0.51654636036007,0.6573426573426573,0.5647384105049841,
0.6978521544340492,0.6782184741072605,0.524017772233705,0.6782184741072605,0.5734902459394976,
0.6928251121076233,0.6751516750197837,0.5122414620700394,0.6751516750197837,0.5666004254881933,
0.7067212465337382,0.6900831902812624,0.5276931763431307,0.6900831902812624,0.5849342049828606,
0.7017659462308908,0.6771217712177122,0.5184431621203568,0.6771217712177122,0.5786600627894833,
0.6909740603493912,0.6723133933298041,0.5056864394211321,0.6723133933298041,0.5636994694440621,
0.6966868261898501,0.6828819353142256,0.5162162704482145,0.6828819353142256,0.5737350000111819,
0.7004510480233483,0.6853276731228443,0.52252647234386,0.6853276731228443,0.5797586709793695,
