Majority Class Accuracy,Accuracy,Precision,Recall,F Score,Support
0.47767916280302025,0.4763544840376209,0.23550834238067753,0.4763544840376209,0.3087863910357,
0.4773149376492438,0.4773149376492438,0.2278295497031015,0.4773149376492438,0.3084373465628555,
0.48506967485069674,0.485335102853351,0.29955066830979243,0.485335102853351,0.3180403801705435,
0.47937467157120334,0.4789805570152391,0.258026730646901,0.4789805570152391,0.3110978035738228,
0.48533473628830726,0.48480862817308956,0.25055358150216167,0.48480862817308956,0.31730712242149195,
0.4746852046169989,0.4740293809024134,0.237968876406619,0.4740293809024134,0.3056982167408114,
0.47011479086950786,0.4699828473413379,0.27701400852732966,0.4699828473413379,0.30112855921532666,
0.4857256672420661,0.4858584517328376,0.41336083541723867,0.4858584517328376,0.31788862576245963,
0.47205882352941175,0.47205882352941175,0.2792383571055813,0.47205882352941175,0.30302249690638117,
0.4901572202404545,0.4902893380895759,0.2944296034505285,0.4902893380895759,0.322804082537674,
0.4841227838052395,0.4841227838052395,0.23437486979933464,0.4841227838052395,0.31584296441889476,
0.4801219188974291,0.4797243572753777,0.25880357404074666,0.4797243572753777,0.3126199233201079,
0.47763366860772893,0.47763366860772893,0.2281641178034803,0.47763366860772893,0.30881044607762337,
0.47402770378263187,0.4734949387320192,0.2406140076669663,0.4734949387320192,0.30502076475433215,
0.48368111289459603,0.48368111289459603,0.2860728364161155,0.48368111289459603,0.3161799026558854,
0.46355685131195334,0.46368937185263714,0.3833470420519554,0.46368937185263714,0.2939389911671028,
0.4729837636412031,0.4729837636412031,0.2237136406681975,0.4729837636412031,0.3037557455693595,
0.4817266949152542,0.4817266949152542,0.23206060859397443,0.4817266949152542,0.31322997606822073,
0.4772577455504285,0.4772577455504285,0.22789513769852937,0.4772577455504285,0.30848549931123137,
0.48885959129861567,0.48885959129861567,0.23904673144339536,0.48885959129861567,0.3210860622682255,
0.4752104770813845,0.4750768408392356,0.22582184815189438,0.4750768408392356,0.30612906514892124,
0.48428835489833644,0.48428835489833644,0.23453521069013705,0.48428835489833644,0.3160237832711436,
0.47227735874024085,0.4724096863834855,0.2502199910638092,0.4724096863834855,0.3037880006507567,
0.4829082303444649,0.48277675519326846,0.23316752423732742,0.48277675519326846,0.3144598371741222,
0.47776315789473683,0.4775,0.24995410681603905,0.4775,0.3091495187821808,
0.47744558090742195,0.47744558090742195,0.22795428272802562,0.47744558090742195,0.3085789225319825,
0.48263614838200475,0.48250460405156537,0.23299676128786437,0.48250460405156537,0.3142468078929961,
0.4788006868313301,0.47814027209087306,0.2491036944204745,0.47814027209087306,0.31044191404390337,
0.48346890579900287,0.48346890579900287,0.23374218287448512,0.48346890579900287,0.3151291974651677,
0.4743995777249934,0.4746634996041172,0.3122680360497634,0.4746634996041172,0.30591911895781093,
