Majority Class Accuracy,Accuracy,Standard Error,Precision,Recall,F1 Score,Euclidean Distance
0.35561143462149286,0.3080995235574378,0.005311550972637674,0.08801051555558331,0.08474221898899632,0.0863454509383883,0.9189679314506598
0.3679872374368519,0.31547460781706993,0.0053580939134640635,0.08341503288472556,0.08522498146730813,0.0843102944341027,0.9185057971952129
0.3596143687268885,0.28090332805071316,0.005164957818652124,0.0781675347042947,0.08262846288674237,0.08033611951821348,0.9211722160644367
0.36578947368421055,0.3207894736842105,0.005354334044511312,0.08112822250640375,0.08521119746341549,0.0831195995405465,0.9184952425149618
0.35776545166402535,0.29701531959852084,0.005251181784357736,0.08290812322761083,0.08380291456154056,0.0833531175792762,0.9199831020828243
0.35719019218025183,0.2744864148442677,0.0051375206417713475,0.07855424983999502,0.08498955922054859,0.08164529256293004,0.9187454074167436
0.3779496067191041,0.3156912411678443,0.005366581546574495,0.10861873475863988,0.0843880735901845,0.09498240876061473,0.9193715749130812
0.3684210526315789,0.28543020018560256,0.005199962790222794,0.07939553053894656,0.08470030277319174,0.08196217222280347,0.9190618052938141
0.36267232237539765,0.3088547189819724,0.005319379243744306,0.09155085841175904,0.08551355738440465,0.08842928206871348,0.918236976733677
0.3632031767041694,0.299669093315685,0.005270543341198771,0.07611310213255236,0.08126177825109561,0.07860321815553384,0.9225598585293109
0.35480478506638624,0.3048507953200999,0.005278080056248042,0.08206402348873489,0.08470943189299261,0.08336574657726477,0.9190137487194759
0.3665785997357992,0.3084544253632761,0.005308330643328642,0.08773166299992001,0.08648062098629698,0.08710165004201285,0.9172525877141643
0.36362442547603413,0.28378200919238344,0.005166305558671217,0.07861334328139298,0.08446623127856161,0.08143475788558552,0.9192632213412268
0.361469581248354,0.31314195417434815,0.0053219259484382974,0.08403424906090319,0.08428973815847379,0.08416179971373802,0.9194515797066607
0.3644234553325462,0.2992260264987538,0.005244761028183737,0.07645092369677516,0.08259098990175749,0.07940243328509153,0.9211965453542467
0.36386268343815514,0.31118972746331236,0.005299601971039349,0.0912724343594789,0.08675624107124265,0.08895705480358446,0.9169430190659982
0.35922201640645673,0.3122519184969569,0.0053304491862921945,0.08149797631583187,0.08593753018441042,0.08365889584596599,0.9177672272041548
0.35917826375082834,0.2941020543406229,0.00524554196754098,0.07900537306328968,0.08340036541845262,0.08114340102877927,0.9203202157754236
0.355805733734782,0.26914517607016625,0.005074469003557119,0.08507962106920464,0.08597713325960278,0.08552602260046067,0.917752129272117
0.36661817219944454,0.3207247718555747,0.005367839501056996,0.10692892436911133,0.08838188594125967,0.09677477639250319,0.9152934440410464
0.3651700318809777,0.304596174282678,0.005304457263133273,0.08002213496467263,0.08278793269131388,0.0813815413094567,0.9209882856095396
0.36620644312952005,0.31032215647600264,0.005304933206762969,0.08325013778180562,0.08592485947043442,0.08456635443747565,0.9178014262782773
0.36785243741765483,0.3208168642951252,0.005357980809066529,0.10242495692850466,0.08623871417477903,0.09363749293403449,0.9174531166719724
0.3648079957916886,0.3039189900052604,0.005274578466662413,0.07335058179820468,0.08165932250327189,0.07728227227613564,0.9221354627886782
0.3577736151993578,0.2766925341182767,0.005174681778308158,0.079669090514739,0.08125038141866499,0.08045196661196574,0.9225539051300172
0.3561046511627907,0.28514799154334036,0.005189824448811281,0.08230807768569116,0.08600875601947594,0.08411773458739155,0.9177110801304083
0.37218543046357616,0.27788079470198673,0.005155374725594177,0.07937019972960188,0.08234900432895063,0.0808321678204179,0.9214444076072977
0.3651618058330004,0.272739379411373,0.005139583283791179,0.07029199458007189,0.07982184016318453,0.07475442041325893,0.924010098307571
0.3669579030976966,0.3084458564998676,0.005313908522902052,0.08023338575937515,0.08578512347545143,0.08291642824579316,0.9179660757952882
0.3608521970705726,0.2707057256990679,0.005127198768667282,0.09287232309576993,0.0849276760019665,0.08872250399834693,0.9188205430414175
