Majority Class Accuracy,Accuracy,Standard Error,Precision,Recall,F1 Score,Euclidean Distance
0.05455025756174878,0.05600316999075419,0.002642499720663691,0.055800797555792,0.05596292774141728,0.055881745051428004,0.9453440482119446
0.053273848576302324,0.052617766697283824,0.0025575424017476576,0.050244184635486175,0.05328328446521881,0.05171912741441402,0.9480271109168903
0.04857067231339333,0.057173107464266806,0.0026709509027944447,0.05027788884046759,0.057051610976567524,0.05345100013955699,0.9442535235482263
0.050997489760866696,0.05443255383802352,0.0026076923849779983,0.05260262003347088,0.05441028343046411,0.05349118419482451,0.9468983575714492
0.052812252442566675,0.05400052812252443,0.0025970589052025264,0.0497645190993125,0.05375996743085062,0.05168514262973893,0.9475493762871485
0.05171042163882259,0.050119331742243436,0.0025124295712644546,0.050447883696855836,0.05076346362930325,0.05060518166936346,0.950550595148011
0.04972302822474281,0.05170139804800844,0.0025429147948570047,0.053238788004485636,0.051758982213620595,0.05248845714865868,0.9495535486613482
0.05187243615191214,0.05491597194653963,0.0026206549190620947,0.0515982061366385,0.05525379923208057,0.05336347058291076,0.9460538605230547
0.05532027527792483,0.05002646903123346,0.0025078970410462795,0.050177542964905994,0.0494717957118147,0.0498221701788483,0.9518441101698506
0.04903770102820986,0.04798312681254943,0.0024539187348220186,0.04473702355642255,0.048226970912980296,0.046416489439876876,0.9530900124918807
0.05041246562786435,0.052376587665313605,0.0025493243611122624,0.051810212327621064,0.05285261833842163,0.05232622432927895,0.9484588357715534
0.04831298411448077,0.054352107128790864,0.002597651851143026,0.04887484333413865,0.05457353863125887,0.051567228024591384,0.9467350209722228
0.049522039298990975,0.05058417419012214,0.002525110628169827,0.04872636898621249,0.048756630869506476,0.0487414952307247,0.9525595666692313
0.050975706889685383,0.04924996681269083,0.0024931715474496674,0.05004834747514213,0.05089327973286558,0.05046727734973549,0.9504206085795309
0.04381204500330907,0.05731303772336201,0.0026741959690304343,0.05640051219978155,0.05655966552680489,0.05647997674510249,0.9447460134360957
0.04908946951702296,0.05410398522037477,0.00259871722633297,0.055780732595628546,0.05442050523457389,0.055092224188734294,0.9468883793873503
0.0475375296286542,0.05135633394785357,0.002532872136082209,0.052950210151828804,0.05122261906751435,0.05207208951656924,0.950090638022043
0.05401459854014599,0.05136031851360318,0.00254286245439049,0.049898062143729896,0.051496968677881935,0.050684908766849904,0.9498157659692472
0.04892238529683988,0.052756842522808406,0.0025705324212009707,0.046069515496299125,0.051691989684830374,0.04871907230576283,0.949620278943804
0.04761278442719979,0.05563593318426937,0.002628784104700996,0.054130690468286315,0.055908195637195526,0.055005086652302304,0.9453981237319735
0.04950363997352746,0.053606882859033755,0.002591366436680798,0.050944708982540075,0.05326805073950719,0.052080481319741044,0.9480422381759426
0.04967631126965253,0.05337561104505219,0.002583693675164316,0.05882224016373537,0.0542562978249543,0.05644708603101736,0.947053114742722
0.04859739233504544,0.055577505597260636,0.0026292143073941548,0.057106460599750684,0.0561239196898294,0.056610927213599664,0.9451829700422014
0.04824387011265739,0.05632869449966865,0.0026542730388118526,0.05641791972440263,0.05602921880121503,0.056222897443100175,0.9452776981368155
0.04742458174153603,0.05150836516927941,0.0025369163053309287,0.04877377636955943,0.050066640972147115,0.04941175312743501,0.9512476198227263
0.05047443331576173,0.053373748023194514,0.0025804144278682726,0.05501031044447302,0.052971476636707274,0.05397164564977425,0.9483391791738986
0.050542471553320985,0.05027785128340831,0.0025135249118781147,0.04652205247902666,0.050327224392087824,0.0483498865439803,0.9509869685111748
0.04823747680890538,0.05274317519215478,0.002573111505115614,0.05215339828766574,0.05252075154838818,0.05233643030606511,0.9487908261322561
0.05344918378093733,0.04765666140073723,0.002444365263401901,0.04348301489544025,0.04815035031297887,0.04569781749514005,0.953166894924787
0.04994023110638863,0.05140124850577766,0.002544834007270747,0.0563601807461077,0.05234107523723155,0.0542763270604368,0.948971527783948
