Majority Class Accuracy,Accuracy,Precision,Recall,F Score,Support
0.8841623036649214,0.8798429319371728,0.786934726227811,0.8798429319371728,0.8282460809386866,
0.8782493368700265,0.8722811671087534,0.7746302996900999,0.8722811671087534,0.818988791409845,
0.8743559254855331,0.868939093671555,0.7684241771928079,0.868939093671555,0.8136922258340389,
0.8769741207697412,0.8732581287325812,0.776662657985114,0.8732581287325812,0.8186011212359724,
0.8730957742747384,0.8666048483242813,0.768725007010705,0.8666048483242813,0.8118179626963297,
0.8832339297548045,0.8768721007289596,0.788766651215409,0.8768721007289596,0.8267575362697819,
0.8810695756285752,0.8737528269256353,0.7846196909787931,0.8737528269256353,0.8235502289862778,
0.8787878787878788,0.8752150324202725,0.7849103243063468,0.8752150324202725,0.8216402046036477,
0.8767885532591415,0.8729464758876524,0.7743641492848959,0.8729464758876524,0.8178007054598342,
0.8834656084656085,0.8792328042328043,0.7884869892388244,0.8792328042328043,0.827708890040171,
0.8786057692307693,0.8751335470085471,0.7828407093862257,0.8751335470085471,0.8211999132511303,
0.8766225076943663,0.8700655693831125,0.7769582715193516,0.8700655693831125,0.8172448724600954,
0.8798351721387744,0.8763791040808189,0.782578355099861,0.8763791040808189,0.8226645383135172,
0.8756304751791877,0.8713830634457128,0.779626686313884,0.8713830634457128,0.8164902140838082,
0.8775754353316496,0.8707962249102752,0.7847242738672364,0.8707962249102752,0.8189758865906179,
0.8739417989417989,0.8685185185185185,0.7690829681328216,0.8685185185185185,0.8132174752060403,
0.8787236859526016,0.8713094134780882,0.7800658988424757,0.8713094134780882,0.8199714767324994,
0.8810846560846561,0.8767195767195767,0.7843068396093662,0.8767195767195767,0.8239968913657579,
0.8755307855626328,0.8702229299363057,0.7777865858953209,0.8702229299363057,0.8163262137499204,
0.8798146922567835,0.8724023825281271,0.7827803891007439,0.8724023825281271,0.8209227180334094,
0.872773198617389,0.8690507843658601,0.7672354204814955,0.8690507843658601,0.8122879229333516,
0.8775966342361293,0.8744412306074152,0.7996741406088196,0.8744412306074152,0.8200330883360247,
0.8741397564849126,0.8614346214928533,0.8122307845503381,0.8614346214928533,0.8119620367963339,
0.876197978206643,0.8696337140606538,0.773400438715708,0.8696337140606538,0.8162019908974509,
0.879211612731389,0.8733519776268478,0.7821953674749959,0.8733519776268478,0.8213070242974205,
0.8752620545073375,0.870020964360587,0.7761976341320758,0.870020964360587,0.8159458779367619,
0.8691910499139415,0.8632331523897789,0.7664940652110062,0.8632331523897789,0.8072610783361928,
0.8737233054781801,0.8688154927709245,0.7653375130801315,0.8688154927709245,0.8126335919367254,
0.87735348713869,0.8728453990983824,0.7769734370371972,0.8728453990983824,0.8185165142605008,
0.8801959226899656,0.8730473921101404,0.7811801943693039,0.8730473921101404,0.8218697699978504,
