Majority Class Accuracy,Accuracy,Standard Error,Precision,Recall,F1 Score,Euclidean Distance
0.48308097432521396,0.43489137590520077,0.005688430760058456,0.0567416733288003,0.05126148833029422,0.05386254588299336,0.9500312783295715
0.4824780154875968,0.4328652054075338,0.005676367416536423,0.10290147659621521,0.05281830504989428,0.06980592347984764,0.9484642488580101
0.47782019218112415,0.42714229301039885,0.005675297134870476,0.05122786886811701,0.051120458116931645,0.051174107130736064,0.9501790115698052
0.4707051961823966,0.41065747613997877,0.005663995717288413,0.048101903098901895,0.050687369304087036,0.04936080340095067,0.9506048759703128
0.4769068355766693,0.41897598310899975,0.005667797249784703,0.04142215136633533,0.04936275530691006,0.04504518641059052,0.9519437493217033
0.4832669322709163,0.43359893758300133,0.005710953792067078,0.058613419284998435,0.051892493151159035,0.055048574175974786,0.9493921555867512
0.46990188278971096,0.41553964465658977,0.005674668508878935,0.04683218077453678,0.050515556184461206,0.04860418399152703,0.9507808721807647
0.4719736842105263,0.41342105263157897,0.005648754938183702,0.046059426874264196,0.04997320724258142,0.0479365646028524,0.9513325907354068
0.4797396040919357,0.4178291483990966,0.005684779675686446,0.05777049980375974,0.05042452843055943,0.0538481343799548,0.9508983648157973
0.4752527241696206,0.4142050676119207,0.005644019835400356,0.054003467698569584,0.05142540512499495,0.052682915603225446,0.9498669817273927
0.4783942384635903,0.41917844758602296,0.005698336818761475,0.05567122190386774,0.0500174018016893,0.05269308610762712,0.9512967310134056
0.4772096710265557,0.4233055885850178,0.005679114435013693,0.04906130345784813,0.05055395807597605,0.04979644765212268,0.9507527504523561
0.47981060107852164,0.4229909246350125,0.00566584059195973,0.043390618541043015,0.05000632662144613,0.04646416302578232,0.9512985000343311
0.4765873015873016,0.4267195767195767,0.005688449956294782,0.04402986334845113,0.04944513795406047,0.04658063946566858,0.9518615677904081
0.4795730100158144,0.43212967843964156,0.005686800226622494,0.03970254380686818,0.04995697234311816,0.044243354594802886,0.9513328752236087
0.47028728846910667,0.424373606191788,0.005660849023767476,0.042438750750056244,0.0502893053329613,0.04603170571177075,0.9509953050723247
0.4708847327231728,0.41000132643586684,0.005664496031251291,0.060422761796304944,0.05146267287759696,0.05558394323170148,0.9498468120343605
0.4853489611081513,0.42927543953116676,0.005712407359001503,0.05565267689403539,0.05161857151590112,0.05355976974050029,0.949689688372954
0.48190854870775346,0.42796554009277665,0.005696208458262688,0.04677995594089563,0.05026418287824193,0.04845952139018991,0.9510359036167767
0.46986211424819435,0.4081418253447144,0.005632217563978163,0.046485377468797946,0.05000428120904697,0.04818066348061798,0.951304299486111
0.4845360824742268,0.4128998149616706,0.005660376044126024,0.09247023003023007,0.05010416315802387,0.06499264544057481,0.9512200401153533
0.48282241014799154,0.4351215644820296,0.005698915791658531,0.03947036739233842,0.0496884008335519,0.04399386566376005,0.9516001889478466
0.47287438652341157,0.4199495954370606,0.0056842684352657324,0.050952586543636026,0.05087005504171706,0.05091128734506261,0.9504354984353554
0.4718207134332317,0.41241214693011535,0.005668754619938133,0.049515325465712676,0.04944723700595869,0.04948125781264293,0.9518798731162155
0.479852028008984,0.42568370986920334,0.005683290170398247,0.040404921240800674,0.050280416433850186,0.04480495564239951,0.9510214458156664
0.48474801061007955,0.4324933687002653,0.005705445008885053,0.064944618443558,0.05125406991096213,0.057292832839750334,0.9500467531317965
0.48811410459587956,0.42393026941362916,0.005679098991715294,0.053198407311851124,0.05042365833359648,0.051773882280296536,0.9508936517647458
0.4675925925925926,0.41534391534391535,0.0056675226632967,0.041106841588391105,0.049119404210832766,0.044757344161342076,0.9521988367788619
0.47897381645067444,0.41338270298862734,0.0056628524518908515,0.04818685379433481,0.049725409227996425,0.048944043378640736,0.9515778562581201
0.47120488322717624,0.4229033970276008,0.005690814126349848,0.05703996444463024,0.05148760500442001,0.054121753093715565,0.9498076776817528
