Majority Class Accuracy,Accuracy,Standard Error,Precision,Recall,F1 Score,Euclidean Distance
0.37519768054823405,0.37177121771217714,0.005547957630366548,0.05256857670609407,0.08447190822365014,0.06480665898462942,0.9192755991005452
0.3866423167231933,0.38025045656144013,0.005544451289818771,0.048529090216871164,0.08357371885624408,0.06140303254095599,0.9201887479916264
0.3756493938990276,0.3733848408152391,0.005582716595499816,0.048720432747360536,0.08353245005745892,0.061544777383081346,0.9202357682588678
0.3763043191124026,0.3707568352925637,0.0055510765129450235,0.045324584778566275,0.08304485627905701,0.05864282959920929,0.9207308008914411
0.3751817100568257,0.3697634465442051,0.005549475205401514,0.0607178524448605,0.0835101268640035,0.07031306387121403,0.9202548933024441
0.3776574673181038,0.371715304370791,0.0055532788718336045,0.052865410758527555,0.08414101474849138,0.064933440747134,0.91962387878572
0.36996578046854434,0.36575414582784943,0.005525528238170291,0.04717763254703559,0.08329590453389814,0.060237557204195005,0.9204828838620577
0.381224273004913,0.38056035055105564,0.005594804888413196,0.05516685259098441,0.08433949036739245,0.06670297757120452,0.9194091076149506
0.38575003292506255,0.3839062294218359,0.00558122188443449,0.050676609694205,0.08341951397284547,0.06305056454843538,0.9203577192744625
0.37706855791962174,0.37247176254268455,0.005540601015001684,0.04815366558324305,0.08334266308404238,0.06103979886952263,0.9204322042498481
0.37263714474553866,0.3643093192333113,0.005532909881653835,0.04642866990805918,0.08287767768079936,0.059516031680410794,0.9209078770396208
0.3684002111932418,0.36285638859556496,0.0055241577292949855,0.04511047850246397,0.08324642423582733,0.0585131917455813,0.9205205628613972
0.3794414579782352,0.3777369870197981,0.00555143010851897,0.0636710480028143,0.08398432343482287,0.07243041464510448,0.9197712161359028
0.3745239658568615,0.3684832567301379,0.005527978692325869,0.0460908237038048,0.08318045299625551,0.05931488715081664,0.9205929920958531
0.36755185625578013,0.36662703131193025,0.005538890132558961,0.05384813018837803,0.0839984417714924,0.06562599220021206,0.9197627134734876
0.37914255654918466,0.3749342451341399,0.005551615166067298,0.047766172419744325,0.08313459527703591,0.0606722402308147,0.9206480458608728
0.3669216565549987,0.3634924821946716,0.005524049928788796,0.05071351149881265,0.08397493631957272,0.06323725557216484,0.9197858468804638
0.3749176656566987,0.37057041233039123,0.005543186002405286,0.04599950205666489,0.0830983273036447,0.059218372557464816,0.9206825294599007
0.3818086363039769,0.3777398608741305,0.005554352165659918,0.05073387494039385,0.08450322235030412,0.06340236518926688,0.9192260200394415
0.37219138250066086,0.3702088289717156,0.005551220796297887,0.05055609622781115,0.0841365613360286,0.06316032615460612,0.9196093913078679
0.38474710221285563,0.37947839831401475,0.0055692136912645,0.051381100604046666,0.08336892653729772,0.06357827590151138,0.9204186962357876
0.3819691577698695,0.3803875049426651,0.005573630356250438,0.04802334172333045,0.08351086706474231,0.06097989175003731,0.9202564561558738
0.3753294675803901,0.37308908803373747,0.005551949754446184,0.05352575395737905,0.08451917872746974,0.06554319202102549,0.9192224770061997
0.37276315789473685,0.37223684210526314,0.005544990336054942,0.09568025009765428,0.08422358625869782,0.08958712566185953,0.9195293848895423
0.3740950375148085,0.37185731209688033,0.005544932375389767,0.051302704462395675,0.08395593455327367,0.06368785801181777,0.9198003174147792
0.375788643533123,0.37131966351209256,0.005539284364181522,0.04782127168606392,0.0833412110956707,0.060771687359469265,0.9204329789431309
0.3742518951988296,0.37012900651682407,0.0055682961192801165,0.060834056829443615,0.0833361473082615,0.07032903853635847,0.9204432076585756
0.3774308771001455,0.37293292763593067,0.005562117905269411,0.07404128988577036,0.08391757967849184,0.07867068004002992,0.9198553518897353
0.37674233373158106,0.3736891012876676,0.005573990404113889,0.04879728432593181,0.0835292012036198,0.06160517547699451,0.9202406223626698
0.37367303609341823,0.36889596602972397,0.005558172053472073,0.04875930052498395,0.08338931367357454,0.06153684820141424,0.9203881538393301
