Majority Class Accuracy,Accuracy,Precision,Recall,F Score,Support
0.47780435938330673,0.4069643806485912,0.2781369053424816,0.4069643806485912,0.31917817777648066,
0.48243528790279977,0.4286846275752773,0.27434516355902555,0.4286846275752773,0.323648076328788,
0.48641124221132176,0.4339122365106721,0.2855338885008114,0.4339122365106721,0.3325086460204745,
0.48390501319261214,0.4304749340369393,0.27777802502394894,0.4304749340369393,0.32667993090658815,
0.4745404047083719,0.4219018648326941,0.276842554019219,0.4219018648326941,0.32289315121960355,
0.4763937049879968,0.427047212590024,0.2791678578399971,0.427047212590024,0.3245818766173835,
0.4843007915567282,0.42691292875989445,0.2847019972830529,0.42691292875989445,0.33036219953465695,
0.490375680339838,0.439001725740077,0.29483206973378323,0.439001725740077,0.3372363751610927,
0.4722626770819542,0.41453726995895673,0.27906296510924755,0.41453726995895673,0.3235002057710192,
0.47357293868921774,0.41080866807610994,0.2685768529355821,0.41080866807610994,0.31459306259528935,
0.4916798732171157,0.43396724775488643,0.2793532531850486,0.43396724775488643,0.3297053696900944,
0.483994708994709,0.42777777777777776,0.27775730227307294,0.42777777777777776,0.3264794208424155,
0.4756499934010822,0.4228586511812063,0.2741146759905827,0.4228586511812063,0.3172463539060773,
0.4744186046511628,0.40903654485049834,0.27143805590011083,0.40903654485049834,0.3160632481407519,
0.4779392338177014,0.42443857331571994,0.2714306113027271,0.42443857331571994,0.32137741539671044,
0.48089382520163954,0.4134602670897792,0.27163597453293414,0.4134602670897792,0.3176294300988811,
0.4725477287689269,0.42514812376563527,0.27393421030571463,0.42514812376563527,0.3195680914612618,
0.471144998028132,0.4130406204811358,0.26233587446004164,0.4130406204811358,0.30909719402911745,
0.481461934292123,0.4318511677002243,0.27558185716820716,0.4318511677002243,0.3249023386200779,
0.4812241079780837,0.4276359748763865,0.2731258425246936,0.4276359748763865,0.32064623229757855,
0.4715961513114538,0.4294187425860024,0.27095067667540806,0.4294187425860024,0.31606700993234754,
0.49093315684976835,0.42951687624090007,0.2790747444437534,0.42951687624090007,0.32888163150813127,
0.4672271115197688,0.4108761329305136,0.261922614032712,0.4108761329305136,0.30757251559616616,
0.4770714946478129,0.42738205365402404,0.2870682185087008,0.42738205365402404,0.32873465794933887,
0.4759266587521435,0.40482785912148794,0.27959019654200606,0.40482785912148794,0.3198733617095016,
0.4853562005277045,0.4262532981530343,0.2764781687469925,0.4262532981530343,0.3261349347419964,
0.47975735197151526,0.43439272055914546,0.282087462716351,0.43439272055914546,0.3280603539190474,
0.4799579445393613,0.4244973058220528,0.2784893032014033,0.4244973058220528,0.32294487421318635,
0.47352436286808397,0.4208371847352436,0.27090197817267364,0.4208371847352436,0.31789925290502763,
0.48217339823707406,0.42231285357189846,0.27666675145429565,0.42231285357189846,0.32211148973806153,
