Majority Class Accuracy,Accuracy,Standard Error,Precision,Recall,F1 Score,Euclidean Distance
0.12948312236286919,0.15994198312236288,0.004209075505177712,0.14230190004459675,0.15945165862943722,0.15038943757904286,0.8490790907129778
0.1209098164405427,0.1538973131151902,0.0041617491087205865,0.1648254333636911,0.1545083049729514,0.1595002047582507,0.8540776499649443
0.12514914490255866,0.14039506827522205,0.003999938569712862,0.1338349503510029,0.1400486675664159,0.13687132230104307,0.8686837586344882
0.12552687038988408,0.15081664910432033,0.004107213504751403,0.1295103437615452,0.1505227920662876,0.13922822730834084,0.858104904571253
0.13074484944532488,0.1419704173269942,0.0040109269981441695,0.12653955312462034,0.14213737716347752,0.133885705551913,0.8665722189712483
0.12062359624785308,0.14427269124058661,0.004038689914370726,0.15047199753468385,0.14483755416895688,0.14760102386198726,0.8638481314842604
0.11902259590120862,0.15028901734104047,0.004095904748378675,0.14385574084762143,0.15024642335710747,0.1469816490482972,0.8583825500372302
0.121224060940373,0.15734173890202258,0.004172931713878534,0.1574184679569373,0.16000698736041397,0.15870217331813688,0.8485333015069816
0.12825971261309208,0.15141032464076637,0.0041345974394478196,0.13614042582217878,0.15266852840920608,0.14393153787484667,0.8559479242118483
0.12622128333773436,0.14655400052812254,0.004063724077044335,0.14578770874653643,0.1461201982300913,0.14595376413192093,0.8625499617410679
0.12809972152234453,0.1487866330725368,0.004098139193223297,0.1332274058250813,0.14896795440477603,0.14065868482211463,0.859679938856524
0.12453923117430227,0.15652975250131648,0.004169086012985905,0.14608894151509264,0.15501582646882012,0.15042005584001336,0.8535486103115012
0.12224264705882353,0.1478466386554622,0.004067252554506627,0.13220513436777986,0.1475418399566469,0.1394530812956484,0.8611232240144385
0.1218186638388123,0.14170201484623543,0.004015191094095525,0.12706464142139157,0.14246695877161739,0.13432571926815787,0.8662382525084111
0.1264948179643901,0.140977943130481,0.00401139690958744,0.13349728023288687,0.13962423717801736,0.1364920354467295,0.8691177855862361
0.12488509520682863,0.1540380827314511,0.004136704557516117,0.14695601745278838,0.15285562038412193,0.14984777361541335,0.8557358171697864
0.12712992545260915,0.1477635782747604,0.00409435933726076,0.15053602896596305,0.14753976748175124,0.14902283899565283,0.8611120449464232
0.12059442398737506,0.1551814834297738,0.004152222404719195,0.14314636623127197,0.15415861946869003,0.1484485445019916,0.8544307837913201
0.1221974564048774,0.15523797036842796,0.004146572826108123,0.14500453942776526,0.15222378029968184,0.148526487466264,0.8563679216992801
0.1219350563286945,0.1460569913850232,0.004065799861763362,0.13191183571646445,0.14449750148365578,0.1379181388749648,0.8641840529211026
0.12411254272942414,0.15724428083092296,0.004174073796168716,0.14374459689872232,0.1566881796034821,0.14993756325872704,0.8518695198192394
0.1261249338274219,0.14544732662784543,0.004055797988959059,0.13096582040151553,0.14593563077310998,0.13804607761307702,0.8627381648137845
0.1251827242524917,0.14777408637873754,0.004090941386981307,0.13027533507132164,0.1493847999287752,0.13917718279923447,0.8592525260081263
0.1264973015664078,0.14255627221271555,0.004011205534352717,0.14525738406419342,0.1430421467307309,0.14414125467177688,0.86565234346113
0.1289166224110462,0.13170472650026555,0.00389654093638874,0.11535574634577467,0.13221450717024508,0.12321111228635949,0.8765947517331766
0.12347480106100796,0.1592838196286472,0.004214294300356901,0.1673667472056813,0.16185050023331027,0.16456240958445745,0.8466686356054882
0.13041189630214503,0.15475720489538097,0.004148947650260159,0.14828896786294415,0.15586013681792987,0.1519803179690995,0.8527133337872543
0.12405566600397615,0.15294897282968853,0.004143796764912284,0.13506177276249193,0.15464054428705404,0.14418956855491188,0.8539595835028767
0.12189317821258594,0.14846641988365944,0.00408826696352097,0.1403445899118424,0.1477245330963435,0.14394002939867723,0.860928640079904
0.12666403057862133,0.1465664953209437,0.004060384431384378,0.15392969946046736,0.14724564657369507,0.15051350266485708,0.8614179179966507
