Majority Class Accuracy,Accuracy,Standard Error,Precision,Recall,F1 Score,Euclidean Distance
0.3271621264215816,0.39791060565987835,0.005628658621670004,0.3979528626961737,0.3956015839729094,0.39677373994933857,0.6756437492094628
0.337676010001316,0.4008422160810633,0.005621848111848495,0.4098258417418453,0.4012769962456571,0.40550636751822,0.6694159900941764
0.338866930171278,0.3952569169960474,0.005611827414066978,0.3975574546812021,0.3961857669462073,0.39687042558957236,0.6751824967114809
0.3341295116772824,0.3991507430997877,0.005641320713033219,0.4008062104587749,0.40033362821766144,0.40056977995307974,0.6705495903557486
0.3331130204890945,0.3735624586913417,0.005561808539469748,0.368865524129655,0.37633352937411196,0.372562106480032,0.6973705644713565
0.335447218919276,0.3704584489364513,0.005550890998479874,0.3737307309646452,0.37093238391211053,0.3723262995263973,0.7033873679326678
0.3331565690043749,0.404348402492377,0.005650696311495724,0.38273653379594336,0.4044774150004294,0.3933067600052184,0.6658217822825806
0.34140211640211643,0.3907407407407407,0.005611571734976582,0.3945359565889997,0.39156343195307336,0.39304407417843756,0.680172388524086
0.3306440946964687,0.38434069567517526,0.005594210325966864,0.3758804914260702,0.38528078760437,0.3805225929680072,0.6873060126042124
0.3342981186685962,0.37534534929614527,0.005553926680574825,0.37524179420227294,0.37570592965713145,0.37547371849646866,0.6981543036106922
0.3335542009011397,0.39239332096474955,0.005621001127414728,0.39677216979163726,0.39225405003795616,0.3945001740923896,0.6794632321208094
0.33895603665825474,0.38796652941957765,0.005615857354654451,0.3848218491541419,0.38971941360182494,0.38725514728522253,0.6824474194919783
0.33097746366182157,0.38778503800506736,0.0056265970876337255,0.3872067238883634,0.38855860896869504,0.3878814884993328,0.6836601546580644
0.33634071911901287,0.38039007562690724,0.005592094654116658,0.37807043229089027,0.37961995405688054,0.37884360874194156,0.693439829991026
0.32827149082265944,0.39482371583256304,0.005617053851605678,0.3747177124657782,0.3946911594021519,0.3844451858803807,0.6767421910163778
0.3239936858721389,0.39134438305709024,0.0055975945347980045,0.39374647521282996,0.3942609827963312,0.39400356103786227,0.6774896726169611
0.3345739731490097,0.3981124551375781,0.005643714420077542,0.4028426648665167,0.39756066084530656,0.4001842344135353,0.6735798607355695
0.3357076902783274,0.4039044980873236,0.00563552030481149,0.3988117090652894,0.4045301010514541,0.4016505525717367,0.665817016218047
0.3289975036131914,0.39206411772434635,0.005596114298869282,0.3682736308584163,0.3955563786433669,0.38142775738077145,0.6760190130032204
0.336998277917605,0.3984633726321367,0.005634826246692021,0.3809128964197644,0.3988698322941744,0.3896846070551442,0.6720942965361678
0.33501192684866155,0.3961038961038961,0.005630244700983363,0.40706765947747603,0.39634367194108244,0.4016340934621729,0.6748954783748425
0.3333333333333333,0.3913672851691012,0.005598757843414181,0.38507625421651087,0.39186280446597094,0.38843988913730615,0.6799552185141217
0.3324980216301767,0.4053020311263519,0.005638268163479216,0.40290205953764363,0.40558462778372356,0.4042388932643396,0.664595876518654
0.3265063424947146,0.3713002114164905,0.005553844215791162,0.36178950548223865,0.373399965145607,0.3675030563801375,0.7004942055304128
0.33710228766763084,0.41046542203523534,0.00564046319484627,0.4122975200791363,0.409275505134272,0.41078095462582676,0.6605586201714846
0.325059729227502,0.3991239713299708,0.0056420059197959845,0.3791805835104804,0.3948116151935748,0.38683826239198654,0.6763573601930136
0.33346539883782356,0.3781035393555203,0.005572615919689018,0.3345658291536555,0.37957251391735486,0.35565095775867006,0.6937363882170673
0.332892824104665,0.3840359455530593,0.005591157876119702,0.38032938242351017,0.3835640896008954,0.3819398873278596,0.6891628597473544
0.3384941114198756,0.3881169776366283,0.00560584145544264,0.39152255134166586,0.38847324897876323,0.3899919397147246,0.6838201274036547
0.33040819040021274,0.38904401010503925,0.0056216853704435165,0.39541725430126956,0.3887275236727128,0.3920438531240104,0.6834030942571245
