Majority Class Accuracy,Accuracy,Precision,Recall,F Score,Support
0.4748647578836258,0.45058714870035627,0.2699294069063819,0.45058714870035627,0.31948798883601287,
0.4897633608082957,0.3883275724541345,0.2884850233226922,0.3883275724541345,0.32036719730208296,
0.47473544973544973,0.4260582010582011,0.27314327030424307,0.4260582010582011,0.3236268052490184,
0.4718923198733175,0.4561889680654526,0.26047409982697833,0.4561889680654526,0.3069524646818706,
0.48293788323113834,0.47147427352705945,0.2784903441732952,0.47147427352705945,0.32058272774065766,
0.4805895512567443,0.39860507961573893,0.293860297044246,0.39860507961573893,0.32593605919051966,
0.4744573848597141,0.4186077289571202,0.27357957938072425,0.4186077289571202,0.3146506758362893,
0.47236911686938127,0.45703331570597566,0.2616513913541184,0.45703331570597566,0.308941477580868,
0.48394343861503897,0.41667767939738337,0.285789588541747,0.41667767939738337,0.33354135039038674,
0.47593865679534636,0.40335801163405605,0.2768637883431224,0.40335801163405605,0.32358472367320346,
0.473606842175598,0.3772551115862622,0.26187067371173833,0.3772551115862622,0.30166330152144577,
0.469220607661823,0.43606340819022454,0.27397595087653187,0.43606340819022454,0.3158654899493297,
0.46832101372756074,0.41512671594508976,0.2709072965974707,0.41512671594508976,0.3208846530224356,
0.47460526315789475,0.4125,0.27647943738767516,0.4125,0.3216320449960722,
0.4765386149142629,0.41672205237272364,0.29344493884560724,0.41672205237272364,0.327244206849894,
0.4849197023110067,0.46115680898289596,0.2772870308013429,0.46115680898289596,0.3243510844621723,
0.4806549584048594,0.3822791496104582,0.26221378431592773,0.3822791496104582,0.29762379080668655,
0.47452271231073073,0.41803818301514156,0.27636678720304886,0.41803818301514156,0.3199199641437852,
0.46944407937968197,0.43317124457878825,0.26105391401639955,0.43317124457878825,0.3100901744979422,
0.47543790333201635,0.42552350849466614,0.2768512146877364,0.42552350849466614,0.31715811097092955,
0.4808837147770869,0.4392115359174494,0.2894083034582116,0.4392115359174494,0.32145210934634566,
0.48198316675433983,0.2639400315623356,0.23756645866481643,0.2639400315623356,0.24345252364883824,
0.47467686626219996,0.4225797942495384,0.28020155953878445,0.4225797942495384,0.3196644411355804,
0.47918875927889715,0.46328207847295866,0.2815406795702528,0.46328207847295866,0.32107541124096006,
0.48125,0.32659574468085106,0.28084969856344477,0.32659574468085106,0.2925616604693826,
0.473510371251156,0.46148764698110717,0.2684914534880088,0.46148764698110717,0.31204710949131703,
0.4858615221987315,0.46617336152219874,0.28735300956780585,0.46617336152219874,0.3274250862011636,
0.47163073667504296,0.33897632588281973,0.26411361711010073,0.33897632588281973,0.2805666264050769,
0.48284054910242874,0.45551742344244983,0.297412167038433,0.45551742344244983,0.32715631406753387,
0.4796511627906977,0.4706659619450317,0.26582552754174527,0.4706659619450317,0.3159744752694177,
