Majority Class Accuracy,Accuracy,Standard Error,Precision,Recall,F1 Score,Euclidean Distance
0.46234281932495036,0.4624751819986764,0.005736225846911249,0.09539036544850499,0.1253980197099099,0.10835500171863312,0.8834565345291067
0.4735108065366368,0.4708750658935161,0.0057301804627470036,0.07386403546425868,0.12455166778061966,0.09273347477670199,0.8843505161862382
0.46937425585394893,0.46937425585394893,0.005740128550531249,0.058671781981743616,0.125,0.07985954803277213,0.8838834764831844
0.47576564580559255,0.47470039946737685,0.005762266834295839,0.059448372465314835,0.12472012314581585,0.08051766193874785,0.8841755775195599
0.47400080203181394,0.4738671300628258,0.0057729285518539385,0.10390360443092464,0.12518207090403066,0.11355461975558709,0.883694294866378
0.45921891604675874,0.45921891604675874,0.005743555543895505,0.08868018617021277,0.1250742245799253,0.10377896280051957,0.8838021631069036
0.47111344537815125,0.47124474789915966,0.005719882940729491,0.22557037134349273,0.12518345422504956,0.16101137719501513,0.8836946554018994
0.47249703205381877,0.47104603614298907,0.005732939602698584,0.07987306843267108,0.12481793205777365,0.09741113390415461,0.8840747048928143
0.47037820682359166,0.46984924623115576,0.005739322411793764,0.05878557246856386,0.12485943210570706,0.07993610511159108,0.8840302614549764
0.47285601888276946,0.47272488853920797,0.00571708263630027,0.09035522172658095,0.12500735822028045,0.10489350166806619,0.8838762420886259
0.47299250887107375,0.47286108555657774,0.005723550701741859,0.05913872452333991,0.12496526813003613,0.0802838272045698,0.8839161393577449
0.48638646576790906,0.48493259318001586,0.005745655109473911,0.07749856150134997,0.12481286179323298,0.09562304578083956,0.8840674290197247
0.4740603493912123,0.44547379565907885,0.0057177629136683,0.08974019936063134,0.1294609148144064,0.10600172675744149,0.8790828476883151
0.4701058201058201,0.46984126984126984,0.005740075988509572,0.05874569992061392,0.12492965672481711,0.07991360691144708,0.8839590704347587
0.47665163173255504,0.47665163173255504,0.005752649483593525,0.08942666463951551,0.12521740945179533,0.10433807995380298,0.8836441749601223
0.47265779417578074,0.4723942548425352,0.005730793836949721,0.09754614775404111,0.12510012622024252,0.10961814162439978,0.8837800770900548
0.47208189311353366,0.4719489497474076,0.005755973725237261,0.07466479238754326,0.1250054468110993,0.09348920270664215,0.883872441452162
0.47897503285151116,0.478580814717477,0.005726362240329212,0.09735197368421053,0.12502275787874,0.10946578461854653,0.8838638449887724
0.46818121429520393,0.4675169390195297,0.005750963560294911,0.05855630990415336,0.12482264472190692,0.07971638274737224,0.8840601075156092
0.46753076721654885,0.4672689185650694,0.005708836930839732,0.07927148846960168,0.12496939216039259,0.09700809846822457,0.8839155721399337
0.4716283979941937,0.4716283979941937,0.005734458407071808,0.0980581360751124,0.12521477678216322,0.1099849279806633,0.8836548471812123
0.4670475684294446,0.4669146957214988,0.005750889457841397,0.08338651775029916,0.12500431378238447,0.10003966444602376,0.8838780323618928
0.4615689906072232,0.46117211271332187,0.005733560221628046,0.08893848549092354,0.12501810270795136,0.10393623124574007,0.8838662346324424
0.4758011341157853,0.4758011341157853,0.005735090123278865,0.08990567930965282,0.12533259423503326,0.10470360906330486,0.8835174332053898
0.47542283298097254,0.46419133192389006,0.005732747572199668,0.08684770418260984,0.12759301367771964,0.10334940507770282,0.8810105672056316
0.4684601113172542,0.4423535648025444,0.005717495486610811,0.08504801503672083,0.1264005004239869,0.10168065391507472,0.8821818137075713
0.47560010551305726,0.4758638881561593,0.005735503190519991,0.10119913591676585,0.12536847342492474,0.1119946599487012,0.8834890586013743
0.4791556027615507,0.4790228359001593,0.005756152571855072,0.08935853782630818,0.12513603642923202,0.10426346012253022,0.8837335896915732
0.47952061108916105,0.4793889108389306,0.005733159168633825,0.0849696689964394,0.1250532563169459,0.10118641839049351,0.883823042735765
0.46457422857899616,0.46444179578863726,0.005739403404418636,0.058085994434874784,0.12496436716077537,0.0793080054274084,0.8839177544795594
