Majority Class Accuracy,Accuracy,Standard Error,Precision,Recall,F1 Score,Euclidean Distance
0.6048365665692267,0.6048365665692267,0.005635407009185613,0.05040304721410222,0.08333333333333333,0.06281393166639068,0.9204467514322716
0.6065552016985138,0.6065552016985138,0.005627384950770171,0.050546266808209485,0.08333333333333333,0.06292502959720271,0.9204467514322716
0.6021094264996704,0.6021094264996704,0.005620070271002817,0.0501757855416392,0.08333333333333333,0.06263715163484748,0.9204467514322716
0.6023492147287844,0.6023492147287844,0.005622461015349987,0.05019576789406537,0.08333333333333333,0.06265271943552152,0.9204467514322716
0.6042491422538928,0.6042491422538928,0.00561748153103869,0.0503540951878244,0.08333333333333333,0.06277590414301774,0.9204467514322716
0.6125784518828452,0.6125784518828452,0.005570559334447122,0.051048204323570434,0.08333333333333333,0.06331252196005298,0.9204467514322716
0.6089414858645628,0.6089414858645628,0.005595759555617937,0.0507451238220469,0.08333333333333333,0.06307889288438488,0.9204467514322716
0.5983401396390462,0.5983401396390462,0.005626700383353242,0.04986167830325385,0.08333333333333333,0.06239182395120745,0.9204467514322716
0.5970522437162784,0.5970522437162784,0.00562668128712073,0.0497543536430232,0.08333333333333333,0.06230773456383211,0.9204467514322716
0.6046758767268863,0.6046758767268863,0.005635055197755902,0.05038965639390719,0.08333333333333333,0.06280353200883003,0.9204467514322716
0.6129418017539198,0.6129418017539198,0.0056145589833286,0.051078483479493314,0.08333333333333333,0.06333580470659307,0.9204467514322716
0.608539981434823,0.608539981434823,0.005620485014733086,0.05071166511956859,0.08333333333333333,0.06305303654850233,0.9204467514322716
0.6056857067649382,0.6056857067649382,0.005606544555358801,0.05047380889707818,0.08333333333333333,0.06286885245901638,0.9204467514322716
0.6074025115664243,0.6074025115664243,0.0056144547243563376,0.05061687596386869,0.08333333333333333,0.06297971491228069,0.9204467514322716
0.5983120137148885,0.5983120137148885,0.005629732442514554,0.04985933447624071,0.08333333333333333,0.06238998899889989,0.9204467514322716
0.5998690242305174,0.5998690242305174,0.0056069254818866205,0.049989085352543115,0.08333333333333333,0.062491472233592575,0.9204467514322716
0.6027633851468048,0.6027633851468048,0.005640103968406489,0.05023028209556707,0.08333333333333333,0.06267959770114943,0.9204467514322716
0.5950839170080613,0.5950839170080613,0.0056429961375618195,0.04959032641733844,0.08333333333333333,0.06217895608947804,0.9204467514322716
0.6184088192323017,0.6184088192323017,0.005598457080295068,0.051534068269358475,0.08333333333333333,0.06368485843249896,0.9204467514322716
0.6055372445616348,0.6055372445616348,0.005611715427061737,0.0504614370468029,0.08333333333333333,0.062859254393168,0.9204467514322716
0.6031307550644567,0.6031307550644567,0.005611326344208141,0.05026089625537139,0.08333333333333333,0.06270342714914799,0.9204467514322716
0.6011842105263158,0.6011842105263158,0.005616724972186173,0.050098684210526316,0.08333333333333333,0.06257704001972224,0.9204467514322716
0.5978709248170326,0.5978709248170326,0.005656163591185636,0.04982257706808605,0.08333333333333333,0.06236120364201643,0.9204467514322716
0.6051315789473685,0.6051315789473685,0.005607177626512962,0.05042763157894737,0.08333333333333333,0.06283301909992621,0.9204467514322716
0.5943446088794926,0.5943446088794926,0.005644262821486499,0.04952871740662438,0.08333333333333333,0.06213050444775954,0.9204467514322716
0.6101784534038335,0.6101784534038335,0.005607339968370997,0.050848204450319456,0.08333333333333333,0.06315847084256904,0.9204467514322716
0.6124783823333777,0.6124783823333777,0.005619155808525669,0.05103986519444814,0.08333333333333333,0.0633061078568875,0.9204467514322716
0.5887974515529599,0.5887974515529599,0.005668890283153685,0.049066454296079996,0.08333333333333333,0.06176552492341966,0.9204467514322716
0.6076790221867943,0.6076790221867943,0.005627907225106764,0.050639918515566186,0.08333333333333333,0.06299754841197697,0.9204467514322716
0.6139107611548557,0.6139107611548557,0.005577235536777437,0.05115923009623797,0.08333333333333333,0.0633978424676099,0.9204467514322716
