Majority Class Accuracy,Accuracy,Standard Error,Precision,Recall,F1 Score,Euclidean Distance
0.04799893631166068,0.052785533838585294,0.0025783616073214804,0.05269703557631542,0.053458005619905026,0.05307479309972336,0.9478517525800657
0.04974065700226094,0.050139646229551804,0.002516752280400281,0.047770490816481964,0.05015331477980099,0.04893291163503464,0.9511611664629848
0.05118684524598859,0.04826946028378199,0.002468190939685443,0.04582081510599855,0.05075135426477238,0.048160219145889985,0.9505632040646141
0.05220034359719836,0.05074666314259284,0.002523091174321193,0.04453584718081261,0.05037536329034399,0.04727596392543064,0.9509387879717207
0.04965191120451859,0.05818993826349665,0.0026830433908966644,0.05285194395863296,0.06007955316730975,0.05623446527972978,0.9412227090940588
0.050066225165562916,0.05814569536423841,0.0026932531222992233,0.051969304339786714,0.056370427099654605,0.054080471545994775,0.9449341008976033
0.05454067551583651,0.05362071231436457,0.00258246896378468,0.06053699994160392,0.05434797742687168,0.05727578281648536,0.9469607882560181
0.04887069079381852,0.05005943732664113,0.0025061933603207813,0.04624730535838601,0.05012321332489744,0.048107317130838455,0.9511916894208253
0.05141049301344582,0.05562878987608753,0.0026315689683227943,0.05790988417761579,0.054664201935736303,0.056240254077173944,0.946643353893385
0.04958128406220923,0.0487837298949887,0.0024835997379176124,0.04444639102579112,0.04871311271373131,0.0464820435671642,0.9526036245910269
0.053015241882041084,0.0534128561961564,0.0025886514572291486,0.05537974940731351,0.05433478823811805,0.05485229252755672,0.9469747925643254
0.050026329647182725,0.05542390731964192,0.002625273571267374,0.04414386787959424,0.05440468658811274,0.048740101967976894,0.9469031149886895
0.04903770102820986,0.054310572106511995,0.0026020164427129604,0.05045287854220233,0.054802563688100416,0.05253784566326239,0.9465059449818306
0.04911539477158701,0.051756007393715345,0.0025455274386460766,0.04847246585132066,0.051354285227957805,0.04987177905958868,0.9499588482097167
0.04708520179372197,0.05592192033764178,0.0026387795224111898,0.04817405362411791,0.05447781193780926,0.05113237872980286,0.9468309300488827
0.04940218105373801,0.05505189856786231,0.002614383343538894,0.05105147119487837,0.055178149279049606,0.05303465617101513,0.946130310036543
0.05170589791060566,0.05646654324252843,0.0026543361184428907,0.04087826988767317,0.0552492928912283,0.04698955098040701,0.9460577371699296
0.04848807779405888,0.04928733182363128,0.002498383405533832,0.04406566026548281,0.05017800794617914,0.04692362029009853,0.9511376776503392
0.049854919546293855,0.05341598522817199,0.0025823988199532985,0.04970032553525629,0.05196446365253245,0.050807182711515735,0.9493476115096036
0.048877672997742067,0.04728383583477221,0.002446073308773271,0.04753822572193061,0.046579522563927674,0.047053991367034566,0.9547402934084919
0.049319053285733175,0.05288906518577284,0.002573571986816619,0.05793235283713909,0.054450358790988786,0.05613741387601236,0.946858894035256
0.054896735509660226,0.04770153231179214,0.00246023934441997,0.056968191950948446,0.04746435412349219,0.05178382675085761,0.9538545380783721
0.04904559915164369,0.05023860021208908,0.002514925837850068,0.05121434043918819,0.04975550409644759,0.05047438346049037,0.9515598048363185
0.04699599465954606,0.056074766355140186,0.0026583467294968347,0.056917980984849084,0.055564770963832354,0.056233236160328104,0.945742079200387
0.04778201921811241,0.056074766355140186,0.0026395595914018226,0.04666192741538608,0.05410527954333705,0.05010869514076205,0.9472031295021704
0.04568931267381804,0.059329890080784,0.0027186494302096093,0.06298087717539388,0.05791549101540074,0.060342067851651436,0.9433865409631708
0.05229710048987157,0.05534224811333245,0.0026309094600910255,0.055383866414544645,0.054892628050746184,0.05513715309589742,0.9464163136044396
0.05261091480172752,0.05405051694804345,0.0025867758529996717,0.04746346782783314,0.05309219353233045,0.05012029328920835,0.9482183693321111
0.050046216822923546,0.05281922619833619,0.0025702683940288956,0.06280902531520996,0.05248127485158762,0.057182568107792264,0.9488305700326242
0.052101285960493175,0.05621105660877635,0.0026520167528588804,0.05246285232726513,0.056763069835938394,0.05452831143866137,0.9445438437776582
