Majority Class Accuracy,Accuracy,Precision,Recall,F Score,Support
0.8003952569169961,0.7727272727272727,0.7685121027346637,0.7727272727272727,0.7705402566665062,
0.8015717092337917,0.7721021611001965,0.7763559685205602,0.7721021611001965,0.7741520293772011,
0.7932367149758454,0.7719806763285024,0.7618357245217896,0.7719806763285024,0.7663840461267153,
0.7950248756218905,0.7651741293532338,0.7592624592290699,0.7651741293532338,0.7620637414198381,
0.8393574297188755,0.8132530120481928,0.8227009344567814,0.8132530120481928,0.8176151408082122,
0.81640625,0.7734375,0.7808771221903396,0.7734375,0.7769667196588781,
0.8177434908389586,0.7888138862102217,0.7909854963753409,0.7888138862102217,0.7898801648997246,
0.7931707317073171,0.7678048780487805,0.7669957746378515,0.7678048780487805,0.7673972786375977,
0.8033596837944664,0.7727272727272727,0.7692789988642958,0.7727272727272727,0.7709526295817605,
0.8132183908045977,0.7883141762452107,0.7778798294351276,0.7883141762452107,0.7826003975409158,
0.8028708133971292,0.7799043062200957,0.7702865531126798,0.7799043062200957,0.7746490139327904,
0.8059701492537313,0.7741293532338308,0.7701716514908619,0.7741293532338308,0.7720855417522385,
0.8163869693978283,0.773938795656466,0.7847181750199395,0.773938795656466,0.7789263919258028,
0.8114343029087262,0.7713139418254764,0.7694442759263405,0.7713139418254764,0.7703664272320561,
0.8047105004906772,0.78900883218842,0.7878065533595536,0.78900883218842,0.788400227265127,
0.7833969465648855,0.7452290076335878,0.7497004753272527,0.7452290076335878,0.7473832983241013,
0.791746641074856,0.8013435700575816,0.7926279009545707,0.8013435700575816,0.7963534310452134,
0.812015503875969,0.7693798449612403,0.7739356780797928,0.7693798449612403,0.7715849457698236,
0.8137931034482758,0.774384236453202,0.7739238166041371,0.774384236453202,0.7741532556352008,
0.8015267175572519,0.7624045801526718,0.76197480798076,0.7624045801526718,0.7621889914672746,
0.8035019455252919,0.7733463035019456,0.7737701834817091,0.7733463035019456,0.7735574815428161,
0.8099502487562189,0.7890547263681592,0.7924474662735055,0.7890547263681592,0.7906974151086921,
0.8057416267942584,0.7588516746411483,0.7506620072837944,0.7588516746411483,0.7545331953267974,
0.7952755905511811,0.780511811023622,0.7793388251658763,0.780511811023622,0.7799179937570251,
0.802734375,0.78125,0.7828864208227503,0.78125,0.7820555356288857,
0.8054211035818006,0.7860600193610843,0.7897090006524831,0.7860600193610843,0.7878207179910806,
0.8202676864244742,0.7695984703632888,0.7748291755517175,0.7695984703632888,0.7721296799661994,
0.8292682926829268,0.7775609756097561,0.8003018238462252,0.7775609756097561,0.7873872472922817,
0.8277189605389798,0.7574590952839269,0.7811757299341515,0.7574590952839269,0.7679347151704211,
0.8108374384236453,0.7891625615763547,0.7891625615763547,0.7891625615763547,0.7891625615763547,
