Majority Class Accuracy,Accuracy,Precision,Recall,F Score,Support
0.8,0.8009852216748768,0.7837162397828428,0.8009852216748768,0.7899816090102426,
0.8074291300097751,0.833822091886608,0.8157160889736506,0.833822091886608,0.8187132676545407,
0.7945736434108527,0.8071705426356589,0.77990690485956,0.8071705426356589,0.7826155564219013,
0.814595660749507,0.8382642998027613,0.8182066230970968,0.8382642998027613,0.8201433596708068,
0.8185328185328186,0.8204633204633205,0.7906943103409749,0.8204633204633205,0.7967381427627788,
0.8060724779627816,0.8090107737512243,0.7769239420642432,0.8090107737512243,0.781836875632575,
0.7893719806763285,0.8154589371980676,0.7955888352120235,0.8154589371980676,0.7982239690970973,
0.7974806201550387,0.8226744186046512,0.8012919872322396,0.8226744186046512,0.8020448183882128,
0.8043893129770993,0.8244274809160306,0.8025625422027248,0.8244274809160306,0.8053866967559752,
0.8021338506304558,0.8128031037827352,0.7913410434898507,0.8128031037827352,0.7969360072976202,
0.8171428571428572,0.8171428571428572,0.7846323968918111,0.8171428571428572,0.7907535463434031,
0.7872549019607843,0.8058823529411765,0.7822519881695695,0.8058823529411765,0.7850317437743183,
0.8061630218687873,0.8091451292246521,0.7867550075959613,0.8091451292246521,0.7934373746986225,
0.8339882121807466,0.8261296660117878,0.8033646491813394,0.8261296660117878,0.8113186656964493,
0.8058252427184466,0.8067961165048544,0.7792940608474589,0.8067961165048544,0.786102956082436,
0.7996070726915521,0.8300589390962672,0.8106632898445495,0.8300589390962672,0.8101649169755089,
0.8245445829338447,0.840843720038351,0.821284144600758,0.840843720038351,0.8257114115408787,
0.8019417475728156,0.8126213592233009,0.7882265896492562,0.8126213592233009,0.7931765156585951,
0.7968596663395485,0.8194308145240432,0.7996053796381913,0.8194308145240432,0.8031663892482103,
0.8163869693978283,0.8213228035538006,0.7852192032624887,0.8213228035538006,0.7843453166187634,
0.8009852216748768,0.8157635467980295,0.7911561454465806,0.8157635467980295,0.7945169716960206,
0.8129285014691479,0.8256611165523996,0.7997170615823165,0.8256611165523996,0.8025847534016791,
0.8214990138067061,0.834319526627219,0.8061685483917511,0.834319526627219,0.8041393802112768,
0.8382352941176471,0.8352941176470589,0.8109096578223399,0.8352941176470589,0.8184508954593527,
0.8154463390170511,0.8324974924774323,0.8085184249211632,0.8324974924774323,0.810127417687821,
0.7952987267384917,0.8158667972575906,0.7972132604095428,0.8158667972575906,0.8016796480263669,
0.8133971291866029,0.7990430622009569,0.7733071982188732,0.7990430622009569,0.7823303669104467,
0.7876712328767124,0.786692759295499,0.7477082933974274,0.786692759295499,0.75165821364807,
0.8075396825396826,0.7896825396825397,0.7513067773098938,0.7896825396825397,0.7626228387856295,
0.7998046875,0.814453125,0.7853997935818727,0.814453125,0.7815841520675505,
