Majority Class Accuracy,Accuracy,Precision,Recall,F Score,Support
0.808837656099904,0.834774255523535,0.8189659215967992,0.834774255523535,0.8229514345888388,
0.7972166998011928,0.8091451292246521,0.782434895497147,0.8091451292246521,0.7858604713015149,
0.7877041306436119,0.813640730067243,0.7916765472266606,0.813640730067243,0.7917503742019817,
0.814638783269962,0.8127376425855514,0.788842916466737,0.8127376425855514,0.7962347307903037,
0.7986512524084779,0.8188824662813102,0.7972722503255271,0.8188824662813102,0.8004739907971664,
0.8208661417322834,0.8238188976377953,0.788764248841271,0.8238188976377953,0.7915679210859012,
0.7948717948717948,0.8091168091168092,0.7885268577576271,0.8091168091168092,0.7936975799463502,
0.8111002921129503,0.807205452775073,0.7821407640128143,0.807205452775073,0.7898729139763215,
0.7883283877349159,0.7972304648862513,0.7651209141858737,0.7972304648862513,0.7660217267875555,
0.811046511627907,0.8217054263565892,0.8007870980665512,0.8217054263565892,0.8063592083029778,
0.822627037392138,0.8446788111217641,0.8243508082428712,0.8446788111217641,0.82610892095937,
0.7791952894995093,0.8125613346418057,0.7929927185247966,0.8125613346418057,0.7922035490490986,
0.7800586510263929,0.7976539589442815,0.7712070074854032,0.7976539589442815,0.7717821484163363,
0.791219512195122,0.8039024390243903,0.7755608693341836,0.8039024390243903,0.7772873083271029,
0.8062317429406037,0.813047711781889,0.7809481322516347,0.813047711781889,0.7831674277335646,
0.8025169409486931,0.8044530493707648,0.7819304101765484,0.8044530493707648,0.7887503799865168,
0.7908560311284046,0.8249027237354085,0.8061351790383561,0.8249027237354085,0.7997097827265132,
0.7998017839444995,0.8146679881070367,0.7900046272861566,0.8146679881070367,0.7933289560597984,
0.7821782178217822,0.801980198019802,0.7750155709714138,0.801980198019802,0.7671813242739494,
0.81640625,0.8251953125,0.80382615369567,0.8251953125,0.8096114230968212,
0.782312925170068,0.7881438289601554,0.7517810958249115,0.7881438289601554,0.751077819662897,
0.7990384615384616,0.8115384615384615,0.7827956256755406,0.8115384615384615,0.7837341552352839,
0.7837573385518591,0.7778864970645792,0.7452564698832734,0.7778864970645792,0.7530023424906762,
0.801707779886148,0.818785578747628,0.7931161605297729,0.818785578747628,0.7936903318414353,
0.7844660194174757,0.8019417475728156,0.7774624722300639,0.8019417475728156,0.7801764030424675,
0.7823529411764706,0.796078431372549,0.7759150604214522,0.796078431372549,0.781278928683773,
0.8209255533199196,0.8380281690140845,0.8186383274080209,0.8380281690140845,0.8230405259388751,
0.804950495049505,0.8306930693069307,0.8108848451380661,0.8306930693069307,0.8128028907597746,
0.7920310981535471,0.7998056365403304,0.7736824413887267,0.7998056365403304,0.7790253437147352,
0.7871287128712872,0.808910891089109,0.7838638166276678,0.808910891089109,0.7735001203738094,
