Majority Class Accuracy,Accuracy,Precision,Recall,F Score,Support
0.806829268292683,0.7853658536585366,0.7828977322636371,0.7853658536585366,0.7841027147991592,
0.7896311066799602,0.7726819541375872,0.7648695262573253,0.7726819541375872,0.7684444711794568,
0.7984267453294002,0.7777777777777778,0.7649447381798147,0.7777777777777778,0.7705186207601665,
0.8115942028985508,0.7816425120772947,0.7807827653007952,0.7816425120772947,0.7812095551939636,
0.7945736434108527,0.7732558139534884,0.7716726079858276,0.7732558139534884,0.7724519242427916,
0.8275862068965517,0.8065134099616859,0.8194232791107016,0.8065134099616859,0.8122459563911983,
0.7932038834951456,0.7689320388349514,0.76813063774827,0.7689320388349514,0.7685283068134944,
0.814176245210728,0.7883141762452107,0.7836882397196203,0.7883141762452107,0.7859063844271125,
0.825503355704698,0.788111217641419,0.7885701346119894,0.788111217641419,0.7883399164616958,
0.8048780487804879,0.7717073170731708,0.7734371131774656,0.7717073170731708,0.7725600880035844,
0.7972575905974535,0.7384916748285995,0.7427108364105341,0.7384916748285995,0.7405468175940639,
0.8128654970760234,0.7787524366471735,0.7809694747892534,0.7787524366471735,0.7798417330827953,
0.8139763779527559,0.7785433070866141,0.791666429039441,0.7785433070866141,0.7844569667404313,
0.7958579881656804,0.7741617357001972,0.761707661945178,0.7741617357001972,0.7671500263698133,
0.8126801152737753,0.7579250720461095,0.7617276415994848,0.7579250720461095,0.7597829860660231,
0.8079534432589719,0.7613967022308439,0.7687121731721633,0.7613967022308439,0.7648729114999021,
0.7868852459016393,0.7579556412729026,0.758355056253075,0.7579556412729026,0.7581546278231139,
0.7789678675754625,0.7779941577409932,0.7731725581609696,0.7779941577409932,0.7754250972311298,
0.8166501486620417,0.7888999008919723,0.7849190987323842,0.7888999008919723,0.7868417545941406,
0.8221574344023324,0.7910592808551993,0.7968756015525744,0.7910592808551993,0.7938338138128014,
0.8040152963671128,0.7724665391969407,0.7707881671664756,0.7724665391969407,0.7716155939163982,
0.8200389105058365,0.8103112840466926,0.8155671027465597,0.8103112840466926,0.8127935587915944,
0.8195631528964862,0.7644824311490979,0.7778121062561356,0.7644824311490979,0.7706220753866195,
0.792183031458532,0.7559580552907531,0.7501742276662585,0.7559580552907531,0.752929234425997,
0.7992240543161979,0.7701260911736179,0.7755490293013868,0.7701260911736179,0.7727114709043397,
0.7990049751243781,0.7492537313432835,0.7511091153465089,0.7492537313432835,0.7501698381851482,
0.8027613412228797,0.7583826429980276,0.7651980461104567,0.7583826429980276,0.7616257684361661,
0.8139980824544583,0.7660594439117929,0.7789739598468518,0.7660594439117929,0.7719712650810188,
0.7931707317073171,0.7717073170731708,0.769325592711811,0.7717073170731708,0.7704885085087834,
0.798828125,0.7900390625,0.7792380932578592,0.7900390625,0.7839186383674798,
