Majority Class Accuracy,Accuracy,Precision,Recall,F Score,Support
0.7875494071146245,0.7786561264822134,0.7669506001935132,0.7786561264822134,0.7719359258065142,
0.8216374269005848,0.7846003898635477,0.7933316230192258,0.7846003898635477,0.7886879129072795,
0.7986447241045499,0.7909002904162633,0.7871745142411941,0.7909002904162633,0.7889549892424695,
0.8,0.7818181818181819,0.7849640463946214,0.7818181818181819,0.7833423618634886,
0.8195121951219512,0.7746341463414634,0.781718403547672,0.7746341463414634,0.778009228740936,
0.8116947472745293,0.7829534192269574,0.7922079928683752,0.7829534192269574,0.787227290429147,
0.7932098765432098,0.7479423868312757,0.7474787308897843,0.7479423868312757,0.7477097783054107,
0.7900874635568513,0.7871720116618076,0.7875341846347855,0.7871720116618076,0.7873522859287105,
0.8093869731800766,0.7768199233716475,0.7798216051932635,0.7768199233716475,0.7782845103932927,
0.8136094674556213,0.7919132149901381,0.7796658692820421,0.7919132149901381,0.7850648323075221,
0.8064192577733199,0.7713139418254764,0.7695124243283573,0.7713139418254764,0.770400362221087,
0.8200589970501475,0.7630285152409046,0.7645409430161232,0.7630285152409046,0.7637783261353303,
0.8,0.7827751196172249,0.7762053048065651,0.7827751196172249,0.7792638002388936,
0.8044315992292871,0.766859344894027,0.7598814380595201,0.766859344894027,0.7631832152104507,
0.8198019801980198,0.7851485148514852,0.7819197249066223,0.7851485148514852,0.7834943106634246,
0.8041749502982107,0.7763419483101391,0.7750543612531303,0.7763419483101391,0.7756908881275804,
0.8007774538386784,0.7842565597667639,0.7748824686610954,0.7842565597667639,0.7790979077077373,
0.8029268292682927,0.7726829268292683,0.7773627072217437,0.7726829268292683,0.7749308875690724,
0.8161838161838162,0.7702297702297702,0.7760073112335757,0.7702297702297702,0.7730077696980158,
0.821743388834476,0.7894221351616063,0.8007591216508305,0.7894221351616063,0.7945963844651964,
0.807205452775073,0.7896786757546251,0.7888709813067273,0.7896786757546251,0.7892715648799162,
0.7883858267716536,0.7608267716535433,0.7587951746416313,0.7608267716535433,0.7597919506282294,
0.7912621359223301,0.7776699029126214,0.7788144102820391,0.7776699029126214,0.7782351240494187,
0.802747791952895,0.7811579980372915,0.7840412265131894,0.7811579980372915,0.7825605345033022,
0.7992240543161979,0.7827352085354026,0.7772759326041656,0.7827352085354026,0.7798481490170538,
0.8193484698914116,0.7670286278381047,0.7807360957398404,0.7670286278381047,0.7733082694946781,
0.7923076923076923,0.7817307692307692,0.7798743330429425,0.7817307692307692,0.7807829570883333,
0.8034447821681864,0.756838905775076,0.7738087876877612,0.756838905775076,0.7643379761611849,
0.7939086294416243,0.7888324873096447,0.7865366281017289,0.7888324873096447,0.787652235765786,
0.7938856015779092,0.777120315581854,0.776331757669799,0.777120315581854,0.77672280994122,
