Majority Class Accuracy,Accuracy,Precision,Recall,F Score,Support
0.8065447545717036,0.7718960538979788,0.7749153578787911,0.7718960538979788,0.7733696950580221,
0.8111332007952287,0.7524850894632207,0.7599080768880823,0.7524850894632207,0.7560367113212788,
0.8032319391634981,0.7709125475285171,0.7679883834056302,0.7709125475285171,0.7694149924444494,
0.8223099703849951,0.7818361303060217,0.7889320533274318,0.7818361303060217,0.7852083543851194,
0.8023715415019763,0.7747035573122529,0.7823869670532767,0.7747035573122529,0.7782918797592033,
0.8097560975609757,0.8009756097560976,0.7963357174944748,0.8009756097560976,0.7985306948079735,
0.8032128514056225,0.7791164658634538,0.7859678993215836,0.7791164658634538,0.7823319421476757,
0.7954319761668321,0.7666335650446872,0.7729741075021909,0.7666335650446872,0.7696296411609527,
0.8081918081918081,0.7722277722277723,0.7812805842076235,0.7722277722277723,0.7764403405365499,
0.810515873015873,0.7896825396825397,0.7973403518657455,0.7896825396825397,0.7932433600502907,
0.7887049659201558,0.7614410905550146,0.7586298857807775,0.7614410905550146,0.7599988772320224,
0.8026948989412896,0.7872954764196343,0.7822464706815918,0.7872954764196343,0.7846353830156516,
0.8178217821782178,0.7851485148514852,0.7874167858755599,0.7851485148514852,0.7862624127016636,
0.8025415444770283,0.7732160312805474,0.7706785707471101,0.7732160312805474,0.7719194392751655,
0.8153998025666338,0.7611056268509379,0.7766895624925154,0.7611056268509379,0.7681607328292377,
0.8174603174603174,0.7757936507936508,0.7861554697014591,0.7757936507936508,0.7806006484973275,
0.813510941960038,0.7630827783063748,0.7681800805833378,0.7630827783063748,0.765549191853144,
0.8199802176063303,0.7705242334322453,0.7909175216204972,0.7705242334322453,0.7794116206872913,
0.8063610851262862,0.7839101964452759,0.7732627551584116,0.7839101964452759,0.7780382065116439,
0.8,0.7683168316831683,0.7786978508217447,0.7683168316831683,0.7730662659089842,
0.810515873015873,0.7738095238095238,0.7911068677124701,0.7738095238095238,0.7813492063492062,
0.8013565891472868,0.7761627906976745,0.7700241236549917,0.7761627906976745,0.7729185763422525,
0.796844181459566,0.796844181459566,0.788976022432927,0.796844181459566,0.7924784398157179,
0.7992240543161979,0.7536372453928225,0.7500629406076865,0.7536372453928225,0.7518051052530176,
0.7914230019493177,0.7680311890838206,0.7672335601829147,0.7680311890838206,0.7676293236040013,
0.8029268292682927,0.7580487804878049,0.7589520542479194,0.7580487804878049,0.7584975471774782,
0.8051181102362205,0.7588582677165354,0.7694236029554616,0.7588582677165354,0.7637574788190251,
0.8097560975609757,0.7892682926829269,0.7859707459019889,0.7892682926829269,0.7875670297627305,
0.804496578690127,0.7771260997067448,0.7788147617369628,0.7771260997067448,0.7779579694639929,
0.7990291262135922,0.7572815533980582,0.7660485573777774,0.7572815533980582,0.7613814109596512,
