Majority Class Accuracy,Accuracy,Precision,Recall,F Score,Support
0.807205452775073,0.8081791626095424,0.7817317825731496,0.8081791626095424,0.788639271377459,
0.7966269841269841,0.8015873015873016,0.7688892517335262,0.8015873015873016,0.7723605761617616,
0.8159448818897638,0.8090551181102362,0.7870722091347612,0.8090551181102362,0.7947586193998034,
0.8333333333333334,0.8273809523809523,0.8037037037037037,0.8273809523809523,0.8115942028985507,
0.806483300589391,0.81237721021611,0.7894082575985454,0.81237721021611,0.7956444010805683,
0.7947976878612717,0.8092485549132948,0.7844411528269478,0.8092485549132948,0.7880144623715544,
0.8244575936883629,0.8126232741617357,0.7963629300963795,0.8126232741617357,0.8029529681583117,
0.8075772681954138,0.8055832502492523,0.7763358199858331,0.8055832502492523,0.7836929088782327,
0.8237623762376237,0.8287128712871287,0.8064962787159824,0.8287128712871287,0.8128025483735878,
0.8170128585558852,0.8120672601384767,0.7859886358749409,0.8120672601384767,0.7939615449566959,
0.8173828125,0.8232421875,0.8005606492556684,0.8232421875,0.8067469196164048,
0.8259587020648967,0.8259587020648967,0.8018801650876661,0.8259587020648967,0.8089811459517672,
0.810546875,0.8115234375,0.7854393748115323,0.8115234375,0.7923686472847444,
0.8007850834151129,0.8105986261040236,0.7802663256662797,0.8105986261040236,0.7817721470247654,
0.80990099009901,0.7960396039603961,0.7665589299676338,0.7960396039603961,0.7761091219478484,
0.8017839444995044,0.8126858275520317,0.7849254372407054,0.8126858275520317,0.7880004189411881,
0.804642166344294,0.8075435203094777,0.7807895381255524,0.8075435203094777,0.7872338804433514,
0.7935735150925024,0.8052580331061344,0.7811154582664065,0.8052580331061344,0.7859736460076526,
0.8346080305927343,0.8374760994263862,0.8116879794849251,0.8374760994263862,0.8179919965678477,
0.815354713313897,0.8104956268221575,0.7797424473809313,0.8104956268221575,0.7877624623537233,
0.8043264503441495,0.823992133726647,0.8024360090857156,0.823992133726647,0.8056569367674964,
0.8038834951456311,0.8009708737864077,0.7904929269643413,0.8009708737864077,0.794987794455168,
0.8136769078295342,0.8285431119920713,0.8061654762229324,0.8285431119920713,0.8103059630169274,
0.7938342967244701,0.8111753371868978,0.7847191741019641,0.8111753371868978,0.7844244673183407,
0.8071705426356589,0.8178294573643411,0.7940300295466515,0.8178294573643411,0.7990883611023571,
0.7871524448705657,0.7996164908916586,0.7734522211569193,0.7996164908916586,0.777197611799991,
0.7709551656920078,0.7982456140350878,0.7750267578761226,0.7982456140350878,0.7711023364044806,
0.7986314760508308,0.8054740957966764,0.7779095831313613,0.8054740957966764,0.7830320825006961,
0.8278606965174129,0.8218905472636816,0.7995936978541603,0.8218905472636816,0.8072756376390877,
0.8211856171039844,0.8231292517006803,0.8041819825388871,0.8231292517006803,0.8106588717412987,
