Majority Class Accuracy,Accuracy,Precision,Recall,F Score,Support
0.8220502901353965,0.8288201160541586,0.7992601874304219,0.8288201160541586,0.8028046487198855,
0.7806324110671937,0.7905138339920948,0.7600851861914236,0.7905138339920948,0.7621121663229039,
0.809021113243762,0.8205374280230326,0.7968957747740402,0.8205374280230326,0.8017225632495614,
0.8171091445427728,0.8269419862340216,0.8087290154614636,0.8269419862340216,0.8144282349844135,
0.8104312938816449,0.831494483450351,0.8084667586608583,0.831494483450351,0.8082394452941231,
0.8115234375,0.8388671875,0.8186518790521652,0.8388671875,0.8142460408450034,
0.7953890489913544,0.8040345821325648,0.7782845349407901,0.8040345821325648,0.7834683726926746,
0.792,0.797,0.771819756316806,0.797,0.7780279392110715,
0.8035892323030908,0.8015952143569293,0.7681237461480453,0.8015952143569293,0.7748263426273282,
0.8147429679922406,0.8195926285160039,0.8001648480148698,0.8195926285160039,0.80645530472416,
0.7866273352999017,0.8200589970501475,0.800533143634489,0.8200589970501475,0.7962587354043831,
0.8190661478599222,0.806420233463035,0.7790038454912647,0.806420233463035,0.788188728732791,
0.804496578690127,0.8172043010752689,0.7915598963780454,0.8172043010752689,0.7950760403908402,
0.8066037735849056,0.8150943396226416,0.8071699038227887,0.8150943396226416,0.8106256010711116,
0.8157894736842105,0.8089668615984406,0.7717958152489134,0.8089668615984406,0.7799926320143672,
0.8096646942800789,0.8185404339250493,0.7958559711118462,0.8185404339250493,0.8015474385661512,
0.8086785009861933,0.8244575936883629,0.8006905046300529,0.8244575936883629,0.803836449552179,
0.781431334622824,0.7852998065764023,0.7513039188973201,0.7852998065764023,0.7546789790674253,
0.7986179664363278,0.8094768015794669,0.7810548751222901,0.8094768015794669,0.7837337701856095,
0.793036750483559,0.811411992263056,0.7887163259883727,0.811411992263056,0.7921047679059537,
0.8042381432896064,0.8153380423814329,0.7858239288502725,0.8153380423814329,0.7867871177482267,
0.810891089108911,0.8316831683168316,0.8127997665166466,0.8316831683168316,0.8168122761305783,
0.8295788442703232,0.8550440744368266,0.8365241416735051,0.8550440744368266,0.8372963355194294,
0.8062015503875969,0.8091085271317829,0.7863133972358727,0.8091085271317829,0.7930121892039753,
0.8208092485549133,0.8294797687861272,0.7997917281206052,0.8294797687861272,0.8016935759882774,
0.7897334649555775,0.7956564659427443,0.7669725441245626,0.7956564659427443,0.7720586839973217,
0.7998017839444995,0.8206144697720515,0.7963298016816351,0.8206144697720515,0.7953027822572389,
0.8077689243027888,0.8147410358565738,0.7877012978727211,0.8147410358565738,0.792851264730306,
0.7972972972972973,0.8079150579150579,0.7787260772463532,0.8079150579150579,0.7809249128380134,
0.7945472249269717,0.7945472249269717,0.7581638405374962,0.7945472249269717,0.7628288398013366,
