Majority Class Accuracy,Accuracy,Precision,Recall,F Score,Support
0.7994186046511628,0.8071705426356589,0.7825464969600963,0.8071705426356589,0.7882299190892154,
0.7884427032321254,0.8305582761998042,0.814549692093261,0.8305582761998042,0.8097079515162025,
0.7907662082514735,0.8035363457760314,0.7719617410068174,0.8035363457760314,0.7660049855399097,
0.8128544423440454,0.8298676748582231,0.8068419835211726,0.8298676748582231,0.8097034454245422,
0.7959798994974875,0.8180904522613065,0.7936454133087686,0.8180904522613065,0.7867331156160332,
0.8178403755868544,0.8262910798122066,0.8014301838378374,0.8262910798122066,0.8066053691713873,
0.8047337278106509,0.8205128205128205,0.7950305628324205,0.8205128205128205,0.7967806267806268,
0.8076171875,0.81640625,0.7909035142627473,0.81640625,0.795968930964401,
0.7925998052580331,0.8179162609542356,0.8005103176406417,0.8179162609542356,0.8045238651239102,
0.8117647058823529,0.8107843137254902,0.7839719659182435,0.8107843137254902,0.7912588905975957,
0.809,0.815,0.7776134987893463,0.815,0.7715668224050848,
0.8044315992292871,0.8236994219653179,0.7993493356040108,0.8236994219653179,0.7995358750322309,
0.8249754178957719,0.8544739429695182,0.8386762910110794,0.8544739429695182,0.841199150481325,
0.7825670498084292,0.8093869731800766,0.7865739466584922,0.8093869731800766,0.7826666438633535,
0.7870461236506379,0.7958783120706575,0.7745840176875282,0.7958783120706575,0.7805190039195548,
0.8007774538386784,0.8192419825072886,0.7985025475675689,0.8192419825072886,0.802660924523549,
0.8011695906432749,0.7992202729044834,0.7745118677651353,0.7992202729044834,0.7819203213940056,
0.7972972972972973,0.8088803088803089,0.7776697872903502,0.8088803088803089,0.7755204528853177,
0.8205128205128205,0.8328584995251662,0.8115275038351961,0.8328584995251662,0.8165376235964471,
0.7923976608187134,0.8089668615984406,0.7822491050242328,0.8089668615984406,0.7641452136961558,
0.8339805825242719,0.8436893203883495,0.8244695585893472,0.8436893203883495,0.8299903665742541,
0.7896253602305475,0.7790585975024016,0.7430641724589852,0.7790585975024016,0.7519764637586022,
0.8133462282398453,0.8307543520309478,0.8129972294535676,0.8307543520309478,0.8178328550028114,
0.8338249754178958,0.8416912487708947,0.8189903805427685,0.8416912487708947,0.8244821303942894,
0.7994269340974212,0.8051575931232091,0.7774552082830716,0.8051575931232091,0.7829073039032448,
0.827037773359841,0.8180914512922465,0.8039434762975424,0.8180914512922465,0.8097945357059185,
0.8091085271317829,0.8265503875968992,0.8010013965679208,0.8265503875968992,0.8001715747665898,
0.7944664031620553,0.8231225296442688,0.8021850052175055,0.8231225296442688,0.7999926137357131,
0.810077519379845,0.8168604651162791,0.7804414733912898,0.8168604651162791,0.7735796537881761,
0.7933070866141733,0.8021653543307087,0.7772623402389662,0.8021653543307087,0.7826466667507531,
