Majority Class Accuracy,Accuracy,Precision,Recall,F Score,Support
0.8110236220472441,0.8228346456692913,0.7972507358644947,0.8228346456692913,0.8009896212842618,
0.7874165872259294,0.7988560533841754,0.7684872854081624,0.7988560533841754,0.7690142673455366,
0.8005893909626719,0.8055009823182712,0.7805636064830805,0.8055009823182712,0.7868157115486671,
0.8159922928709056,0.8140655105973025,0.7937921618822862,0.8140655105973025,0.8007868327713304,
0.8044530493707648,0.8092933204259438,0.7815127998072086,0.8092933204259438,0.7871988469946324,
0.8072407045009785,0.8199608610567515,0.7933180544990251,0.8199608610567515,0.7959107977997738,
0.7879377431906615,0.7898832684824902,0.7656215109914478,0.7898832684824902,0.772412084281624,
0.7735849056603774,0.7904667328699106,0.7625368798717855,0.7904667328699106,0.7616263647532915,
0.8062317429406037,0.8227848101265823,0.8023163560251172,0.8227848101265823,0.8069070176801014,
0.8097125867195243,0.8156590683845392,0.8012030953086945,0.8156590683845392,0.8066496494493909,
0.8185365853658536,0.8058536585365854,0.7751304327433723,0.8058536585365854,0.7847749664632674,
0.8007889546351085,0.8136094674556213,0.7827327375916976,0.8136094674556213,0.7739911734125569,
0.8303145853193518,0.8408007626310772,0.8134544256247466,0.8408007626310772,0.8151878885040429,
0.8276199804113614,0.8188050930460333,0.7986097138659577,0.8188050930460333,0.8061086113139748,
0.8109161793372319,0.8128654970760234,0.7787938582321929,0.8128654970760234,0.7832982906036982,
0.8001978239366964,0.8288822947576657,0.8090045996005037,0.8288822947576657,0.8091694129106842,
0.7891156462585034,0.793002915451895,0.765603765090942,0.793002915451895,0.7716806238219037,
0.7880539499036608,0.7967244701348748,0.7682697979340806,0.7967244701348748,0.7723528649142167,
0.8052837573385518,0.8072407045009785,0.7770048671341391,0.8072407045009785,0.7830071001435275,
0.8,0.8182692307692307,0.7939739524238987,0.8182692307692307,0.7956443955504051,
0.7929342492639843,0.8145240431795878,0.7911547801236618,0.8145240431795878,0.7920966859363591,
0.8112488083889419,0.8226882745471878,0.79484021158411,0.8226882745471878,0.7969428109946872,
0.8126829268292682,0.8273170731707317,0.8020524584197343,0.8273170731707317,0.8042883647488122,
0.8077294685990338,0.8164251207729468,0.7887741638653281,0.8164251207729468,0.7929291064169689,
0.7954768928220256,0.8023598820058997,0.777874499319241,0.8023598820058997,0.7837946934139823,
0.797270955165692,0.8118908382066277,0.785316806208224,0.8118908382066277,0.7872025743370773,
0.8175803402646503,0.8213610586011342,0.7866592179986726,0.8213610586011342,0.7890253004609441,
0.8045186640471512,0.8163064833005894,0.7915140420726869,0.8163064833005894,0.7958951085563155,
0.8113391984359726,0.8191593352883676,0.7910316882874812,0.8191593352883676,0.795256337740969,
0.8204365079365079,0.8244047619047619,0.798410959431424,0.8244047619047619,0.8045894994563243,
