Majority Class Accuracy,Accuracy,Precision,Recall,F Score,Support
0.7980487804878049,0.8039024390243903,0.7797420315071222,0.8039024390243903,0.7859069318272992,
0.8227848101265823,0.8461538461538461,0.8318943626206196,0.8461538461538461,0.8361153817995461,
0.7902439024390244,0.8165853658536585,0.7941054385699137,0.8165853658536585,0.7908920766953336,
0.8228346456692913,0.8179133858267716,0.7809839946477278,0.8179133858267716,0.7884690950362839,
0.7931726907630522,0.8192771084337349,0.8010698745735334,0.8192771084337349,0.804615591552814,
0.8035538005923001,0.8134254689042448,0.7870141597270319,0.8134254689042448,0.7913918288714195,
0.80811078140455,0.8239366963402571,0.8063634807038542,0.8239366963402571,0.8114821000798652,
0.7992087042532147,0.820969337289812,0.7967268742411171,0.820969337289812,0.7937732403667982,
0.7964946445959105,0.801363193768257,0.7751608564328539,0.801363193768257,0.7812353463856463,
0.8023833167825224,0.8162859980139027,0.7890796172821991,0.8162859980139027,0.7904517850192246,
0.811284046692607,0.8073929961089494,0.7850740678744084,0.8073929961089494,0.7925289455444718,
0.8015414258188824,0.8227360308285164,0.7982524444312201,0.8227360308285164,0.7945126510425674,
0.793635486981678,0.8100289296046287,0.7875709770947191,0.8100289296046287,0.7917370822618093,
0.7982370225269344,0.8109696376101861,0.7919178713165581,0.8109696376101861,0.7974252615223422,
0.799,0.812,0.788950913591234,0.812,0.7937450720410147,
0.7682186234817814,0.7834008097165992,0.7546289481361673,0.7834008097165992,0.7543559570551776,
0.8031189083820662,0.8323586744639376,0.8136771117952268,0.8323586744639376,0.8018733039541461,
0.8121927236971485,0.8112094395280236,0.7987799032504308,0.8112094395280236,0.8038904943123606,
0.7766059443911792,0.7890699904122723,0.7569502083302727,0.7890699904122723,0.752976341785054,
0.8204633204633205,0.8127413127413128,0.7907682993723743,0.8127413127413128,0.7985357433195523,
0.8206364513018322,0.8225650916104147,0.7927103007018734,0.8225650916104147,0.7987066861973252,
0.8365384615384616,0.8317307692307693,0.8084926816992072,0.8317307692307693,0.8161853912915151,
0.81237721021611,0.8163064833005894,0.7932105013734051,0.8163064833005894,0.7997372496846494,
0.80811078140455,0.8288822947576657,0.8066750199055122,0.8288822947576657,0.8084778311300926,
0.7930693069306931,0.8158415841584158,0.7945956032891424,0.8158415841584158,0.7972715152479298,
0.8143540669856459,0.8478468899521531,0.8306569728214713,0.8478468899521531,0.8283983463365269,
0.7950980392156862,0.8225490196078431,0.801327526718842,0.8225490196078431,0.7925609690551813,
0.8146679881070367,0.8097125867195243,0.7773203561112381,0.8097125867195243,0.7852716913914405,
0.811411992263056,0.8307543520309478,0.8072836202933247,0.8307543520309478,0.8080371520048171,
0.8048076923076923,0.8134615384615385,0.79083282441399,0.8134615384615385,0.7966210821105228,
