Majority Class Accuracy,Accuracy,Precision,Recall,F Score,Support
0.8005865102639296,0.7732160312805474,0.7665538206671452,0.7732160312805474,0.7696846865069134,
0.7968596663395485,0.7477919528949951,0.7554772165777452,0.7477919528949951,0.7514318745816729,
0.8135922330097087,0.7873786407766991,0.7835411647516461,0.7873786407766991,0.7853950159891676,
0.8103448275862069,0.7681992337164751,0.7825029745569477,0.7681992337164751,0.7746304586700006,
0.7976539589442815,0.7800586510263929,0.7844496741340418,0.7800586510263929,0.7821586970307451,
0.8094302554027505,0.7789783889980354,0.7715689559683822,0.7789783889980354,0.775042890103868,
0.8305744888023369,0.7916260954235638,0.8001581549656286,0.7916260954235638,0.7956390455903639,
0.8087121212121212,0.7982954545454546,0.7904070818684078,0.7982954545454546,0.7939906218558137,
0.7862745098039216,0.7803921568627451,0.7760439220176514,0.7803921568627451,0.7780998743603549,
0.8260869565217391,0.7658102766798419,0.7735842621954483,0.7658102766798419,0.7695361684430042,
0.7980295566502463,0.7812807881773399,0.7781078982379839,0.7812807881773399,0.7796418712527822,
0.8401162790697675,0.7906976744186046,0.8137565474142404,0.7906976744186046,0.8006488740265131,
0.8072763028515241,0.8023598820058997,0.8012118968728359,0.8023598820058997,0.8017779925343361,
0.8227848101265823,0.7896786757546251,0.8078776945040016,0.7896786757546251,0.7975412731146533,
0.8035019455252919,0.7665369649805448,0.7814353803150544,0.7665369649805448,0.7731453665847721,
0.8093869731800766,0.7701149425287356,0.7824672714785986,0.7701149425287356,0.7757333939596192,
0.8068756319514662,0.7704752275025278,0.7782463321295404,0.7704752275025278,0.7741292858087583,
0.810546875,0.7529296875,0.7601826570618193,0.7529296875,0.7564013098474964,
0.78702807357212,0.7705711519845111,0.7604586040385989,0.7705711519845111,0.7649454001183184,
0.8130393096836049,0.7593480345158198,0.772025016656298,0.7593480345158198,0.7651923697423495,
0.8031651829871415,0.7823936696340257,0.7857082796570624,0.7823936696340257,0.7839989448360866,
0.8033431661750245,0.7492625368731564,0.7459345671103688,0.7492625368731564,0.7475642903826405,
0.8111888111888111,0.7742257742257742,0.7954211557011401,0.7742257742257742,0.7831822086610808,
0.8092369477911646,0.7740963855421686,0.7727329271741488,0.7740963855421686,0.7734073823935566,
0.8060135790494666,0.7817652764306499,0.790536700641111,0.7817652764306499,0.7858118021556848,
0.7950738916256158,0.7645320197044335,0.7615940281406056,0.7645320197044335,0.7630254258206529,
0.7976190476190477,0.7748015873015873,0.7711066506269458,0.7748015873015873,0.7728884673030753,
0.8125613346418057,0.7585868498527969,0.7614932787468277,0.7585868498527969,0.760014513374286,
0.8339882121807466,0.769155206286837,0.8000661314199178,0.769155206286837,0.782153736134484,
0.7992315081652257,0.765609990393852,0.7647702996188023,0.765609990393852,0.7651872431526369,
