Majority Class Accuracy,Accuracy,Precision,Recall,F Score,Support
0.8009615384615385,0.8163461538461538,0.7923538443155433,0.8163461538461538,0.7958564540872234,
0.8218503937007874,0.8336614173228346,0.8138203488809302,0.8336614173228346,0.8191609182209809,
0.8015873015873016,0.8184523809523809,0.7921185768363954,0.8184523809523809,0.7916812634507314,
0.7980676328502415,0.8115942028985508,0.786168531621023,0.8115942028985508,0.7896582367841868,
0.8333333333333334,0.8199233716475096,0.7953216374269005,0.8199233716475096,0.8041666666666666,
0.7948717948717948,0.8155818540433925,0.791843466262071,0.8155818540433925,0.7927769922483507,
0.8179162609542356,0.7964946445959105,0.7731532604773536,0.7964946445959105,0.7821766686815613,
0.8050251256281407,0.8201005025125628,0.795992241947826,0.8201005025125628,0.7993992196638889,
0.8201160541586073,0.8220502901353965,0.7993967680906086,0.8220502901353965,0.8061924049715259,
0.8139079333986288,0.8295788442703232,0.8062509751149158,0.8295788442703232,0.8094969420383156,
0.7993951612903226,0.8014112903225806,0.7803995107860817,0.8014112903225806,0.7871156968684967,
0.820079522862823,0.831013916500994,0.8061102940119907,0.831013916500994,0.810269773637948,
0.8043264503441495,0.8210422812192724,0.7966164804970528,0.8210422812192724,0.7989040612421084,
0.7990430622009569,0.815311004784689,0.7906520732533872,0.815311004784689,0.7932883815156068,
0.808,0.812,0.7896380080636374,0.812,0.7961790321495075,
0.8163064833005894,0.8084479371316307,0.7866738621650212,0.8084479371316307,0.7944021989704014,
0.781586679725759,0.8060724779627816,0.7842971498522452,0.8060724779627816,0.7861576112025802,
0.8032786885245902,0.8071359691417551,0.7747684000012827,0.8071359691417551,0.7790574769150537,
0.8007889546351085,0.7998027613412229,0.7624919035117825,0.7998027613412229,0.7674447355923937,
0.806640625,0.8193359375,0.7936745057341086,0.8193359375,0.7971005435677134,
0.7974434611602753,0.8200589970501475,0.7964228080264455,0.8200589970501475,0.7947574503000047,
0.8223300970873786,0.8262135922330097,0.8035646444585912,0.8262135922330097,0.8100485277397739,
0.8127413127413128,0.8001930501930502,0.7750687480309798,0.8001930501930502,0.7838014578478391,
0.8015873015873016,0.7946428571428571,0.7601381637926489,0.7946428571428571,0.7683620381687851,
0.8105263157894737,0.8191387559808613,0.7956430332028419,0.8191387559808613,0.8012424409804667,
0.7904483430799221,0.7943469785575049,0.7642003254525942,0.7943469785575049,0.7695072852358907,
0.8029556650246306,0.812807881773399,0.780957712322122,0.812807881773399,0.7799618427868132,
0.800575263662512,0.825503355704698,0.8122257100944766,0.825503355704698,0.8165608111711659,
0.796828543111992,0.8107036669970268,0.786573770077551,0.8107036669970268,0.7907015064249102,
0.8,0.8080808080808081,0.78397673188789,0.8080808080808081,0.7896837349397591,
