Majority Class Accuracy,Accuracy,Precision,Recall,F Score,Support
0.8045862412761715,0.7826520438683948,0.7793032077244315,0.7826520438683948,0.7809240025505071,
0.8045540796963947,0.7760910815939279,0.780214417226844,0.7760910815939279,0.7780800067882047,
0.8021978021978022,0.7612387612387612,0.7689512156581215,0.7612387612387612,0.7648755336353336,
0.7878495660559306,0.7666345226615237,0.7612428786990744,0.7666345226615237,0.7637911155253259,
0.7861328125,0.779296875,0.7685969207418496,0.779296875,0.7732014156653515,
0.8182701652089407,0.793974732750243,0.7931179974414331,0.793974732750243,0.7935430990540764,
0.8060724779627816,0.7825661116552399,0.7784076975029076,0.7825661116552399,0.7804061137969428,
0.7702169625246549,0.7504930966469427,0.739769802288656,0.7504930966469427,0.7444882107343268,
0.8075801749271136,0.7696793002915452,0.774548554063107,0.7696793002915452,0.7720244715263196,
0.782,0.769,0.7559545050196976,0.769,0.7614470952075721,
0.814299900695134,0.7845084409136047,0.7885150395306535,0.7845084409136047,0.7864457754803769,
0.8238141335914811,0.7686350435624395,0.78579068169753,0.7686350435624395,0.7763537830977648,
0.8086172344689379,0.7855711422845691,0.7942134170483002,0.7855711422845691,0.7895599685172201,
0.8055009823182712,0.7829076620825147,0.7900293713988089,0.7829076620825147,0.7862387049387346,
0.8125,0.7692307692307693,0.7755802371040829,0.7692307692307693,0.7722654126987879,
0.8196881091617934,0.7797270955165692,0.7871300946975206,0.7797270955165692,0.7832346040255328,
0.8147792706333973,0.791746641074856,0.7913298803206503,0.791746641074856,0.7915374692062797,
0.7898406374501992,0.7758964143426295,0.7640537633715407,0.7758964143426295,0.7691606916927047,
0.7907662082514735,0.768172888015717,0.7705810304703415,0.768172888015717,0.7693492066602757,
0.8048543689320389,0.7553398058252427,0.7672445876400263,0.7553398058252427,0.7608221870546604,
0.7984344422700587,0.7485322896281801,0.753534130515162,0.7485322896281801,0.7509487426299898,
0.7932405566600398,0.7723658051689861,0.7703478105046023,0.7723658051689861,0.7713366252166414,
0.8021760633036598,0.7903066271018794,0.7848328020319979,0.7903066271018794,0.7874011185747334,
0.8025415444770283,0.7673509286412512,0.7673509286412512,0.7673509286412512,0.7673509286412512,
0.8138401559454191,0.7680311890838206,0.7791976556090552,0.7680311890838206,0.7731962644515321,
0.8045186640471512,0.7593320235756386,0.7597896421863667,0.7593320235756386,0.7595601036680605,
0.7907662082514735,0.756385068762279,0.7420333230122358,0.756385068762279,0.7483392680204601,
0.7977099236641222,0.7624045801526718,0.7569631169541411,0.7624045801526718,0.7595635285498564,
0.7996031746031746,0.7797619047619048,0.7756951739028944,0.7797619047619048,0.7776459141243484,
0.8102613746369797,0.7705711519845111,0.7719149873347321,0.7705711519845111,0.7712364502825084,
