Majority Class Accuracy,Accuracy,Precision,Recall,F Score,Support
0.8231768231768232,0.8051948051948052,0.8021780159388994,0.8051948051948052,0.8036418860312919,
0.8135265700483092,0.7806763285024154,0.7828659038570213,0.7806763285024154,0.7817520848703398,
0.7945205479452054,0.776908023483366,0.776908023483366,0.776908023483366,0.776908023483366,
0.8277830637488106,0.7706945765937203,0.779109072933522,0.7706945765937203,0.7747060880199057,
0.8151093439363817,0.7693836978131213,0.776060337725508,0.7693836978131213,0.7725730456245632,
0.8283220174587779,0.8011639185257032,0.8060654037451017,0.8011639185257032,0.8035156482225585,
0.8056918547595682,0.7772325809617272,0.787981795863938,0.7772325809617272,0.7821247420627105,
0.8013245033112583,0.7682119205298014,0.7719506858841688,0.7682119205298014,0.7700242454108864,
0.798219584569733,0.7744807121661721,0.7662655222394363,0.7744807121661721,0.7700485263871568,
0.7829827915869981,0.7581261950286807,0.7631631766689283,0.7581261950286807,0.7605252516981178,
0.8046875,0.7724609375,0.7625309854821603,0.7724609375,0.7670860388321927,
0.8103112840466926,0.7733463035019456,0.786265288862801,0.7733463035019456,0.7791823049975684,
0.7920792079207921,0.7693069306930693,0.7672857847820838,0.7693069306930693,0.7682765484070082,
0.8321816386969397,0.7670286278381047,0.7829706436254887,0.7670286278381047,0.7743631652597703,
0.8317025440313112,0.7964774951076321,0.8049412668261803,0.7964774951076321,0.8004484441851597,
0.8157635467980295,0.7793103448275862,0.7738099929627023,0.7793103448275862,0.7764463529195694,
0.7917888563049853,0.7556207233626588,0.7556207233626588,0.7556207233626588,0.7556207233626588,
0.8144230769230769,0.7817307692307692,0.7795467533789755,0.7817307692307692,0.7806197295186881,
0.7922848664688428,0.7784371909000989,0.7784371909000989,0.7784371909000989,0.7784371909000989,
0.8214990138067061,0.7938856015779092,0.7925487452849505,0.7938856015779092,0.7932096429736053,
0.8131313131313131,0.7747474747474747,0.7770896464646465,0.7747474747474747,0.7758982976179237,
0.7947214076246334,0.7839687194525904,0.7790600783928806,0.7839687194525904,0.7813753323800756,
0.8045186640471512,0.7986247544204322,0.791476142247813,0.7986247544204322,0.7947316251573848,
0.7831683168316832,0.7673267326732673,0.7526772436279773,0.7673267326732673,0.7587544517440338,
0.8213592233009709,0.7893203883495146,0.8050579961098141,0.7893203883495146,0.7962439655603696,
0.8111002921129503,0.7809152872444012,0.7778835956795748,0.7809152872444012,0.7793610342387662,
0.7974308300395256,0.741106719367589,0.7532406078584333,0.741106719367589,0.746706611001447,
0.8083252662149081,0.7734753146176185,0.7717291462277628,0.7734753146176185,0.7725902152385796,
0.7925270403146509,0.7728613569321534,0.7862596542091967,0.7728613569321534,0.7787247330769331,
0.791459781529295,0.7825223435948362,0.781381363067225,0.7825223435948362,0.7819443181727134,
