Majority Class Accuracy,Accuracy,Precision,Recall,F Score,Support
0.7596525096525096,0.749034749034749,0.7312333776067426,0.749034749034749,0.7379355487463595,
0.8062622309197651,0.7661448140900196,0.7638989610702951,0.7661448140900196,0.7650032593077418,
0.800383877159309,0.7696737044145874,0.7746722588254173,0.7696737044145874,0.7720680621534715,
0.7978723404255319,0.7649903288201161,0.7662501062218146,0.7649903288201161,0.7656136211306148,
0.7986179664363278,0.7709772951628825,0.7701381232125596,0.7709772951628825,0.7705545718707943,
0.8007626310772163,0.7626310772163966,0.7733090269920555,0.7626310772163966,0.7675360292806271,
0.8052580331061344,0.7877312560856865,0.786125241051113,0.7877312560856865,0.7869152456958414,
0.8137730358874878,0.7846750727449079,0.7786197077984511,0.7846750727449079,0.7814921820720777,
0.811411992263056,0.7794970986460348,0.7794970986460348,0.7794970986460348,0.7794970986460348,
0.804642166344294,0.7920696324951644,0.7893547090615535,0.7920696324951644,0.7906720146511245,
0.812015503875969,0.7906976744186046,0.7890416534624968,0.7906976744186046,0.7898567275747509,
0.8,0.7884615384615384,0.7794595692807802,0.7884615384615384,0.7834896991972146,
0.8071216617210683,0.7725024727992087,0.7742780499976899,0.7725024727992087,0.7733778015903067,
0.8262164846077458,0.8003972194637538,0.8080754947981714,0.8003972194637538,0.8039900424351448,
0.804284323271665,0.7633885102239533,0.7700582525010096,0.7633885102239533,0.7665600648040412,
0.7903381642512077,0.7835748792270532,0.785786233511474,0.7835748792270532,0.7846521766073646,
0.8082454458293384,0.7651006711409396,0.7691232197761908,0.7651006711409396,0.7670548178817137,
0.8174831892411143,0.7829010566762729,0.7873350763751584,0.7829010566762729,0.7850428311216834,
0.8393030009680542,0.7899322362052275,0.7975170287070898,0.7899322362052275,0.7935560797196496,
0.8015794669299111,0.773938795656466,0.7828857476578692,0.773938795656466,0.7780694937444428,
0.810377358490566,0.7830188679245284,0.780539946475163,0.7830188679245284,0.7817526488454125,
0.7946954813359528,0.7711198428290766,0.7723396577785082,0.7711198428290766,0.7717227481356121,
0.8304431599229287,0.791907514450867,0.7993982791055723,0.791907514450867,0.7954565920732557,
0.8123167155425219,0.7663734115347018,0.7752123383367157,0.7663734115347018,0.7705298843853416,
0.8021547502448579,0.7806072477962782,0.7847171864890977,0.7806072477962782,0.7825831080525966,
0.8228460793804453,0.7899322362052275,0.8020997752857323,0.7899322362052275,0.7954531969488653,
0.817,0.783,0.7779272834512976,0.783,0.7803635600839077,
0.8176527643064986,0.7885548011639185,0.7859330882057454,0.7885548011639185,0.7872152834676309,
0.797676669893514,0.7812197483059051,0.7835724717682047,0.7812197483059051,0.7823680014711808,
0.8237547892720306,0.7787356321839081,0.7960474274829069,0.7787356321839081,0.7864105710398251,
