Majority Class Accuracy,Accuracy,Precision,Recall,F Score,Support
0.22132770225682988,0.22132770225682988,0.04898595178628794,0.22132770225682988,0.0802175398065061,
0.22255896692581367,0.22242719725919094,0.049542336301038305,0.22242719725919094,0.08103527527410989,
0.21362433862433863,0.21322751322751324,0.04564114431576327,0.21322751322751324,0.07518830433677597,
0.2198647394244795,0.21973213101710648,0.06747949466626696,0.21973213101710648,0.079483586440922,
0.22267687434002112,0.22267687434002112,0.049584990365841554,0.22267687434002112,0.08110890359745561,
0.22627544277028813,0.22627544277028813,0.05120057600088994,0.22627544277028813,0.08350583272746999,
0.22524916943521595,0.22538205980066445,0.09487702517797186,0.22538205980066445,0.08311131918439951,
0.21617724174095437,0.21578395385422128,0.06762963102721548,0.21578395385422128,0.0790390605192158,
0.22107901332278063,0.2209471046036143,0.048859657912080426,0.2209471046036143,0.08002319769111996,
0.22607415339312006,0.22607415339312006,0.051109522832415974,0.22607415339312006,0.0833710142098209,
0.23134031552432718,0.23134031552432718,0.05351834158689526,0.23134031552432718,0.08692697041127283,
0.22355896351136964,0.22355896351136964,0.049985218471205344,0.22355896351136964,0.08170265988712472,
0.22013493848392646,0.2202672311152269,0.06513087204852727,0.2202672311152269,0.08404741891564435,
0.22077749767812127,0.22077749767812127,0.048742703481012846,0.22077749767812127,0.07985518011876834,
0.22571656050955413,0.22571656050955413,0.050947965688263215,0.22571656050955413,0.08313172446178448,
0.2147198731501057,0.2148520084566596,0.08067439300299833,0.2148520084566596,0.07669937440386049,
0.21712619300106045,0.21712619300106045,0.04714378368713375,0.21712619300106045,0.0774673718439854,
0.2230083857442348,0.2230083857442348,0.04973274011224942,0.2230083857442348,0.08132853493393777,
0.2142198815009875,0.2142198815009875,0.04589015763029713,0.2142198815009875,0.07558788705315694,
0.22129186602870812,0.22129186602870812,0.04897008997046771,0.22129186602870812,0.08019391814948287,
0.22375397667020147,0.22375397667020147,0.05006584207572906,0.22375397667020147,0.08182337795045497,
0.2221630261054875,0.2221630261054875,0.07914125772173816,0.2221630261054875,0.08102972915565387,
0.21878306878306877,0.21878306878306877,0.047866031186137005,0.21878306878306877,0.07854725325964745,
0.22966570150039484,0.22966570150039484,0.05275327749350915,0.22966570150039484,0.08579889726358146,
0.2172017439556084,0.21693750825736557,0.0811319530905975,0.21693750825736557,0.07791947935243085,
0.21506939854593524,0.2152015862524785,0.06339327267095222,0.2152015862524785,0.07781526378606134,
0.23274838369177991,0.23274838369177991,0.06938339300535576,0.23274838369177991,0.0884764085301135,
0.21276878152375897,0.21276878152375897,0.045270554391105076,0.21276878152375897,0.0746565298856486,
0.22195767195767196,0.22195767195767196,0.049265208140869515,0.22195767195767196,0.08063324822363575,
0.21494084806593114,0.21494084806593114,0.0461995681673017,0.21494084806593114,0.07605237446884258,
