Majority Class Accuracy,Accuracy,Precision,Recall,F Score,Support
0.30002626050420167,0.2338497899159664,0.14592340777207982,0.23384978991596642,0.16847485514331859,
0.29367489766274923,0.230952066552225,0.13374138017893095,0.230952066552225,0.16075887358972776,
0.2899934597776324,0.22341399607586657,0.12813926711624352,0.22341399607586657,0.1544823715810405,
0.2936518410980599,0.23544938630064668,0.14031721846009637,0.23544938630064668,0.16497291234664,
0.28779840848806365,0.22917771883289126,0.13082681320970846,0.22917771883289126,0.1570604340850105,
0.2953127074757668,0.23741866949940246,0.13543611109480863,0.23741866949940246,0.1646351744888136,
0.30181432922791684,0.24606012448682293,0.1517998837008832,0.24606012448682293,0.1777902676772346,
0.2914786302097159,0.22644013804088134,0.1286751688263222,0.22644013804088134,0.1564602786943825,
0.29194541075729197,0.23360984747123362,0.1436132903907796,0.23360984747123362,0.16877683633844456,
0.28375527426160335,0.22784810126582278,0.13675551265438404,0.22784810126582278,0.15890044025156505,
0.2860369337053275,0.23369204198219742,0.1377409509972395,0.23369204198219742,0.16353915113801815,
0.2843446283162595,0.2319411610191752,0.1384703134649687,0.2319411610191752,0.16390421172726918,
0.2829307353529961,0.22687841985853463,0.13640806782642137,0.2268784198585346,0.16053335938698166,
0.28404410787830475,0.23369204198219742,0.13833568594649825,0.23369204198219742,0.16432448847033168,
0.2921392772355579,0.2396465312582432,0.14123851009679003,0.2396465312582432,0.1675966767405824,
0.2870864461045891,0.23799359658484526,0.1371119875225426,0.23799359658484526,0.16397232171512804,
0.2983945867055858,0.23961788510017248,0.1356953819205385,0.23961788510017248,0.16617540776675785,
0.28935831008369867,0.23355918692706257,0.13729573738097192,0.2335591869270626,0.16396933877010414,
0.2875661375661376,0.2253968253968254,0.12450801480368368,0.2253968253968254,0.15358128067117255,
0.2901014893897456,0.23487544483985764,0.13440225458243332,0.23487544483985764,0.16273100177071745,
0.2911713636970749,0.234940563643649,0.13544123050563478,0.234940563643649,0.16372509307622163,
0.28979537602976346,0.2321286207812915,0.1354530127342235,0.2321286207812915,0.16236556073210837,
0.2878928524068426,0.23272775493966316,0.13364243612898138,0.23272775493966316,0.16024487560380732,
0.27618922124127027,0.22493082092502306,0.13034805739835528,0.22493082092502306,0.15484293119536233,
0.29325396825396827,0.23862433862433863,0.14731332578213283,0.23862433862433863,0.17004774405175613,
0.299009900990099,0.2366996699669967,0.13833354649382623,0.2366996699669967,0.16666153585319604,
0.2864446775039329,0.23190875721027793,0.1390125529490259,0.23190875721027793,0.16368229619730798,
0.2819092827004219,0.23154008438818566,0.13006216428621148,0.23154008438818566,0.15779049622658128,
0.29234462523339555,0.23206188316884502,0.13111606445771679,0.23206188316884502,0.16084667688034143,
0.3012368666046017,0.2335416943742519,0.14193708641267436,0.2335416943742519,0.16726227190707008,
