Majority Class Accuracy,Accuracy,Precision,Recall,F Score,Support
0.19307784113512796,0.17888874154621404,0.06860964451991365,0.17888874154621404,0.08460411997356382,
0.18447114749768917,0.17562392710946784,0.06487331161606692,0.17562392710946784,0.08084408475333318,
0.1845682302771855,0.1736407249466951,0.07787053216506659,0.1736407249466951,0.0759494832216727,
0.18610160568570677,0.18004738088970781,0.0847449720678742,0.18004738088970781,0.0830158779630887,
0.185691741188848,0.1804313519200421,0.06987479037079124,0.1804313519200421,0.081008364631794,
0.18716082064857711,0.18041032428855064,0.09182537748869518,0.18041032428855064,0.08029435855841068,
0.18472679394338382,0.17116524028966426,0.06982076974356138,0.17116524028966426,0.07599165743469616,
0.1840644820295983,0.1781183932346723,0.07924092846639444,0.1781183932346723,0.07676891436012799,
0.17984946520533474,0.17271886966855934,0.06330183055910125,0.17271886966855934,0.07926570431986459,
0.18685396236416646,0.17704744235356482,0.09010921653598335,0.17704744235356482,0.07934465986620728,
0.19352290679304898,0.18246445497630331,0.0697133219499186,0.18246445497630331,0.0831005459640738,
0.180780461906026,0.17772763472259093,0.08018316307027758,0.17772763472259093,0.07858273519859127,
0.18693453964874934,0.17575838211814795,0.06711755344044337,0.17575838211814795,0.08124605638661277,
0.18767322159165897,0.17830275834763099,0.08616448012097522,0.17830275834763099,0.07910871268052655,
0.1830047948854555,0.1711507725093234,0.06501533739839313,0.1711507725093234,0.07722789599174154,
0.188272416513279,0.18064685774388642,0.07186827820394233,0.18064685774388642,0.08382806391460002,
0.18701679552119435,0.18021860837110104,0.08468380216010299,0.18021860837110104,0.08361419222984712,
0.18543829675384413,0.17939282428702852,0.07002244890200471,0.17939282428702852,0.08155817971668379,
0.19359916054564533,0.18349947534102834,0.08039657462002817,0.18349947534102834,0.08620466942492513,
0.18718626155878468,0.17767503302509907,0.07288051512714544,0.17767503302509907,0.08311807341572221,
0.187871581450654,0.18113357114546175,0.06622905011722208,0.18113357114546175,0.08205676856824493,
0.1941253263707572,0.18511749347258485,0.0892887850788155,0.18511749347258485,0.08354109735012481,
0.18661925457658368,0.17713683655998946,0.06654689271622799,0.17713683655998946,0.07936755276351055,
0.19035765753963055,0.1800078606052666,0.0693175240222131,0.1800078606052666,0.08287675909468953,
0.1876397107166338,0.17685733070348456,0.07790052621174692,0.17685733070348456,0.0791203551467968,
0.1930517173312278,0.18239242005527043,0.06866568148989824,0.18239242005527043,0.08508034431773492,
0.1843774781919112,0.17856198784033836,0.06827381005210474,0.17856198784033836,0.08228476291394851,
0.18410596026490067,0.1805298013245033,0.07239913398931982,0.1805298013245033,0.08075424956142532,
0.1820570077499015,0.17207408380401945,0.06298932214713815,0.17207408380401945,0.07635173847791593,
0.18761651131824233,0.17749667110519307,0.07576058770175095,0.17749667110519307,0.0821697373225847,
