Majority Class Accuracy,Accuracy,Precision,Recall,F Score,Support
0.013793103448275862,0.0129973474801061,0.013295106236140958,0.0129973474801061,0.008825290906077731,
0.012964677867442783,0.014684482074348458,0.014588074285355888,0.014684482074348458,0.010798960577470769,
0.011650999602806831,0.012312988216602674,0.018132783698886917,0.012312988216602674,0.010272269675332483,
0.013040042149631191,0.014884088514225501,0.014908460860286299,0.014884088514225501,0.011299567577372433,
0.014609107659910503,0.012898131087128192,0.013978187528048514,0.012898131087128192,0.010204776632765897,
0.014919408552018116,0.012921273478087119,0.014107981125535678,0.012921273478087119,0.009630703965814268,
0.012983571807101218,0.01377848436671966,0.014670089607562104,0.01377848436671966,0.010447247107312216,
0.013329813910518675,0.015969381021512474,0.014213994036884158,0.015969381021512474,0.01107968091340406,
0.011003579477661408,0.01299217817844359,0.00932536622096916,0.01299217817844359,0.008916940894387567,
0.012041815535265317,0.01495302368664814,0.016836480311760268,0.01495302368664814,0.010925117023214841,
0.011987880384666052,0.012910025029640363,0.014419033684802343,0.012910025029640363,0.009307951871146625,
0.012887953708574434,0.01209889531825355,0.012099713401139953,0.01209889531825355,0.008856749696506794,
0.010693069306930694,0.011617161716171618,0.012427179093716486,0.011617161716171618,0.008669910202335594,
0.013079667063020214,0.012286959968291716,0.01753194077429276,0.012286959968291716,0.009956847640914777,
0.012190274281171327,0.012322777262488406,0.012244454406362572,0.012322777262488406,0.008850600557591628,
0.012397784225797943,0.011738327618042733,0.012200797222280582,0.011738327618042733,0.009002109709454448,
0.012117177097203728,0.013848202396804262,0.010356188439217392,0.013848202396804262,0.009369948908610577,
0.014701986754966888,0.012317880794701986,0.0155958786921188,0.012317880794701986,0.009671187852609448,
0.009858044164037854,0.013538380651945322,0.015096023109499949,0.013538380651945322,0.009730097756266385,
0.011250827266710787,0.013103904698874918,0.015222455432874095,0.013103904698874918,0.010096349591588715,
0.011911064055055586,0.016807834833245102,0.015822455262827096,0.016807834833245102,0.012144965619782493,
0.01350635593220339,0.012049788135593221,0.01093845760112813,0.012049788135593221,0.00825073630963351,
0.012337577109856937,0.012468827930174564,0.009362602367305751,0.012468827930174564,0.008399864620645429,
0.013540160378598658,0.014723281188379124,0.01991823069372735,0.014723281188379124,0.010787670606295232,
0.011950098489822718,0.013131976362442548,0.012658292148810034,0.013131976362442548,0.009854373579492851,
0.012162876784769964,0.011369645690111053,0.012216492389497742,0.011369645690111053,0.008122049238202965,
0.01135913353586052,0.011887465328226127,0.009435488515759276,0.011887465328226127,0.008242477009322697,
0.010843692144935203,0.00991801110817244,0.010861140699117686,0.00991801110817244,0.00732546232055071,
0.012610009194798372,0.015762511493497965,0.01503496770608249,0.015762511493497965,0.01197092307293144,
0.010480233483682674,0.012204828867073494,0.010141580254385149,0.012204828867073494,0.008815498175527892,
