Majority Class Accuracy,Accuracy,Precision,Recall,F Score,Support
0.014649597466015574,0.01702520786590999,0.017388309749865535,0.01702520786590999,0.012654076161811113,
0.014711677393931434,0.01300407198213582,0.008521449202952927,0.01300407198213582,0.00921011347519491,
0.013758433655245404,0.017462627331657626,0.014491728696576223,0.017462627331657626,0.012059310959048402,
0.012945415721339917,0.01307887361537435,0.02156158717692322,0.01307887361537435,0.010761327571527205,
0.015139547130068457,0.014349657714586624,0.011165639798564008,0.014349657714586624,0.010913311951912067,
0.013804890875624507,0.013936366026820931,0.015266012358659499,0.013936366026820931,0.011012853971075149,
0.012463920230910521,0.014694305956441878,0.01867585803859828,0.014694305956441878,0.012320355584387061,
0.013285977374375164,0.015259142330965536,0.012264181397092946,0.015259142330965536,0.010959193722316608,
0.014108649789029535,0.01608649789029536,0.01448384326993232,0.01608649789029536,0.012632923213328647,
0.013459488272921108,0.01745735607675906,0.014369017463954607,0.01745735607675906,0.012405833229379963,
0.010548523206751054,0.015031645569620253,0.012457239424881292,0.015031645569620253,0.011011092566480772,
0.013622536701494511,0.01573865890755191,0.01267212771702793,0.01573865890755191,0.012329631296095277,
0.014412997903563941,0.015854297693920334,0.020147142130691582,0.015854297693920334,0.012562249581687675,
0.012236842105263157,0.014736842105263158,0.016237007396299356,0.014736842105263158,0.012093926227572495,
0.011660262355903008,0.013780310056976282,0.010556079292918871,0.013780310056976282,0.009864201377802988,
0.012529675547348984,0.015035610656818781,0.015044488807472304,0.015035610656818781,0.012438581658590582,
0.013986013986013986,0.015305449267713418,0.01570595812469115,0.015305449267713418,0.0117003948089028,
0.012825598307549915,0.01507338357794526,0.01268373427838445,0.01507338357794526,0.011342985131147083,
0.011860832894043227,0.014760147601476014,0.014605957655961363,0.014760147601476014,0.01118796386867745,
0.013682410209183002,0.01749769767135903,0.015139419711929636,0.01749769767135903,0.01352440259156145,
0.013303477344573236,0.01685985247629083,0.027854567103415336,0.01685985247629083,0.013643065045281877,
0.011042460891284344,0.0166951492046799,0.014722115069846968,0.0166951492046799,0.012151677310289394,
0.01279683377308707,0.013984168865435357,0.02518278876515356,0.013984168865435357,0.010291497820948426,
0.011495789332976875,0.016174308247560488,0.013278380735976435,0.016174308247560488,0.012444342741163301,
0.012105263157894737,0.016842105263157894,0.016930016160342662,0.016842105263157894,0.014296699242980652,
0.013426352507568778,0.014874292483875213,0.010809017064655917,0.014874292483875213,0.0104697922989268,
0.013292569453675395,0.015419380566263458,0.011498100094648075,0.015419380566263458,0.011761352437315237,
0.013931272389544912,0.015390739020830569,0.011218988953046051,0.015390739020830569,0.011002311836762488,
0.011339662447257384,0.015559071729957807,0.0160854999986118,0.015559071729957807,0.012137038147463282,
0.012397784225797943,0.015167501978369823,0.016311773943296252,0.015167501978369823,0.012288634756499271,
