Majority Class Accuracy,Accuracy,Precision,Recall,F Score,Support
0.03828768944429673,0.04719489497474076,0.04623170734420287,0.04719489497474076,0.04543112158018983,
0.04231479040337464,0.052728710783021354,0.05235650507930436,0.052728710783021354,0.05151196366551272,
0.03755307855626327,0.0486995753715499,0.04807484015044812,0.0486995753715499,0.04717408971961035,
0.04036527263102171,0.04923239809422975,0.049209226715483105,0.04923239809422975,0.04820042140417302,
0.039419907712590636,0.044561634805537244,0.043054413562295536,0.044561634805537244,0.04308108588026576,
0.04449152542372881,0.04899364406779661,0.048050990042685905,0.04899364406779661,0.047243843038039135,
0.04389792410419146,0.051831283882057384,0.051203044423951724,0.051831283882057384,0.05092916448232567,
0.03746359544612126,0.048583531903627214,0.04887475238262325,0.048583531903627214,0.0472656261592969,
0.03916898240042345,0.04816726214106127,0.047258716588684205,0.04816726214106127,0.04699532510750465,
0.041831097079715863,0.04919757958431992,0.046780763560625646,0.04919757958431992,0.047181450217252625,
0.03920536771477437,0.045783449546112354,0.04572473498086732,0.045783449546112354,0.04504763645404466,
0.04145349599895055,0.05076741440377804,0.049752666132591813,0.05076741440377804,0.04938376878832919,
0.03575654002892073,0.04364401209412384,0.04350199100597152,0.04364401209412384,0.0423996502047192,
0.038584353379457155,0.04630122405534859,0.04571741006575792,0.04630122405534859,0.04470165335016255,
0.04122076892588189,0.04795877923107412,0.04622558288208701,0.04795877923107412,0.046116949668629434,
0.038739330269205514,0.05265922521339462,0.05165908140063189,0.05265922521339462,0.050639413129930144,
0.03599005365789818,0.046329014526894384,0.04429422807922743,0.046329014526894384,0.04427065946941363,
0.04142403388035998,0.04777660137638962,0.04749459642979262,0.04777660137638962,0.046486333815516936,
0.040506663148172584,0.04499274310595065,0.04413218018448514,0.04499274310595065,0.043868905662773613,
0.04043730242360379,0.045310853530031614,0.04370950421380524,0.045310853530031614,0.04385615908107273,
0.037645811240721104,0.04878048780487805,0.04727360352128392,0.04878048780487805,0.04649520706623943,
0.043668701884788955,0.04632333421821078,0.04539086090922235,0.04632333421821078,0.04530908510265957,
0.04129168872419269,0.04764425622022234,0.04637283292054981,0.04764425622022234,0.04596383659845419,
0.03994673768308921,0.04487350199733688,0.04442444096314522,0.04487350199733688,0.04352492049914979,
0.04211362733412793,0.049794729174943715,0.04859872294569687,0.049794729174943715,0.047899029514230494,
0.04114845197142101,0.04789626885419423,0.04612531771600826,0.04789626885419423,0.045838826969908715,
0.038973008558262016,0.044371296905859114,0.04410185058585211,0.044371296905859114,0.043355212567284473,
0.03821740280349114,0.05210261835493256,0.05109111961182751,0.05210261835493256,0.05066113315214392,
0.04231479040337464,0.04626944371210124,0.04548535930816249,0.04626944371210124,0.04505615550950521,
0.03965631196298744,0.04534038334434898,0.04510876985128373,0.04534038334434898,0.04437319588112086,
