Majority Class Accuracy,Accuracy,Precision,Recall,F Score,Support
0.10267322782284878,0.1122489692778295,0.11349675501922236,0.1122489692778295,0.1069029383366553,
0.102880658436214,0.10619938935351121,0.10502420079249948,0.10619938935351121,0.10073467829965184,
0.09862354670586664,0.10877990110918082,0.10885527815848127,0.10877990110918082,0.10311831876044188,
0.09579253770838846,0.10690658904472082,0.10677982891021505,0.10690658904472082,0.10156391116776654,
0.09680809142256666,0.10337580454485748,0.10256558757292837,0.10337580454485748,0.09828151059509745,
0.09402728115481393,0.10806515693285658,0.10725209856339689,0.10806515693285658,0.10195329577038,
0.10616076150185087,0.10378106821787414,0.10294424458651381,0.10378106821787414,0.09781610830943807,
0.09909317912997766,0.11105270074911289,0.10912646094692167,0.11105270074911289,0.10423087164904099,
0.10041010715703136,0.10490805662124619,0.10682171970068563,0.10490805662124619,0.1008294122195572,
0.1062367864693446,0.10848308668076109,0.11048902609579418,0.10848308668076109,0.1035715301467641,
0.09603477802661047,0.10841786325912264,0.10890485874538791,0.10841786325912264,0.10363267204599605,
0.09842468428590027,0.10623616716573363,0.10665443099491254,0.10623616716573363,0.10068383560283913,
0.09614368726888536,0.10935023771790808,0.10923933694531421,0.10935023771790808,0.10383155444140255,
0.10099800399201597,0.106187624750499,0.10779446423696669,0.106187624750499,0.10126710110882586,
0.09724430312665606,0.10532591414944356,0.10381576939718652,0.10532591414944356,0.09918007298743658,
0.10152823920265781,0.10990033222591362,0.10786395635058105,0.10990033222591362,0.10408871140946593,
0.09833465503568596,0.10533967750462596,0.10502332552423715,0.10533967750462596,0.09927197923372377,
0.1013157894736842,0.10223684210526315,0.09818655035505801,0.10223684210526315,0.09522060745995736,
0.10082140964493906,0.11009538950715421,0.11056412739497841,0.11009538950715421,0.10543109828300382,
0.10063982937883231,0.1061050386563583,0.10556146747547895,0.1061050386563583,0.10093357314573559,
0.09755452742894911,0.1040317250495704,0.10236075697682895,0.1040317250495704,0.09758256436477859,
0.09657814770775532,0.11679217862333201,0.11566778177497071,0.11679217862333201,0.11149325178221856,
0.10427597061909759,0.10821091290661071,0.1083283632112676,0.10821091290661071,0.10338653792053075,
0.10060894890124437,0.1043155943870797,0.10416213346898329,0.1043155943870797,0.09913693779124032,
0.09820485744456177,0.10889651531151003,0.10857660759581064,0.10889651531151003,0.10307008972512333,
0.0964818763326226,0.10607675906183368,0.10746039925151578,0.10607675906183368,0.10162868910680055,
0.09802110817941953,0.10422163588390501,0.10407661952537381,0.10422163588390501,0.09804871903160045,
0.0947045484860611,0.11097772442310258,0.1103199875389452,0.11097772442310258,0.10523339720851585,
0.09835194045720362,0.10991493886230728,0.10833926455379994,0.10991493886230728,0.10426967275653677,
0.09803404143026785,0.1076659189866737,0.10746536299653772,0.1076659189866737,0.10189794295765653,
