Majority Class Accuracy,Accuracy,Precision,Recall,F Score,Support
0.011465471797575118,0.011201897733263046,0.011248488291682247,0.011201897733263046,0.010492444325616091,
0.012263396427619302,0.013729672087443348,0.012307720087666523,0.013729672087443348,0.012113754018768954,
0.013949780789159028,0.012355520127540853,0.013018440770526296,0.012355520127540853,0.011724900577071387,
0.012779973649538867,0.01238471673254282,0.012840406344218569,0.01238471673254282,0.0113867764095479,
0.013056221689315214,0.010524913402611245,0.009787056156612182,0.010524913402611245,0.00895230004198921,
0.013490279063615924,0.010316095754529825,0.011670638242909417,0.010316095754529825,0.009941703305601589,
0.010755508919202518,0.01285414480587618,0.012499524173317917,0.01285414480587618,0.011777376006361423,
0.013133457150437781,0.01379676306712656,0.015826460451314903,0.01379676306712656,0.013465156198745111,
0.014931289640591967,0.01004228329809725,0.008796921027665392,0.01004228329809725,0.008726052171929101,
0.013433425523508494,0.011589622020281838,0.01138722889035446,0.011589622020281838,0.010663734857959874,
0.012955790036062509,0.011887271270201684,0.011197249681542832,0.011887271270201684,0.010418342530034909,
0.013270266719222178,0.011168046248850347,0.012000400451621448,0.011168046248850347,0.010362623743965413,
0.011538461538461539,0.014456233421750663,0.013468234176559095,0.014456233421750663,0.012849436392748449,
0.013207043756670225,0.012806830309498399,0.011819406322903436,0.012806830309498399,0.011270564092638498,
0.013361555761344093,0.011244873660537108,0.011003094487964576,0.011244873660537108,0.010237887650127703,
0.012150026413100899,0.011885895404120444,0.01124854959294907,0.011885895404120444,0.01045368093909074,
0.013345665961945032,0.009381606765327696,0.010388309356954678,0.009381606765327696,0.009165924095836595,
0.012204724409448819,0.01062992125984252,0.008949341330063207,0.01062992125984252,0.009074171636108786,
0.014594666312856575,0.009818230065012604,0.008969448933684655,0.009818230065012604,0.008714411688793335,
0.014183457051961824,0.012460233297985153,0.012901859869320966,0.012460233297985153,0.011761840582901549,
0.010329757647993643,0.010991921599788108,0.008333381336590331,0.010991921599788108,0.008735325682074841,
0.012941176470588235,0.012287581699346406,0.011069181434578695,0.012287581699346406,0.01088325021384951,
0.01216931216931217,0.013095238095238096,0.011129506137395441,0.013095238095238096,0.01135856597266936,
0.012629619781972879,0.011300186120712576,0.010044742614162327,0.011300186120712576,0.00997194614756438,
0.012825598307549915,0.011371149014941162,0.010850917548706488,0.011371149014941162,0.010180528085683099,
0.012961248512101575,0.013490279063615924,0.012372739103050685,0.013490279063615924,0.011615503785687842,
0.012449220285676844,0.010745642772900013,0.011558443626265189,0.010745642772900013,0.010286769516885529,
0.01393819855358317,0.011439842209072978,0.011641628035617085,0.011439842209072978,0.010546063605424413,
0.01244209133024487,0.011780277961614825,0.011596396582240182,0.011780277961614825,0.010911946263528698,
0.01217414317850999,0.01217414317850999,0.01170844810030234,0.01217414317850999,0.011031711353381699,
