Majority Class Accuracy,Accuracy,Precision,Recall,F Score,Support
0.07037621678505657,0.06656143120231518,0.0633702290746925,0.06656143120231518,0.05921380135643539,
0.06980433632998413,0.06702802749867795,0.06770721139446444,0.06702802749867795,0.0612965287997302,
0.06379287334845857,0.07647137328172962,0.07584964424309738,0.07647137328172962,0.0697170613961499,
0.06769722814498934,0.06942963752665245,0.07082880780090688,0.06942963752665245,0.06433206783334429,
0.06513359032300944,0.07231157782799415,0.07211893549216489,0.07231157782799415,0.06566479845149302,
0.06566529310115646,0.06978598963179583,0.06851581384328148,0.06978598963179583,0.06319467688728932,
0.06478427233144214,0.07124950521176936,0.07084891870030832,0.07124950521176936,0.06427403694804157,
0.06304520222045995,0.07388316151202749,0.0737996494060137,0.07388316151202749,0.06589749985039782,
0.06613756613756613,0.07248677248677249,0.07308928074584167,0.07248677248677249,0.06603135745189112,
0.06598046978094484,0.07403008709422011,0.07431723612125103,0.07403008709422011,0.06660863712107515,
0.06853128313891835,0.07356839872746554,0.07166147946538018,0.07356839872746554,0.06639233360070979,
0.06493677555321391,0.07099578503688092,0.07106491491662642,0.07099578503688092,0.06403290112541352,
0.06646325285221544,0.0728309896524277,0.07110781350263677,0.0728309896524277,0.06553602269357676,
0.06575451647183847,0.07478746014877789,0.0740556844809516,0.07478746014877789,0.0668862058448386,
0.06451612903225806,0.0700915969733174,0.06787249920976905,0.0700915969733174,0.06193759818008724,
0.06906077348066299,0.07379636937647988,0.07183150775634431,0.07379636937647988,0.06585637489093533,
0.06836815657233536,0.0716741602750595,0.07151742905684481,0.0716741602750595,0.06500195268929612,
0.06321533138142135,0.07293052967793452,0.07056550371717116,0.07293052967793452,0.06410098806157273,
0.07204458007164655,0.07536154968820485,0.07325708864346009,0.07536154968820485,0.06805921164824838,
0.07075098814229248,0.07865612648221344,0.07680698543221505,0.07865612648221344,0.07103674838021011,
0.06603149397909223,0.07278020378457059,0.0752159925974285,0.07278020378457059,0.06614401388114437,
0.06724367509986684,0.06844207723035953,0.0694062219775848,0.06844207723035953,0.06246532003130833,
0.0656452252014265,0.0744947827235504,0.07485973405922197,0.0744947827235504,0.06758445335996544,
0.06597637063586885,0.07221558476038763,0.07042919634430372,0.07221558476038763,0.06536462789095784,
0.06586039174444591,0.07348494807414224,0.07178609657559956,0.07348494807414224,0.06599754964127452,
0.06916235231647418,0.07088809239346874,0.06924144361452614,0.07088809239346874,0.06305466601426603,
0.06999867426753281,0.0731804321887843,0.07579598623907302,0.0731804321887843,0.06731728531190696,
0.07225891677675034,0.071334214002642,0.07275992318231281,0.071334214002642,0.06511088043644123,
0.07023588656241718,0.06970580439968195,0.06922125204938812,0.06970580439968195,0.06288840007640567,
0.06633939233116624,0.0628897439299456,0.058819033318300636,0.0628897439299456,0.05513898664345175,
