Majority Class Accuracy,Accuracy,Precision,Recall,F Score,Support
0.24747673351684363,0.24747673351684363,0.06124473363216683,0.24747673351684363,0.09818978099817184,
0.24986835176408637,0.24986835176408637,0.0624341932133012,0.24986835176408637,0.09990523101921969,
0.25439175802403907,0.25439175802403907,0.06471516655056125,0.25439175802403907,0.1031817470684004,
0.25286901464186784,0.25286901464186784,0.06394273856594916,0.25286901464186784,0.10207410003547286,
0.2478519497686715,0.2478519497686715,0.06143058900413206,0.2478519497686715,0.09845813682547862,
0.2511634091211275,0.2511634091211275,0.06308305808134687,0.2511634091211275,0.10083903928370029,
0.24495715227422543,0.24495715227422543,0.06000400645029807,0.24495715227422543,0.0963952957588713,
0.24667106130520763,0.24667106130520763,0.060846612485437504,0.24667106130520763,0.09761454223816486,
0.2562926061877294,0.2562926061877294,0.06568589998649857,0.2562926061877294,0.10457102057748326,
0.24474513925380978,0.24474513925380978,0.059900183188366735,0.24474513925380978,0.09624489592186757,
0.24185068349106204,0.24185068349106204,0.058491753105093865,0.24185068349106204,0.09420094361209867,
0.24758117958913187,0.24758117958913187,0.061296440486745964,0.24758117958913187,0.09826445202857714,
0.2582178217821782,0.25716171617161715,0.07803756587826653,0.25716171617161715,0.1079035175143938,
0.2500330207370228,0.24950468894465724,0.06256621753506904,0.24950468894465724,0.10004498542093543,
0.2519893899204244,0.2519893899204244,0.06349865263246769,0.2519893899204244,0.10143640695949288,
0.2487733722317995,0.2487733722317995,0.061888190731581465,0.2487733722317995,0.09911837024675711,
0.25779816513761467,0.25779816513761467,0.06645989394832084,0.25779816513761467,0.10567656368150216,
0.2479978994354733,0.2479978994354733,0.06150295812440713,0.2479978994354733,0.0985625987867892,
0.24805485955426612,0.24805485955426612,0.06153121334848669,0.24805485955426612,0.09860337929450011,
0.24156934785461226,0.24156934785461226,0.05835574982290266,0.24156934785461226,0.09400320638350056,
0.24874038716520816,0.24874038716520816,0.06187178020709765,0.24874038716520816,0.09909470510128064,
0.24523557437797777,0.24550026469031233,0.08458765922820459,0.24550026469031233,0.09723998490610311,
0.2506923381247527,0.2506923381247527,0.06284664839445535,0.2506923381247527,0.10049897401416175,
0.25704458261674823,0.25704458261674823,0.06607191745261831,0.25704458261674823,0.1051226318720989,
0.24624307935670972,0.24624307935670972,0.06063565413107485,0.24624307935670972,0.09730951390698833,
0.25380240708900936,0.25380240708900936,0.06441566184417524,0.25380240708900936,0.1027524935029133,
0.2511873350923483,0.2511873350923483,0.06309507731079567,0.2511873350923483,0.10085632349553587,
0.25177304964539005,0.25177304964539005,0.06338966852774004,0.25177304964539005,0.10127981033893878,
0.2578271340647578,0.2578271340647578,0.06650152420596818,0.2578271340647578,0.10573162105613712,
0.24612555818229578,0.24612555818229578,0.060577790390546664,0.24612555818229578,0.0972258212549794,
