Majority Class Accuracy,Accuracy,Precision,Recall,F Score,Support
0.03049102428722281,0.029699049630411825,0.030294004170435564,0.029699049630411825,0.02864727629883379,
0.027943318765726394,0.035889286187259964,0.03548091773440291,0.035889286187259964,0.03434835297543327,
0.031138200609513715,0.03233072744136743,0.03193257571581601,0.03233072744136743,0.03154801920544975,
0.027294303797468354,0.03481012658227848,0.033409523585322544,0.03481012658227848,0.03321599498421147,
0.029493087557603687,0.03396971691902567,0.03260885177375005,0.03396971691902567,0.032023428314094195,
0.03419702748914902,0.03209259502827831,0.03153823608851018,0.03209259502827831,0.03080631654771912,
0.028142838178680473,0.03663878932696137,0.03551206791890254,0.03663878932696137,0.03488960743724362,
0.029705573080967402,0.032465825446898,0.032124430944040494,0.032465825446898,0.03125465840154661,
0.027218934911242602,0.03445101906640368,0.03452515406747171,0.03445101906640368,0.033780475289359506,
0.02885254620396224,0.033506182688472275,0.03342436962397291,0.033506182688472275,0.03286091561033491,
0.025712392312789926,0.03445990722332671,0.03337470637328284,0.03445990722332671,0.03306157864853865,
0.029276012132401424,0.03468284320189898,0.033750691841732405,0.03468284320189898,0.032798098409278914,
0.02963354941129779,0.03426379150681307,0.033075078590956035,0.03426379150681307,0.032780353601078366,
0.028711299285525273,0.03532680603334215,0.03477096093092093,0.03532680603334215,0.03413139309912734,
0.029891659052343037,0.03380759691946221,0.03394864833469074,0.03380759691946221,0.03276965301815411,
0.02950994792362131,0.03511817332087061,0.03407496777403613,0.03511817332087061,0.03363343529953864,
0.027059134107708552,0.03247096092925027,0.03166045053064966,0.03247096092925027,0.03106030452991077,
0.03207847295864263,0.0306203605514316,0.029431309690255036,0.0306203605514316,0.028715194560753183,
0.02494361151651851,0.036353986997479104,0.03454635505800593,0.036353986997479104,0.034638173333840325,
0.029228112129666535,0.03520658961073469,0.034816372918178656,0.03520658961073469,0.03394312938554641,
0.030683771987832297,0.03359344002116122,0.031884024680468775,0.03359344002116122,0.03168528016184016,
0.028439153439153438,0.0328042328042328,0.03253708451034866,0.0328042328042328,0.031671610416583826,
0.02823964106624439,0.03615729743995777,0.035581001927904046,0.03615729743995777,0.03490084300283437,
0.027520508070918232,0.02924053982535062,0.029028532132018267,0.02924053982535062,0.028237803889813822,
0.03170828378913991,0.03580393711190382,0.03445836406706562,0.03580393711190382,0.03393258523321082,
0.028245590770454847,0.033947752287495025,0.03365866100836824,0.033947752287495025,0.032938717039846716,
0.03328509406657019,0.034074463886330744,0.032091772872782025,0.034074463886330744,0.03227330087385486,
0.03184629556520595,0.03408343203053033,0.03338845454944478,0.03408343203053033,0.03265795249353653,
0.027682119205298013,0.03245033112582781,0.03134643349355044,0.03245033112582781,0.031144746555544157,
0.02642356982428326,0.033029462280354076,0.03330533542090211,0.033029462280354076,0.03242600963061706,
