Majority Class Accuracy,Accuracy,Precision,Recall,F Score,Support
0.16774108669911852,0.16734640178923826,0.04337058403316084,0.16734640178923826,0.051197651442910184,
0.1747662320558409,0.1752930330567628,0.04885103139269196,0.1752930330567628,0.06282145819624184,
0.1676789015051492,0.16781093213625561,0.042905289189887494,0.16781093213625561,0.05240965721011118,
0.16708426744032706,0.16708426744032706,0.05175269645440932,0.16708426744032706,0.04834109056013667,
0.16322478157267672,0.16348954196452212,0.05225735071261077,0.16348954196452212,0.04662573683292323,
0.17310990895896555,0.17297796543079563,0.04413733079676301,0.17297796543079563,0.05210241989476021,
0.17712856954862483,0.1773917620739571,0.04671082341949341,0.1773917620739571,0.06134256976013445,
0.16818121954431714,0.16541551428947715,0.04382822260432928,0.16541551428947715,0.05701552876860616,
0.17296222664015903,0.17269715043074885,0.04017592750516116,0.17269715043074885,0.05178101029882006,
0.16726738753170473,0.16473101054598852,0.03735201703515045,0.16473101054598852,0.050928374573387614,
0.16273209549071618,0.16021220159151195,0.03426781242043795,0.16021220159151195,0.04805195817333013,
0.17079962869645934,0.16881050258586394,0.042622720624900544,0.16881050258586394,0.05513729178241129,
0.16778523489932887,0.16778523489932887,0.028166711586128282,0.16778523489932887,0.04823589052911934,
0.17088691502054884,0.17101948826726768,0.04897831483770548,0.17101948826726768,0.05166980611850144,
0.1704077566741931,0.16987647761986985,0.04807841843929816,0.16987647761986985,0.05731710796123376,
0.17426558553768443,0.1746643626212947,0.050077508289566246,0.1746643626212947,0.060570598701346755,
0.16484529295589204,0.16537195523370637,0.04610312659054606,0.16537195523370637,0.05215142119461868,
0.18177028451001054,0.1815068493150685,0.04263159785420059,0.1815068493150685,0.05641708990363492,
0.17207147584381205,0.17101257445400397,0.04389646124154109,0.17101257445400397,0.05546709239066803,
0.16803495762711865,0.16578389830508475,0.04389709275294306,0.16578389830508475,0.05876459822438473,
0.1712648274023724,0.17113154738104758,0.04135834723206223,0.17113154738104758,0.05311759948164395,
0.1714323537198835,0.1702409319565793,0.03660267994377839,0.1702409319565793,0.051614591824701676,
0.16499073829055305,0.16472611802064038,0.03883130901161194,0.16472611802064038,0.050519841210485056,
0.17272248551869404,0.17338072669826224,0.05029084268897487,0.17338072669826224,0.05567390875642333,
0.16664471084178634,0.16664471084178634,0.045729761075700974,0.16664471084178634,0.04982610217673128,
0.17144380749233434,0.17224370083988802,0.043517317332706515,0.17224370083988802,0.054276218854827064,
0.1714703147828397,0.17200159383716296,0.04344275539818767,0.17200159383716296,0.05706243835452068,
0.1839584996009577,0.18355945730247406,0.04994117870550163,0.18355945730247406,0.06327633679555408,
0.16064790228359002,0.1609134360063728,0.03887798641575766,0.1609134360063728,0.05410634994458318,
0.16842940243257537,0.1685616076150185,0.05191975077215592,0.1685616076150185,0.048848704456004186,
