Majority Class Accuracy,Accuracy,Precision,Recall,F Score,Support
0.31010820797044075,0.30707310636051727,0.121631914535715,0.30707310636051727,0.156414806949691,
0.3203371970495258,0.3190200210748156,0.13092045717179204,0.3190200210748156,0.16081061700686725,
0.31563034047587746,0.31326409885631656,0.12360203630456398,0.31326409885631656,0.15676427903861787,
0.31669081807403504,0.31352917929126595,0.14286316417298406,0.31352917929126595,0.1584125222657176,
0.3174708377518558,0.3132290562036055,0.12980647399292586,0.3132290562036055,0.1657001246899789,
0.3195548489666137,0.31611022787493376,0.14651061624552097,0.31611022787493376,0.16557686575182107,
0.3117654826356794,0.31004885778423347,0.12497270225254106,0.31004885778423347,0.15518471578332788,
0.318187821952186,0.31581032888654076,0.16088797936560897,0.31581032888654076,0.16474579242330262,
0.3066419196606125,0.30080869680498473,0.13869064397375003,0.30080869680498473,0.15503801712249995,
0.32098928713133185,0.3201957413040603,0.1425681990924913,0.3201957413040603,0.16374493225216907,
0.3067986798679868,0.30336633663366336,0.11728730951778422,0.30336633663366336,0.15382832502074859,
0.31248336438647856,0.3096885813148789,0.14458516074508926,0.3096885813148789,0.15763014436182754,
0.3298928146089718,0.3234087600899828,0.14788382192621957,0.3234087600899828,0.1739640398629301,
0.3134684147794994,0.3112170573433982,0.15253535373946453,0.3112170573433982,0.16056717873191784,
0.31939865488592906,0.3161018066728208,0.12393650203350066,0.3161018066728208,0.1612721558447697,
0.31641870350690754,0.31362911795961745,0.13363419996834458,0.31362911795961745,0.15840215726838938,
0.3089150880911379,0.3061332626837992,0.1367784708271034,0.3061332626837992,0.15712989845484812,
0.31141455654248973,0.3096911043351452,0.1343354476626331,0.3096911043351452,0.15756270680389997,
0.3089313776846517,0.3061812467260346,0.1265899650585296,0.3061812467260346,0.15094714708485654,
0.3161239078633836,0.30963727826317183,0.123999691267786,0.30963727826317183,0.16105237834879516,
0.3121918720852765,0.3065956029313791,0.12999935322947187,0.3065956029313791,0.1537621645634988,
0.3033500395673965,0.2991295172777631,0.1227403002020793,0.2991295172777631,0.1464801343016902,
0.31799053129931615,0.31391372961599157,0.1434602373467686,0.31391372961599157,0.16268318216337124,
0.3214332762481886,0.31958898695824,0.12957426391191215,0.31958898695824,0.16200249915716752,
0.3072249372605997,0.30616827367586846,0.12691334394292422,0.30616827367586846,0.15300901416712195,
0.32200925313945805,0.3159286186384666,0.12429745295671603,0.3159286186384666,0.16332988982566626,
0.30296217931764086,0.29833377413382706,0.12040031316068066,0.29833377413382706,0.15074207712332893,
0.3176017016750864,0.3136134006913055,0.130875553523089,0.3136134006913055,0.1616676707634438,
0.3112748322589133,0.310353900802526,0.12601972906699496,0.310353900802526,0.1557397029266112,
0.3199947173798204,0.31827786582144746,0.16496933786921358,0.31827786582144746,0.1672094803678595,
