Majority Class Accuracy,Accuracy,Precision,Recall,F Score,Support
0.648053480141565,0.648053480141565,0.41997331312359387,0.648053480141565,0.5096598116312571,
0.6439915299100053,0.6439915299100053,0.41472509059582924,0.6439915299100053,0.5045343398071302,
0.6486771093852837,0.6486771093852837,0.42078199224044727,0.6486771093852837,0.5104480311458168,
0.6431132952583345,0.6431132952583345,0.4135947105380337,0.6431132952583345,0.5034281101997987,
0.6513833992094862,0.6513833992094862,0.42430033276570484,0.6513833992094862,0.5138725906640658,
0.6495556439846133,0.6495556439846133,0.4219225346322657,0.6495556439846133,0.5115590203590626,
0.6608070315621255,0.6608070315621255,0.4366659329619479,0.6608070315621255,0.5258478855923769,
0.6530178144110609,0.6530178144110609,0.4264322659381988,0.6530178144110609,0.515943944730116,
0.6537697098184709,0.6537697098184709,0.4274148334761277,0.6537697098184709,0.5168976441381837,
0.6477738142423042,0.6477738142423042,0.4196109144180232,0.6477738142423042,0.5093064482408624,
0.6499539413080668,0.6499539413080668,0.42244012582189,0.6499539413080668,0.5120629312682313,
0.6496832101372756,0.6496832101372756,0.4220882735342754,0.6496832101372756,0.5117203969108131,
0.6573011476058568,0.6573011476058568,0.43204479864397627,0.6573011476058568,0.521383575058896,
0.6517491749174917,0.6517491749174917,0.4247769870056312,0.6517491749174917,0.5143359457429119,
0.6517786561264822,0.6517786561264822,0.42481541658204314,0.6517786561264822,0.5143732969382958,
0.6401379493301499,0.6401379493301499,0.40977659417260953,0.6401379493301499,0.499685522598836,
0.6487921422882931,0.6487921422882931,0.4209312438950327,0.6487921422882931,0.5105934618427268,
0.6463526034190265,0.6463526034190265,0.41777168794655334,0.6463526034190265,0.5075118016383067,
0.6392621870882741,0.6392621870882741,0.4086561438408835,0.6392621870882741,0.49858545760364986,
0.652379079826976,0.652379079826976,0.42559846379589195,0.652379079826976,0.5151341710770838,
0.6523354564755839,0.6523354564755839,0.4255415477752084,0.6523354564755839,0.5150788795428799,
0.6542068418967112,0.6542068418967112,0.4279865919844684,0.6542068418967112,0.5174523295934861,
0.6469656992084433,0.6469656992084433,0.4185646159522699,0.6469656992084433,0.5082857720150922,
0.6545262602269728,0.6545262602269728,0.428404625326707,0.6545262602269728,0.5178577525483786,
0.6513531353135313,0.6513531353135313,0.42426090688276746,0.6513531353135313,0.5138342584758117,
0.6469965599364912,0.6469965599364912,0.41860454856965357,0.6469965599364912,0.5083247394102574,
0.6513122656668452,0.6513122656668452,0.42420766740807914,0.6513122656668452,0.51378249435672,
0.6415917503966155,0.6415917503966155,0.411639974176993,0.6415917503966155,0.5015132100627808,
0.6493592284317611,0.6493592284317611,0.4216674075494921,0.6493592284317611,0.5113105747744482,
0.6538156852389755,0.6538156852389755,0.42747495026451104,0.6538156852389755,0.5169559752999211,
