Majority Class Accuracy,Accuracy,Precision,Recall,F Score,Support
0.01882569773565034,0.01882569773565034,0.021144614219409667,0.01882569773565034,0.014448228493609341,
0.01757188498402556,0.017838125665601706,0.018975701614546932,0.017838125665601706,0.012973450447767996,
0.01546460471937075,0.018130915877882948,0.020934211517265783,0.018130915877882948,0.01317500067962409,
0.020127118644067795,0.017611228813559324,0.015040952035784632,0.017611228813559324,0.012257468343318846,
0.01677453440760798,0.019284110421344605,0.018255982763983592,0.019284110421344605,0.014561037359855507,
0.02048638646576791,0.018107322231033573,0.01934840157173891,0.018107322231033573,0.014195403180883788,
0.01322226629644321,0.016395610207589582,0.01557772472727426,0.016395610207589582,0.012057423116412539,
0.017191601049868766,0.01994750656167979,0.01847691612695683,0.01994750656167979,0.014717807483038494,
0.01798941798941799,0.017592592592592594,0.014286960379990818,0.017592592592592594,0.012184592855377156,
0.015852047556142668,0.01955085865257596,0.025510611444301418,0.01955085865257596,0.016394890639198283,
0.016022245762711863,0.018140889830508475,0.018339158745763053,0.018140889830508475,0.014078058100317646,
0.016216934733483984,0.020736408347733618,0.01923553908286698,0.020736408347733618,0.014499436570834771,
0.020047480875758375,0.019915589554207334,0.0232689243442555,0.019915589554207334,0.01580649940730334,
0.017594919962958065,0.017991797856859372,0.01503333990667667,0.017991797856859372,0.013016825565270914,
0.016924691681973237,0.019417475728155338,0.018736509946164194,0.019417475728155338,0.01440694768890776,
0.017455029980013324,0.018387741505662893,0.01783321171250426,0.018387741505662893,0.013521498611657908,
0.020752959957429824,0.019821737395237463,0.01906939196743571,0.019821737395237463,0.014247605727949912,
0.01983602221634488,0.018513620735255223,0.01581112512549436,0.018513620735255223,0.013271888011942025,
0.01881826556125806,0.017502302934596658,0.013460497934251987,0.017502302934596658,0.011787582341756751,
0.017062606641291507,0.018637616485103033,0.02084124377825385,0.018637616485103033,0.013775377033318882,
0.018638466622604096,0.01982815598149372,0.024114353339570987,0.01982815598149372,0.015298775832469988,
0.014231123995256292,0.017393595994202135,0.01734014387269545,0.017393595994202135,0.012734686857792683,
0.017068007409367557,0.01918496956866896,0.019979121710711405,0.01918496956866896,0.013898157651959375,
0.019690762521474826,0.017179859918065282,0.014940116416187078,0.017179859918065282,0.0119012876740775,
0.017485759703271958,0.01814809908597165,0.019829097872012154,0.01814809908597165,0.01427249384907456,
0.015163502109704642,0.016482067510548523,0.015806584057213444,0.016482067510548523,0.012068526379559005,
0.016966986715770092,0.018413784032618702,0.019041506823464834,0.018413784032618702,0.013782857259685343,
0.01588352084712111,0.017339510258107215,0.01348619117752673,0.017339510258107215,0.011724481208919462,
0.016271993649953697,0.018256383119460245,0.016358652361542436,0.018256383119460245,0.012969182229431374,
0.01697180275290659,0.01937725511158626,0.019216684465514083,0.01937725511158626,0.014699282014599793,
