Majority Class Accuracy,Accuracy,Precision,Recall,F Score,Support
0.1431776194246503,0.1381631037212985,0.05433746962145096,0.1381631037212985,0.06214726548421747,
0.15534624568851155,0.13942690368798089,0.05132572280179401,0.13942690368798089,0.06493941960960674,
0.15021287919105908,0.14382650345928685,0.056490309549093544,0.14382650345928685,0.06224499022458801,
0.15685494563776187,0.1382922301776717,0.053512498259751164,0.1382922301776717,0.060737858048473786,
0.14588859416445624,0.14204244031830238,0.05097126217035611,0.14204244031830238,0.062133169733196325,
0.15637860082304528,0.14429842028408338,0.060271828319939394,0.14429842028408338,0.06428162005575143,
0.15996295316221223,0.15123048425509394,0.057680817057669725,0.15123048425509394,0.06886084416557205,
0.1625082508250825,0.1551155115511551,0.06322859070177533,0.1551155115511551,0.07234538441621398,
0.15984251968503937,0.14803149606299212,0.05905921361744472,0.14803149606299212,0.06835039604321304,
0.1485516874833909,0.13752325272389052,0.05267053366610918,0.13752325272389052,0.0617145275131792,
0.15965608465608466,0.14986772486772487,0.062347572294141736,0.14986772486772487,0.07007770950391531,
0.15399867812293458,0.14963648380700595,0.0622575473183143,0.14963648380700595,0.07135034429659194,
0.15552903739061258,0.14028109254839566,0.05190453900313542,0.14028109254839566,0.06239113017882672,
0.15579949742097607,0.1470704933209893,0.05463855318979423,0.1470704933209893,0.0673588718617677,
0.16637988087359365,0.15102581072137658,0.06095912394784212,0.15102581072137658,0.07169336808229487,
0.15233350812794966,0.14394336654431045,0.05484556066807572,0.14394336654431045,0.0630133064394226,
0.15606179628174915,0.14938465566902331,0.05527785107069585,0.14938465566902331,0.06543571217516862,
0.15776315789473686,0.14605263157894738,0.058780163695220634,0.14605263157894738,0.06677814879980519,
0.15336773852057695,0.14529575228265185,0.05084319553601013,0.14529575228265185,0.06209866939104924,
0.16120940058093478,0.15328756271454977,0.05919905051557913,0.15328756271454977,0.06878178454359643,
0.15998935179023027,0.14827632104352456,0.0536186954007891,0.14827632104352456,0.06728003148985116,
0.1545550289626119,0.1395471300684571,0.053386684592391105,0.1395471300684571,0.06577877125737927,
0.15040488517191025,0.14058144165671047,0.06448374597555426,0.14058144165671047,0.0648375662596691,
0.15355060943296236,0.14295177530471648,0.08274054777073922,0.14295177530471648,0.06753367390659765,
0.15646437994722956,0.14973614775725594,0.0621048629859822,0.14973614775725594,0.06476329568664063,
0.15843023255813954,0.14217758985200846,0.0659649258386589,0.14217758985200846,0.06449957662222477,
0.15597667638483964,0.14351974556056188,0.05876564757894445,0.14351974556056188,0.06772319523636673,
0.15219396494926868,0.14718671761760443,0.05955943534996042,0.14718671761760443,0.07151149404511328,
0.16186955373646686,0.15407974650118827,0.06080353735830506,0.15407974650118827,0.07171560470075083,
0.15916633479357495,0.1522633744855967,0.06359706955191613,0.1522633744855967,0.0687571352218945,
