Majority Class Accuracy,Accuracy,Precision,Recall,F Score,Support
0.014408460013218771,0.016391275611368144,0.013685096338203324,0.016391275611368144,0.011909620394006525,
0.018474531538664556,0.017682765901293217,0.01988111096772812,0.017682765901293217,0.013280021992856697,
0.015891778303125822,0.01641712634620436,0.01585539060637929,0.01641712634620436,0.011803759719156526,
0.014263281863386547,0.01557183983250458,0.014166772152164275,0.01557183983250458,0.011316683038925074,
0.01672593177927038,0.016594231529039907,0.01644483224155657,0.016594231529039907,0.012394465416306474,
0.015854141894569955,0.017307438234905537,0.020384025403321432,0.017307438234905537,0.013798661773141428,
0.017077045274027005,0.017341805665872387,0.019843979078840994,0.017341805665872387,0.013691992385827897,
0.0141384778012685,0.0153276955602537,0.01421463209708249,0.0153276955602537,0.010875773073866678,
0.015193922431027589,0.018126082900173264,0.021673255951302782,0.018126082900173264,0.013432828253169427,
0.013317510548523207,0.015163502109704642,0.01542445534974963,0.015163502109704642,0.011892046087600232,
0.01654194564789287,0.017198372062491793,0.01847873490203651,0.017198372062491793,0.013212653241764032,
0.015661707126076743,0.01905507700339337,0.021343604567097704,0.01905507700339337,0.01467819411954474,
0.014998026575450598,0.017234574398105513,0.017983437568152523,0.017234574398105513,0.013473139567434556,
0.0166446499339498,0.01677675033025099,0.016432132977410894,0.01677675033025099,0.01251743707670593,
0.015984147952443857,0.01677675033025099,0.018970794864549806,0.01677675033025099,0.012918122392272906,
0.015704019164226778,0.016103273888741016,0.014030833799133733,0.016103273888741016,0.01123120282974194,
0.016158940397350992,0.016821192052980133,0.012703935988279668,0.016821192052980133,0.011273322026245461,
0.015569336324053305,0.015305449267713418,0.01625652894637218,0.015305449267713418,0.01133877925081228,
0.016550987720234916,0.014815803523758676,0.014146105555627024,0.014815803523758676,0.011043535953503755,
0.015339857180640043,0.017720179846601427,0.017650494295242205,0.017720179846601427,0.012666109135451931,
0.015113350125944584,0.015776216359538645,0.015107156662410288,0.015776216359538645,0.011475534866052906,
0.01775539949648867,0.014972836888829999,0.014375248167899547,0.014972836888829999,0.011219454931489079,
0.017791732077446363,0.0173992673992674,0.014946241491959288,0.0173992673992674,0.012095473428821068,
0.015087347803070408,0.011911064055055586,0.014362397178536901,0.011911064055055586,0.009582736680202498,
0.0158144438587243,0.015155508697944122,0.014826140568499993,0.015155508697944122,0.011148361754695293,
0.01905265943371262,0.012701772955808415,0.011456052528483895,0.012701772955808415,0.009088687987862873,
0.016296490997502956,0.01826784071494283,0.015138232539469113,0.01826784071494283,0.012749422312853203,
0.017391304347826087,0.017654808959156786,0.01857922325126018,0.017654808959156786,0.01404558122006028,
0.013171759747102213,0.01620126448893572,0.012434760723333256,0.01620126448893572,0.010691638790913801,
0.016143972475850206,0.01601164483260553,0.016459630802667265,0.01601164483260553,0.01226455735442642,
