Majority Class Accuracy,Accuracy,Precision,Recall,F Score,Support
0.794016868740116,0.794016868740116,0.6304627878438586,0.794016868740116,0.7028504567926538,
0.7918727442855233,0.7918727442855233,0.6270624431422858,0.7918727442855233,0.6998961786120761,
0.7928806855636124,0.7928806855636124,0.6286597815398239,0.7928806855636124,0.7012845713625362,
0.795304668952783,0.795304668952783,0.6325095164580956,0.795304668952783,0.7046263816904614,
0.7901968555951909,0.7901968555951909,0.624411070592527,0.7901968555951909,0.6975892831461014,
0.784863720560995,0.784863720560995,0.6160110598528475,0.784863720560995,0.6902611698099069,
0.788687723007797,0.788687723007797,0.6220283244232235,0.788687723007797,0.6955136063406772,
0.7972018654230513,0.7972018654230513,0.6355308142339928,0.7972018654230513,0.7072447747369686,
0.7855637513171759,0.7855637513171759,0.6171104073835139,0.7855637513171759,0.6912219257680198,
0.78612179912432,0.78612179912432,0.6179874830584577,0.78612179912432,0.6919880641526662,
0.7921922719426371,0.7921922719426371,0.6275685957256371,0.7921922719426371,0.7003362368540821,
0.783038776048536,0.783038776048536,0.6131497247955894,0.783038776048536,0.6877581497744151,
0.7883954533439069,0.7883954533439069,0.6215673908533446,0.7883954533439069,0.6951117994525763,
0.7979678015307469,0.7979678015307469,0.6367526122798134,0.7979678015307469,0.7083025755385581,
0.7933315691982006,0.7933315691982006,0.6293749786864794,0.7933315691982006,0.7019058711690144,
0.7890272992313808,0.7890272992313808,0.622564078932367,0.7890272992313808,0.6959805243886877,
0.7934215804251905,0.7934215804251905,0.6295178042844071,0.7934215804251905,0.7020299199646732,
0.7977631578947368,0.7977631578947368,0.6364260560941829,0.7977631578947368,0.7080199116322607,
0.7903544604032152,0.7903544604032152,0.6246601730792575,0.7903544604032152,0.6978061460953094,
0.7925278219395866,0.7925278219395866,0.6281003485483051,0.7925278219395866,0.7007984376707476,
0.8004229447528417,0.8004229447528417,0.6406768904868106,0.8004229447528417,0.7116959849395402,
0.789838645152687,0.789838645152687,0.6238450853766322,0.789838645152687,0.6970964528742908,
0.7970426589897932,0.7970426589897932,0.6352770002495198,0.7970426589897932,0.7070249524367335,
0.7928571428571428,0.7928571428571428,0.6286224489795919,0.7928571428571428,0.7012521343198634,
0.799841038548152,0.799841038548152,0.6397456869457865,0.799841038548152,0.7108913212267229,
0.7948308020250466,0.7948308020250466,0.631756003847779,0.7948308020250466,0.7039727679455802,
0.7972018828451883,0.7972018828451883,0.6355308420119133,0.7972018828451883,0.707244798793323,
0.793085246766957,0.793085246766957,0.6289842086394051,0.793085246766957,0.7015664311259069,
0.7895084566596194,0.7895084566596194,0.6233236031370543,0.7895084566596194,0.6966422548240753,
0.7902907512169451,0.7902907512169451,0.6245594714590434,0.7902907512169451,0.6977184806819796,
