Majority Class Accuracy,Accuracy,Precision,Recall,F Score,Support
0.20477453580901855,0.19867374005305038,0.07809192259726834,0.19867374005305038,0.0892007913392111,
0.20602681534581177,0.19766361343422276,0.07954614456482902,0.19766361343422276,0.09295888734030584,
0.21112582781456954,0.20066225165562915,0.08246096486104858,0.20066225165562915,0.09370537423488974,
0.21289729445757816,0.20344102968216443,0.08634830607230484,0.20344102968216443,0.09356958786767819,
0.2039091389329107,0.19294770206022188,0.07300937833101738,0.19294770206022188,0.087042570069252,
0.21141955005920274,0.20247335876858308,0.08450645525282625,0.20247335876858308,0.0954509480974034,
0.20514851485148514,0.19458745874587458,0.07415490219033206,0.19458745874587458,0.09143629143613624,
0.2043553312973045,0.1963882618510158,0.07100147956858298,0.1963882618510158,0.08629837001227843,
0.2077371489136195,0.19780074191838898,0.07605140989269112,0.19780074191838898,0.08875268667490219,
0.21626251976805483,0.2062467053241961,0.07968360437800588,0.2062467053241961,0.09667028748886115,
0.2048962213943587,0.1986428951569984,0.07442228133643462,0.1986428951569984,0.0905698366999264,
0.2116884834060558,0.19912733042443476,0.07681993312178444,0.19912733042443476,0.09276510914053461,
0.20640381053188675,0.19859751256946281,0.07857121706246072,0.19859751256946281,0.08848566101279877,
0.21316861611249835,0.20186621106584307,0.09260109858501692,0.20186621106584307,0.09852617866229525,
0.20853080568720378,0.1994470774091627,0.07410654784912907,0.1994470774091627,0.09137950839580226,
0.20908004778972522,0.2007168458781362,0.07658708660140645,0.2007168458781362,0.0902049844002142,
0.20397944393200684,0.19356964026881013,0.07485167032371365,0.19356964026881013,0.08874626016515794,
0.20642080127354737,0.19686919607322897,0.07135414795179239,0.19686919607322897,0.09155425242182767,
0.21037195040661244,0.20477269697373685,0.08597903939139118,0.20477269697373685,0.09421637813142242,
0.20902832936192745,0.20267407995763834,0.07497872447811951,0.20267407995763834,0.08795371931116869,
0.2070152217074785,0.19933818663136996,0.07708188696341518,0.19933818663136996,0.08909854017866724,
0.20712488412130844,0.19547079856972585,0.0760082041568828,0.19547079856972585,0.08880164560017514,
0.21470859097487172,0.20260492040520983,0.0827423966985962,0.20260492040520983,0.09762762974624406,
0.20978463174687584,0.2052645572985908,0.08092022479500098,0.2052645572985908,0.09766934189766265,
0.20772058823529413,0.19747899159663865,0.07601157406778883,0.19747899159663865,0.0922583738959609,
0.20372572334522393,0.1936847668119963,0.06889558796174043,0.1936847668119963,0.08919289066981588,
0.21550922852210863,0.2101978488912495,0.09506469639589332,0.2101978488912495,0.09738591895520346,
0.20232896652110627,0.19544792907238323,0.12367282161006246,0.19544792907238323,0.08845702806134632,
0.20545212765957446,0.19827127659574467,0.08460063747382487,0.19827127659574467,0.09079382485799972,
0.20504024277609184,0.19633196991687557,0.07293155870249414,0.19633196991687557,0.09046843904236095,
