Majority Class Accuracy,Accuracy,Precision,Recall,F Score,Support
0.012118018967334035,0.012249736564805058,0.00918525801286911,0.012249736564805058,0.007566281484907066,
0.014663143989431969,0.015191545574636724,0.013610863710673562,0.015191545574636724,0.009978610932180353,
0.01088688263409453,0.011417950079660117,0.013113922425597222,0.011417950079660117,0.007680984834871813,
0.012614980289093298,0.012089356110381078,0.010430040153413667,0.012089356110381078,0.008641448364605765,
0.013231013495633765,0.014289494575284467,0.01082389611023116,0.014289494575284467,0.009879504618752801,
0.011563731931668857,0.012483574244415242,0.009809750390638703,0.012483574244415242,0.007113427278703379,
0.01260281241708676,0.014592730167153092,0.016684446344228474,0.014592730167153092,0.00991737918300145,
0.012947549213898797,0.012286959968291716,0.010344342246566994,0.012286959968291716,0.008535421012629649,
0.0144489688690398,0.013135426244581637,0.00826463953775873,0.013135426244581637,0.00867369325345269,
0.014091926774660871,0.011326221519820887,0.00728465233783022,0.011326221519820887,0.00745099959016965,
0.012156448202959831,0.01427061310782241,0.01368550257617899,0.01427061310782241,0.010219030875606452,
0.013885180240320427,0.01295060080106809,0.0065822978028381605,0.01295060080106809,0.007196472102882878,
0.01160643629649169,0.011870218939593774,0.01101187489434409,0.011870218939593774,0.007835794157928965,
0.010805112663064963,0.012386348662537884,0.009695267970583265,0.012386348662537884,0.009445307568032935,
0.01154765065038492,0.012344040350411468,0.009799801187283727,0.012344040350411468,0.009021105528879476,
0.01503957783641161,0.013324538258575198,0.009570650403352721,0.013324538258575198,0.009590142944591797,
0.013232764324467381,0.014159057827180098,0.009629326591476594,0.014159057827180098,0.009048688100210076,
0.009994739610731194,0.014466070489216202,0.008325459142795345,0.014466070489216202,0.008381404428042354,
0.013494039041006158,0.010611817109917463,0.007460582219416305,0.010611817109917463,0.007473893113438713,
0.013182177695755339,0.011995781703137358,0.00885203564241543,0.011995781703137358,0.007839694483630444,
0.01211642302120374,0.012774924272356117,0.009587660164355591,0.012774924272356117,0.009424302546190711,
0.015218261914297157,0.014016820184221065,0.01180485295214306,0.014016820184221065,0.009936871079359604,
0.013045793397231097,0.013312034078807242,0.010244458975614526,0.013312034078807242,0.009819614955210833,
0.012249736564805058,0.011064278187565859,0.008408266884256586,0.011064278187565859,0.007055854132201434,
0.01091100302353096,0.012094123833311423,0.010133954255105933,0.012094123833311423,0.008800316024906316,
0.012971542025148908,0.01270681667769689,0.012215927477730556,0.01270681667769689,0.008947079649171451,
0.011518601880047663,0.013372169998676024,0.010842770998809318,0.013372169998676024,0.009136250769265173,
0.012606697307944845,0.013394615889691399,0.011002514374326897,0.013394615889691399,0.009049934982801603,
0.010541573329819476,0.012781657662406114,0.022110200081741225,0.012781657662406114,0.008860331057752998,
0.012542909955109585,0.01399524689728017,0.012925834503649413,0.01399524689728017,0.009476156714470545,
