Majority Class Accuracy,Accuracy,Precision,Recall,F Score,Support
0.026225165562913908,0.026357615894039736,0.02730235513941575,0.026357615894039736,0.020648568840073232,
0.026020340774006077,0.028001584995377096,0.027965889743487248,0.028001584995377096,0.022070411442112615,
0.02553191489361702,0.027393617021276597,0.026354013297711063,0.027393617021276597,0.021195826693401816,
0.02624327516074006,0.02624327516074006,0.026952058608556467,0.02624327516074006,0.02029564635122986,
0.0277300937541265,0.030239006998547473,0.03302236012643819,0.030239006998547473,0.024903595014758285,
0.024586913417052214,0.02696629213483146,0.027865493591961325,0.02696629213483146,0.021667846324318875,
0.027807203389830507,0.028866525423728813,0.026548623790940546,0.028866525423728813,0.021969835870243464,
0.022239978692235984,0.025436143294713012,0.02267172619206336,0.025436143294713012,0.019078143556391428,
0.02942351218213287,0.02689388896285448,0.02525530874730796,0.02689388896285448,0.02030335920239409,
0.025049439683586024,0.024653922214897823,0.02227269213580996,0.024653922214897823,0.018707361416912375,
0.025775907417148868,0.03011572856391373,0.027080784579373095,0.03011572856391373,0.022874686519088923,
0.027151101783840503,0.02426547743966422,0.02688833453171236,0.02426547743966422,0.01953463517667049,
0.025518341307814992,0.03242955874534822,0.03321642036085436,0.03242955874534822,0.025372693696015473,
0.024903960789508545,0.025963703801828057,0.022349831365177122,0.025963703801828057,0.018797031830567978,
0.025613942434644838,0.024953789279112754,0.024678541879222075,0.024953789279112754,0.019133868904703605,
0.024532555364010077,0.027847765548335766,0.02989272099844196,0.027847765548335766,0.02261097037344613,
0.02475181998676373,0.02514890800794176,0.022903727731209408,0.02514890800794176,0.019038011591846902,
0.02798679867986799,0.030231023102310232,0.029974290782788945,0.030231023102310232,0.023852722960406934,
0.021474019088016966,0.02545068928950159,0.023856205643125156,0.02545068928950159,0.019814909228131318,
0.026202017555351762,0.03104939080309184,0.029235039129706476,0.03104939080309184,0.024234250008520385,
0.02539218293007179,0.027652220154214306,0.02929654204768979,0.027652220154214306,0.02234073902760911,
0.024678253947193845,0.026933793286453497,0.026020481833801276,0.026933793286453497,0.02141251049297331,
0.026028657815170237,0.02629157355067701,0.027892465349940897,0.02629157355067701,0.02187902099290547,
0.025715800636267234,0.02346235418875928,0.02348308815447888,0.02346235418875928,0.018218293160030097,
0.023403411344704483,0.024725637974348805,0.025304160041386022,0.024725637974348805,0.019783676046592612,
0.02674924232441692,0.023191461325602847,0.020633544682593798,0.023191461325602847,0.017672580794485963,
0.025398936170212764,0.02579787234042553,0.024043380223985434,0.02579787234042553,0.0198934058222032,
0.02859803139132748,0.027932960893854747,0.02426623577714987,0.027932960893854747,0.020191198065336577,
0.02509293680297398,0.02748274030801912,0.026418240867740188,0.02748274030801912,0.021088668429070957,
0.0217708748174698,0.027346342758529138,0.02584888218378511,0.027346342758529138,0.02168204328064739,
