Majority Class Accuracy,Accuracy,Precision,Recall,F Score,Support
0.15666799099457027,0.12488412130843597,0.06539442918808015,0.12488412130843597,0.07984111680037488,
0.1505951584860238,0.11381570148455263,0.058794272670652535,0.11381570148455263,0.07196497117470979,
0.1594644750795334,0.11625132555673383,0.06418172496757663,0.11625132555673383,0.07483574344376485,
0.15486257928118394,0.12407505285412262,0.06772237614491278,0.12407505285412262,0.07823887439653388,
0.1586124718654839,0.1267046206805243,0.06961858589871295,0.1267046206805243,0.08373195190333235,
0.15841453779299447,0.1194363971556492,0.06110088801793774,0.1194363971556492,0.07506972836970598,
0.15889942074776198,0.12151132174828858,0.06439033061367337,0.12151132174828858,0.07795441573215033,
0.15589554207333156,0.11804273278818254,0.06446911708271946,0.11804273278818254,0.0777147740029067,
0.15564409030544488,0.11447543160690571,0.06893210562493439,0.11447543160690571,0.07350693750170693,
0.1568627450980392,0.116331096196868,0.058819138247245446,0.116331096196868,0.07361705135029566,
0.16042077580539119,0.11913214990138067,0.06043498220212829,0.11913214990138067,0.0752581033799594,
0.15751254290995512,0.12041193556905203,0.06397813164321833,0.12041193556905203,0.07658327845578336,
0.15736785904965298,0.11545648691938067,0.06010649588530412,0.11545648691938067,0.07224466298315001,
0.1624520058254998,0.11770157553290084,0.061432980223902846,0.11770157553290084,0.0753875561041842,
0.15464328417696294,0.1190381294008237,0.062479141947840246,0.1190381294008237,0.07670822448230517,
0.15311384371281236,0.11476927145312707,0.06156750029406894,0.11476927145312707,0.07411891646670814,
0.15998406797663303,0.11484333510355815,0.060119579784928295,0.11484333510355815,0.0732291683848356,
0.1561352910330362,0.11248033560566334,0.06027111131670891,0.11248033560566334,0.07248896926030672,
0.15368421052631578,0.12381578947368421,0.06374581135572516,0.12381578947368421,0.07961128523319103,
0.15725170782974252,0.12059905412506569,0.06498416579089719,0.12059905412506569,0.07751992029463761,
0.15662009314703926,0.11337325349301397,0.06257252844400543,0.11337325349301397,0.07095017026455182,
0.15167944988098386,0.12338005818566516,0.06773786751391868,0.12338005818566516,0.07916682823725558,
0.1608649789029536,0.12196729957805907,0.06272944005986547,0.12196729957805907,0.07746789448592849,
0.1608667104399212,0.12107682206172028,0.06395355334347236,0.12107682206172028,0.07792847436075018,
0.1514792899408284,0.11242603550295859,0.060934609586737146,0.11242603550295859,0.0723610415430858,
0.1575870316237045,0.1211799096465586,0.0662465057027728,0.1211799096465586,0.07960419409886493,
0.15505410398522038,0.11177091580892055,0.058746704768075565,0.11177091580892055,0.07212473513883483,
0.15605476538614915,0.1123222118835571,0.06016522151926857,0.1123222118835571,0.07230692375461427,
0.15334121045030852,0.12209531311539977,0.06510873204392816,0.12209531311539977,0.07868516816095318,
0.15673981191222572,0.11206896551724138,0.0594778407934843,0.11206896551724138,0.07162909330756015,
