Majority Class Accuracy,Accuracy,Precision,Recall,F Score,Support
0.040069222577209795,0.04885516506922258,0.0416907578019075,0.04885516506922258,0.038494429430359155,
0.03840589241089044,0.05116401420491911,0.04506851810090894,0.05116401420491911,0.04236727182548071,
0.04300648405451899,0.05134312557893344,0.04735829315121012,0.05134312557893344,0.04263062847712625,
0.035440359693202854,0.04945781539275324,0.05308771558433617,0.04945781539275324,0.03883346240385347,
0.04009527590313616,0.04935821093026333,0.04401181781518226,0.04935821093026333,0.04052524189487115,
0.044538706256627786,0.04308059384941675,0.04239457896927876,0.04308059384941675,0.03617578341755748,
0.03574254814033236,0.051833289369559485,0.04964896537432866,0.051833289369559485,0.04383125155257052,
0.03867986798679868,0.04765676567656766,0.05307005978742351,0.04765676567656766,0.035772433455165974,
0.03985171455050973,0.046603998411227324,0.046575120458292436,0.046603998411227324,0.04044584682593549,
0.040756914119359534,0.04790260685457192,0.043868519303573515,0.04790260685457192,0.0377024265713859,
0.04300791556728232,0.04986807387862797,0.05220598024074351,0.04986807387862797,0.04640393785628294,
0.040321517986559495,0.050599551983133484,0.04788314692226205,0.050599551983133484,0.04173605234771804,
0.041045268575953545,0.05318727728652501,0.04919839312427797,0.05318727728652501,0.04345301450352839,
0.03946849098802789,0.04815155900539403,0.049982895117661935,0.04815155900539403,0.04029959958533963,
0.0381316796411136,0.05462462066235651,0.050443612770635825,0.05462462066235651,0.04665684196567055,
0.042105263157894736,0.05789473684210526,0.05433210978169491,0.05789473684210526,0.04736648931769665,
0.041748979323060716,0.04714868958251021,0.04015280732013837,0.04714868958251021,0.03729348557902168,
0.04175939259065323,0.048304751930881004,0.04810121277782079,0.048304751930881004,0.0455222971333574,
0.038552944283073674,0.052812252442566675,0.04432275566265432,0.052812252442566675,0.04126882137405417,
0.04012713547874454,0.047278506158124754,0.04831222744939505,0.047278506158124754,0.03953249284323993,
0.03992620898669126,0.051521939649492685,0.047221199294746975,0.051521939649492685,0.04094262369247027,
0.0402063219150906,0.05012564475598466,0.048988800928982223,0.05012564475598466,0.04193066694324074,
0.03975903614457831,0.04779116465863454,0.04377590876100543,0.04779116465863454,0.04042820975164388,
0.038410596026490065,0.04940397350993377,0.04545235758848771,0.04940397350993377,0.04063003462118172,
0.04590766002098636,0.048662119622245543,0.045046681668233265,0.048662119622245543,0.04204281180289823,
0.0426433584955635,0.048205535690637,0.04536420553595265,0.048205535690637,0.042499294331092285,
0.03773584905660377,0.047631613669349517,0.04532608691587211,0.047631613669349517,0.03769773141366937,
0.04423841059602649,0.054304635761589407,0.05240295004031835,0.054304635761589407,0.045425959501243514,
0.03499273735639773,0.0492539284299485,0.053634396017767975,0.0492539284299485,0.04190755601697265,
0.040770252324037186,0.0451527224435591,0.04458201051409208,0.0451527224435591,0.037017664474464654,
