Majority Class Accuracy,Accuracy,Precision,Recall,F Score,Support
0.016657852987837122,0.01414595452141724,0.013194242584471171,0.01414595452141724,0.009637573953033069,
0.015968586387434557,0.015968586387434557,0.016322396336539643,0.015968586387434557,0.011378962050377016,
0.015470051566838556,0.01190003966679889,0.012011964700497523,0.01190003966679889,0.00906745334359544,
0.015433320142461416,0.01780767708745548,0.014865706299379227,0.01780767708745548,0.012328253136883072,
0.014119820533122196,0.015571390868302983,0.012888513871812288,0.015571390868302983,0.010843801918973295,
0.01486988847583643,0.014471587891662242,0.012213607253415477,0.014471587891662242,0.010140775790201978,
0.016964755391899,0.01880589163598106,0.021074272599676907,0.01880589163598106,0.014632999616180068,
0.015812359994729214,0.016339438661220188,0.01332092079733853,0.016339438661220188,0.01135562324935778,
0.015,0.01631578947368421,0.014636082688669129,0.01631578947368421,0.011807864174547074,
0.015311510031678986,0.016235480464625134,0.015398377667167963,0.016235480464625134,0.012562910027423416,
0.016631186801490155,0.015965939329430547,0.014898833915425562,0.015965939329430547,0.011450833009099165,
0.013837638376383764,0.013442277279915656,0.01436915472643324,0.013442277279915656,0.010283687533721036,
0.014795244385733158,0.017569352708058126,0.016914848544387066,0.017569352708058126,0.012437153372151732,
0.01517927244176917,0.015833551426328186,0.01693762360674942,0.015833551426328186,0.012084756520473432,
0.015392711485330878,0.01394553348243652,0.01336754138652582,0.01394553348243652,0.00956228226672503,
0.014563106796116505,0.014563106796116505,0.01639711170441867,0.014563106796116505,0.010602771951281245,
0.01538866237011706,0.014073392082072866,0.014106223494836364,0.014073392082072866,0.010116903017703611,
0.015755329008341055,0.01456374950350854,0.015806546076848792,0.01456374950350854,0.011157035801707425,
0.015258060236168236,0.015788775374817567,0.015833958189975305,0.015788775374817567,0.011450363363211268,
0.013626834381551363,0.01519916142557652,0.018277244403570342,0.01519916142557652,0.011852652774099588,
0.01685244161358811,0.016985138004246284,0.016714069705865312,0.016985138004246284,0.01241714288761584,
0.015427215189873418,0.016218354430379747,0.015466749958709964,0.016218354430379747,0.01203034500526435,
0.012290207479846703,0.015065415620457248,0.014736454964791033,0.015065415620457248,0.010647809795816266,
0.01711556322144089,0.013931272389544912,0.014262013153134198,0.013931272389544912,0.010412683284183986,
0.019350563286944997,0.01563949635520212,0.016671768273650824,0.01563949635520212,0.01176573370779727,
0.016337285902503294,0.014888010540184453,0.01575782730340168,0.014888010540184453,0.011576104190195294,
0.012561152981621049,0.016792278196482876,0.014436615175195164,0.016792278196482876,0.011895786756142085,
0.016150383902568177,0.011252316653428646,0.005748063362961607,0.011252316653428646,0.006508507277687278,
0.01574074074074074,0.015476190476190477,0.014846821821842054,0.015476190476190477,0.011577920907843937,
0.013762074897446077,0.01283578139473336,0.012838481580489964,0.01283578139473336,0.009610328025395347,
