Majority Class Accuracy,Accuracy,Precision,Recall,F Score,Support
0.5605517973205996,0.510677808727948,0.354987117727294,0.510677808727948,0.4085357161891499,
0.5489831184367938,0.49754087465107005,0.33842395528093266,0.49754087465107005,0.3923929887028691,
0.542014026730184,0.4974196109567289,0.33548074517064314,0.4974196109567289,0.3893958995427614,
0.5438318127727092,0.5013883379611266,0.34016790472537267,0.5013883379611266,0.3929912537226508,
0.5553500660501981,0.5110964332892999,0.34486763645004176,0.5110964332892999,0.40208560530270143,
0.5474986695050559,0.49414582224587544,0.33635496928113073,0.49414582224587544,0.39069316853280817,
0.5463369232814785,0.49222177901874753,0.3458549934644925,0.49222177901874753,0.39241404796603874,
0.5504357010826512,0.5010562450488514,0.3445406909704114,0.5010562450488514,0.3978071692804781,
0.5558788520037032,0.5109112551249835,0.3564413577123651,0.5109112551249835,0.4064610489618057,
0.5517790759426447,0.5050451407328731,0.356220969606714,0.5050451407328731,0.40375549662326626,
0.5516831683168317,0.5086468646864687,0.3519632507626175,0.5086468646864687,0.40049119902430774,
0.5511585524602968,0.4994793022650352,0.3546352588238794,0.4994793022650352,0.39845211819094384,
0.5435728411338168,0.5044166117336849,0.34487870022406114,0.5044166117336849,0.39357877957413123,
0.5606261607853542,0.5090209604669673,0.35666462162874085,0.5090209604669673,0.4084073702390341,
0.547622184165459,0.497035963641154,0.34158310464513114,0.497035963641154,0.3948007646427726,
0.5552033808769149,0.5154516640253566,0.3527543276832344,0.5154516640253566,0.4049575235581888,
0.5503223260097355,0.5061176161031443,0.3458526899574902,0.5061176161031443,0.3995973390812977,
0.5409072768391645,0.49301583078355726,0.33793120188003894,0.49301583078355726,0.38805504803515467,
0.5424707890245504,0.492057240383353,0.3348796266125073,0.492057240383353,0.38588167828730774,
0.554537000132855,0.5132190779859174,0.36069648370316126,0.5132190779859174,0.4102202877044624,
0.5437242113669639,0.4971382936243844,0.33492522285721343,0.4971382936243844,0.3896059662957349,
0.551633643878756,0.5038708830862092,0.35058155402270935,0.5038708830862092,0.4001632539462382,
0.5388911049062625,0.4854407658556043,0.3307541985755897,0.4854407658556043,0.3833387903877338,
0.5477233505907341,0.5065710872162486,0.35253425078435646,0.5065710872162486,0.40084987107097936,
0.5489731437598736,0.5019747235387045,0.34495860625801045,0.5019747235387045,0.397518929347607,
0.557468220338983,0.5186705508474576,0.3586540614658896,0.5186705508474576,0.40987359195411915,
0.5533035009212951,0.5018425901553041,0.34805516160874755,0.5018425901553041,0.40221109659044774,
0.5570175438596491,0.5034556087187666,0.34964337400942264,0.5034556087187666,0.40168324163287034,
0.558780649436713,0.5035122597746852,0.3489814601016766,0.5035122597746853,0.4038298606338557,
0.5422193040052528,0.48903479973736047,0.3415152166153668,0.48903479973736047,0.3896115848577588,
