Majority Class Accuracy,Accuracy,Precision,Recall,F Score,Support
0.6484727755644091,0.6160690571049137,0.44957398251217334,0.6160690571049137,0.5115825937325456,
0.6526259664089576,0.6205011996800853,0.4615097192491474,0.6205011996800853,0.5185433364584737,
0.6454689984101749,0.6135400105988341,0.45702330373894323,0.6135400105988341,0.5119580717341292,
0.6446390658174098,0.611995753715499,0.4443491879052239,0.611995753715499,0.5055515604051186,
0.6424610509638236,0.6147346184314761,0.4465465994978095,0.6147346184314761,0.505243432814974,
0.6482904850251789,0.6089318844420886,0.4466542328329569,0.6089318844420886,0.5075288319425318,
0.6447942849583278,0.6188649292234423,0.45906050559221934,0.6188649292234423,0.5117512169693801,
0.6459077085812508,0.6098109215919608,0.451875212153124,0.6098109215919608,0.5081634125633944,
0.6515472097328749,0.6109494842634223,0.45414101564086273,0.6109494842634223,0.5123524474553885,
0.6442687747035574,0.6146245059288538,0.4591515940132859,0.6146245059288538,0.5102274811951051,
0.6414646996838778,0.6048472075869337,0.4422849468756713,0.6048472075869337,0.5019863253589095,
0.6483589200635257,0.617787188988883,0.4611327476853485,0.617787188988883,0.514261507557009,
0.6461538461538462,0.6022546419098144,0.44802284002414944,0.6022546419098144,0.5053091782728688,
0.645093396474612,0.6187845303867403,0.46044023420685304,0.6187845303867403,0.514247099133285,
0.6409036860879905,0.6111771700356718,0.4474151783181072,0.6111771700356718,0.5051453512344547,
0.6506885593220338,0.6175847457627118,0.45618263014004873,0.6175847457627118,0.5144340265151388,
0.6467161016949152,0.6106991525423728,0.45241529195744007,0.6106991525423728,0.5091614717192662,
0.6486414844267727,0.6156394963552021,0.45625745316575655,0.6156394963552021,0.512607538452174,
0.6599814052330987,0.6222605923761456,0.467082784134347,0.6222605923761456,0.5244687549424439,
0.6564223798266351,0.6245074862096138,0.4654776818821927,0.6245074862096138,0.522311520549387,
0.6438915218536072,0.6080832016850974,0.44363150130935247,0.6080832016850974,0.5034615137649259,
0.6388118811881188,0.6068646864686469,0.4466461836160722,0.6068646864686469,0.5010807924343716,
0.6510022567370237,0.6215319261914244,0.4584437247748643,0.6215319261914244,0.5156923369122687,
0.637467018469657,0.608575197889182,0.4470565006364175,0.608575197889182,0.5037206653624142,
0.644124316393224,0.6089102307589702,0.4495442467534868,0.6089102307589702,0.5083091313986473,
0.6438554852320675,0.6110232067510548,0.4509204114166829,0.6110232067510548,0.5087594296613903,
0.6424507079528914,0.6059282784173614,0.443655322497308,0.6059282784173614,0.5029060178067951,
0.6497017892644135,0.6172299536116633,0.46204780068273993,0.6172299536116633,0.5146821984011278,
0.6472679394338381,0.614351547070441,0.4505286105706302,0.614351547070441,0.5098678519972228,
0.6575505350772889,0.6239926014004492,0.4630723486384268,0.6239926014004492,0.5213243884490834,
