Majority Class Accuracy,Accuracy,Precision,Recall,F Score,Support
0.022069512356283863,0.027619928637504957,0.02813556807712133,0.027619928637504957,0.027121171489069618,
0.021616664483165203,0.023581815799816587,0.023512262607184472,0.023581815799816587,0.022647976127963633,
0.021108179419525065,0.03087071240105541,0.03131334848544124,0.03087071240105541,0.0300331224983157,
0.025627406718895233,0.0276191740804674,0.025757331509961325,0.0276191740804674,0.025435196521997078,
0.022536687631027254,0.025943396226415096,0.025163029783633144,0.025943396226415096,0.024811699213821963,
0.019600052973116143,0.024764931797112966,0.023765975188397688,0.024764931797112966,0.023306329335694407,
0.020208691057984413,0.025888257825914675,0.0260292167316908,0.025888257825914675,0.02512034996492441,
0.0223841059602649,0.026357615894039736,0.025887619652111567,0.026357615894039736,0.025355397214070294,
0.02389754423026142,0.028122524425666755,0.027700955450754034,0.028122524425666755,0.02678688978127107,
0.022872340425531913,0.027393617021276597,0.026767700881917288,0.027393617021276597,0.025950878651104303,
0.023029818956336528,0.02542598509052183,0.024305699269949046,0.02542598509052183,0.023973526071622963,
0.02266139657444005,0.02793148880105402,0.027796010547053242,0.02793148880105402,0.02655869484382344,
0.025508170585890794,0.026836721137239273,0.025793113470345245,0.026836721137239273,0.02547841461176646,
0.025253189530448507,0.027883730106536893,0.0270392167198689,0.027883730106536893,0.026459246741778446,
0.02286242896788688,0.028280692480507467,0.027389474217855737,0.028280692480507467,0.026539752421424756,
0.02240566037735849,0.02397798742138365,0.023230219471750083,0.02397798742138365,0.02280688544102556,
0.028120440376707787,0.02825308396339037,0.026847185907300272,0.02825308396339037,0.0260695434626027,
0.025879230258792303,0.026410086264100862,0.025931982583695223,0.026410086264100862,0.025282265834352197,
0.022959853056940437,0.029388611912883757,0.02829548284095197,0.029388611912883757,0.027826965693424004,
0.023611660730774305,0.025194565360770346,0.0264235120201027,0.025194565360770346,0.02479789397628013,
0.021270973708548024,0.02470603778570485,0.02376574698923464,0.02470603778570485,0.023473621137447317,
0.020811380400421495,0.026870389884088516,0.02577042700354712,0.026870389884088516,0.02549314429614743,
0.023963987819409505,0.02714153316562955,0.026038927724629842,0.02714153316562955,0.025599115356575892,
0.02142857142857143,0.02513227513227513,0.02539397545400622,0.02513227513227513,0.02440305070865178,
0.022178217821782177,0.02666666666666667,0.02627158421463171,0.02666666666666667,0.025680195548463042,
0.024080444562053452,0.025535856046573168,0.024410403700599274,0.025535856046573168,0.024137263850163536,
0.027818254073387203,0.02556630017220824,0.02374464795159487,0.02556630017220824,0.023619127620797854,
0.02337868181217805,0.028529916787742703,0.028805011010848328,0.028529916787742703,0.027554961001689315,
0.022434621000929245,0.026815345811761582,0.027024537632159423,0.026815345811761582,0.026122926541458858,
0.02469951129309206,0.029586580372473914,0.029746818199860033,0.029586580372473914,0.028281514129046496,
