Majority Class Accuracy,Accuracy,Precision,Recall,F Score,Support
0.19406543913101074,0.19274076036561133,0.053903239012114273,0.19274076036561133,0.0652487358243218,
0.20201618251757528,0.20214882610425786,0.07758286754865142,0.20214882610425786,0.06843812127315134,
0.19965690155713908,0.19992082343626286,0.06620217043662054,0.19992082343626286,0.0670529110972909,
0.19603670700891077,0.19603670700891077,0.03843039049489752,0.19603670700891077,0.06426289472503824,
0.20611491829204007,0.20611491829204007,0.04248335954253435,0.20611491829204007,0.07044661980086334,
0.18902763018065888,0.18902763018065888,0.03573144497171594,0.18902763018065888,0.06010195905420122,
0.19785316724092233,0.19785316724092233,0.03914587578726438,0.19785316724092233,0.06536005723878684,
0.1950965049556599,0.19457485654668752,0.05138749921327312,0.19457485654668752,0.06591271626163364,
0.20218651211801897,0.20205479452054795,0.05291116362392047,0.20205479452054795,0.06883487065890233,
0.19448860625331213,0.19554848966613672,0.06370519630386816,0.19554848966613672,0.07148548937695828,
0.19507676019057701,0.19507676019057701,0.0380549423664519,0.19507676019057701,0.06368618926266015,
0.20034496484012207,0.20034496484012207,0.05339176583202037,0.20034496484012207,0.06905757636166965,
0.19106929905922884,0.1912018020405459,0.04960413964170046,0.1912018020405459,0.06191555442912135,
0.1902549123738715,0.1902549123738715,0.05639527510468735,0.1902549123738715,0.06514410618579336,
0.20007908264136023,0.20007908264136023,0.040031639310608255,0.20007908264136023,0.0667150021855211,
0.19922862082723766,0.19922862082723766,0.03969204335672324,0.19922862082723766,0.06619595741359699,
0.19449589838581635,0.19370203757607832,0.048761268754021335,0.19370203757607832,0.0639616734338684,
0.20026490066225167,0.20013245033112584,0.04671380693505302,0.20013245033112584,0.0671401178609728,
0.20850895679662804,0.2078503688092729,0.05519152459105221,0.2078503688092729,0.07453552765239767,
0.19897422409258286,0.19897422409258286,0.03959074185324538,0.19897422409258286,0.06604102249689105,
0.2014559894109861,0.2010589013898081,0.05268818643082045,0.2010589013898081,0.06886802809453048,
0.20026578073089701,0.19893687707641197,0.047557646983116444,0.19893687707641197,0.06864368512505778,
0.1948616600790514,0.1948616600790514,0.03797106656876377,0.1948616600790514,0.06355725995300848,
0.1859816806053365,0.18531793442187708,0.047345142023669066,0.18531793442187708,0.06003879425146887,
0.20171277997364953,0.20171277997364953,0.0406987699182469,0.20171277997364953,0.06773160788236812,
0.1953673064195897,0.19549966909331568,0.06426910821744294,0.19549966909331568,0.06415927673437599,
0.19017916390179163,0.1903118779031188,0.06939900347310303,0.1903118779031188,0.0610690886346554,
0.19230769230769232,0.19243986254295534,0.06341431745042515,0.19243986254295534,0.06233216607200597,
0.19876103861868988,0.19876103861868988,0.03950595047278033,0.19876103861868988,0.06591130208619776,
0.20353282362246244,0.20326918006854733,0.04142655940150964,0.20326918006854733,0.06882623114601691,
