Majority Class Accuracy,Accuracy,Precision,Recall,F Score,Support
0.020648196549921588,0.02731312075274438,0.026170850730343243,0.02731312075274438,0.023880915899342194,
0.025388807656520004,0.024591253489299483,0.01772185679382299,0.024591253489299483,0.017519227703615633,
0.024121935056328696,0.025977468522200134,0.025925985677493407,0.025977468522200134,0.021447076908515984,
0.023421992854307266,0.02884742622733889,0.026647822819803525,0.02884742622733889,0.022698343335593757,
0.02559002916998144,0.027446300715990454,0.025479674595977147,0.027446300715990454,0.021743738505574085,
0.019439301772017983,0.030018513620735255,0.028951406674745328,0.030018513620735255,0.025731003078951094,
0.027152317880794703,0.025960264900662253,0.0228451171101343,0.025960264900662253,0.020677234071432408,
0.022543429253414668,0.026786898289351546,0.02889545167426251,0.026786898289351546,0.02076125639063978,
0.024986779481755685,0.029481755684822846,0.026500022019454138,0.029481755684822846,0.022760575221431635,
0.024818481848184817,0.026534653465346534,0.028398547211981377,0.026534653465346534,0.022606626364671145,
0.024555349084151846,0.028271834350942396,0.0237339187735517,0.028271834350942396,0.022131577918036417,
0.023884514435695538,0.03031496062992126,0.028111120721997288,0.03031496062992126,0.02342180431439392,
0.027166710840180228,0.028624436787702094,0.027840454214847172,0.028624436787702094,0.01978632927960181,
0.023123678646934463,0.027880549682875264,0.02527022005701547,0.027880549682875264,0.022851394357821915,
0.023648199814002922,0.025508170585890794,0.020219020621059028,0.025508170585890794,0.0187836246449254,
0.023490378234903783,0.02534837425348374,0.024908250034273667,0.02534837425348374,0.020885287839498806,
0.021519659936238045,0.027231668437832094,0.02781136512132944,0.027231668437832094,0.02201330284912937,
0.021147237642083004,0.026434047052603753,0.024335769927379756,0.026434047052603753,0.021653631710401296,
0.023752969121140142,0.026920031670625493,0.02556160538932216,0.026920031670625493,0.02212020986280371,
0.024029574861367836,0.027330340639028256,0.03302374772342502,0.027330340639028256,0.023223102069367164,
0.026898105207367167,0.029283158871074598,0.025523130027029196,0.029283158871074598,0.022500341104068074,
0.022866258973677212,0.03017814411060888,0.031418681784921985,0.03017814411060888,0.0253564128286543,
0.020976253298153034,0.026517150395778365,0.024832049640996896,0.026517150395778365,0.022500222275600695,
0.023926625016615712,0.025521733351056758,0.02854676301050405,0.025521733351056758,0.0207895075765132,
0.024645554524976812,0.023188021730488936,0.020494322187657288,0.023188021730488936,0.018850795690949596,
0.0205761316872428,0.027877339705296694,0.026885181675849766,0.027877339705296694,0.022541799038610984,
0.02311835019046368,0.0281098121634047,0.023888232672679192,0.0281098121634047,0.02295937408849008,
0.02190551596727369,0.029955133280548957,0.034611904500676464,0.029955133280548957,0.023955771111002614,
0.02099564241383864,0.02984286280205995,0.03423806819122076,0.02984286280205995,0.02414939366225099,
0.022808174027686222,0.03085036255767963,0.03125420257335225,0.03085036255767963,0.02538275462400367,
