Majority Class Accuracy,Accuracy,Precision,Recall,F Score,Support
0.22929013565125775,0.17990254181482945,0.10729129426077946,0.17990254181482945,0.11991892490228281,
0.22304537637253605,0.1707897870088636,0.09600478504814117,0.1707897870088636,0.11530196997341724,
0.22203075291622482,0.16980381760339341,0.09395050724105085,0.16980381760339341,0.11291164693686621,
0.21411514990713718,0.16304059432210136,0.08963191554074265,0.16304059432210136,0.10902460009722993,
0.21930870083432658,0.17044100119189512,0.09785741088870369,0.17044100119189512,0.11417211864013622,
0.22697368421052633,0.1701315789473684,0.09391571828906274,0.1701315789473684,0.1151707171532301,
0.22235402662448925,0.1722683537630157,0.0979100261492793,0.1722683537630157,0.11634708172649039,
0.21957671957671956,0.1712962962962963,0.10247314068569983,0.1712962962962963,0.11574911573730083,
0.2212715545610109,0.17204159536659208,0.09442045871049733,0.17204159536659208,0.11437148950253212,
0.21626617375231053,0.16556641140744652,0.0925588010073218,0.16556641140744652,0.1094354282125951,
0.21254447226248518,0.16734747661088417,0.09258534182797716,0.16734747661088417,0.11098510799821801,
0.22816375516735565,0.17775703427123615,0.09815701240897633,0.17775703427123615,0.11698391508004927,
0.22700433014040153,0.1772733237107991,0.10170615683003134,0.1772733237107991,0.12139531319500996,
0.22513574361011787,0.17322208978943188,0.09680915783165496,0.17322208978943188,0.11741741048536602,
0.22043294614572334,0.16737064413938754,0.09323476172671753,0.16737064413938754,0.11169247758242322,
0.22274184927846072,0.16702298236237306,0.09417257543363294,0.16702298236237306,0.1132913422036848,
0.21614100185528756,0.17095149748210972,0.09412465587243056,0.17095149748210972,0.11270946229839823,
0.21380135620263263,0.16925940699375083,0.08937161992734233,0.16925940699375086,0.10921585390940246,
0.2179930795847751,0.1664892201224381,0.09187971135320441,0.1664892201224381,0.11082905883990074,
0.2325213956550362,0.17432521395655037,0.10016478131637532,0.17432521395655037,0.11717491205862754,
0.22041732699418912,0.16745905969360803,0.09519039136485967,0.16745905969360803,0.11344529189089417,
0.21736842105263157,0.1611842105263158,0.09399503908945639,0.1611842105263158,0.10952275358630333,
0.216255442670537,0.17126269956458637,0.09538050891238609,0.17126269956458637,0.11245253891951663,
0.22562016012600078,0.17311983199894998,0.09444186330086014,0.17311983199894998,0.11615163104081985,
0.22676186698400105,0.1758561417426947,0.10190033529528242,0.1758561417426947,0.12016792828739327,
0.2262599469496021,0.17413793103448275,0.09885132930103246,0.17413793103448275,0.11876195005405589,
0.21720116618075802,0.17426451099920487,0.1005114047316892,0.17426451099920487,0.11725389910087998,
0.22031435741645752,0.17223616431118743,0.0991530112588391,0.17223616431118743,0.11644866654668865,
0.21540487162606978,0.173798551678736,0.095280044509527,0.173798551678736,0.11573785867188789,
0.22042586750788642,0.16824395373291273,0.09630919000944341,0.16824395373291273,0.11339791886208493,
