Majority Class Accuracy,Accuracy,Precision,Recall,F Score,Support
0.02319451765946231,0.029256721138639957,0.029345194980755558,0.029256721138639957,0.02786067685549309,
0.029714738510301108,0.03407290015847861,0.03324008349221275,0.03407290015847861,0.03296827389682625,
0.026112443378630428,0.028910205169197976,0.03154404097056457,0.028910205169197976,0.02849811094969241,
0.02513227513227513,0.027645502645502647,0.028200147984480124,0.027645502645502647,0.027234568379812203,
0.027232259753862266,0.030636292223095052,0.030880609180803452,0.030636292223095052,0.029801275473910614,
0.02256437483408548,0.028139102734271303,0.027283267231516584,0.028139102734271303,0.02673759300257062,
0.024261603375527425,0.02979957805907173,0.029903263720681552,0.02979957805907173,0.02868545628973358,
0.02600814396427164,0.029948771837646132,0.02927527722184705,0.029948771837646132,0.028694336390590144,
0.02352630187681734,0.023922812582606395,0.023465710339882193,0.023922812582606395,0.022942898468397525,
0.02737733104086761,0.029096680333289247,0.02896517969192434,0.029096680333289247,0.02830754861297836,
0.026277372262773723,0.03264764432647645,0.0315893568123316,0.03264764432647645,0.031208050289786,
0.031348788198103265,0.0321390937829294,0.03165937365142771,0.0321390937829294,0.030936409204338666,
0.02832936192745565,0.029785544082605243,0.0297274604345053,0.029785544082605243,0.0288073370582777,
0.023806374818145747,0.03372569765903981,0.032856976499531045,0.03372569765903981,0.03229059282840013,
0.028141101862861673,0.029462280354075835,0.02894557804926699,0.029462280354075835,0.028365381258329127,
0.02754237288135593,0.0289989406779661,0.02828157987940058,0.0289989406779661,0.02766606550698816,
0.021003963011889035,0.02998678996036988,0.030499297264902192,0.02998678996036988,0.029242174011326658,
0.026633099244733005,0.031005697628196636,0.03028404353179927,0.031005697628196636,0.029622711340967677,
0.024393459915611815,0.02755801687763713,0.026382258579384144,0.02755801687763713,0.026379254349092954,
0.024724179183836237,0.028977801409012363,0.028394984305434096,0.028977801409012363,0.027308501865243234,
0.024506557159888726,0.027420850443767388,0.02839743287330885,0.027420850443767388,0.02721932687126593,
0.025361366622864652,0.028515111695137978,0.027536229940618818,0.028515111695137978,0.02729339271315333,
0.02706270627062706,0.027194719471947196,0.026300261715229836,0.027194719471947196,0.025745672148253927,
0.023731048121292023,0.03085036255767963,0.0314761618320554,0.03085036255767963,0.03047231508447998,
0.02259590120861797,0.028770362585391486,0.030259719490129292,0.028770362585391486,0.028724677524266655,
0.027532604399947307,0.02647872480569095,0.027406503483230052,0.02647872480569095,0.026015580741707393,
0.025941532789043983,0.028048459309981566,0.02693800043867396,0.028048459309981566,0.02664866838209763,
0.025387493319080707,0.027258150721539285,0.027676964057098973,0.027258150721539285,0.026341819182454235,
0.02613171439883859,0.029035238220931767,0.028226768597748364,0.029035238220931767,0.02782810039996437,
0.028313172936328592,0.02924365279808587,0.02874708886975795,0.02924365279808587,0.027650861694783677,
