Majority Class Accuracy,Accuracy,Precision,Recall,F Score,Support
0.25152156655199787,0.19899444297433183,0.11045255493597013,0.19899444297433183,0.13440177234481035,
0.2525399129172714,0.1960680828605357,0.11187845413683134,0.1960680828605357,0.13526317983060435,
0.25114754098360653,0.19540983606557377,0.11493203505326191,0.19540983606557377,0.13464546822559667,
0.24782149458674413,0.19963031423290203,0.11140636893421813,0.19963031423290203,0.13402801212630888,
0.2522211908234982,0.1994430446890333,0.11479501499083343,0.1994430446890333,0.1373803687048027,
0.251394422310757,0.20053120849933598,0.11842737374505272,0.20053120849933598,0.13992577217643976,
0.25355670788458984,0.20143597925807738,0.11134382278053488,0.20143597925807738,0.1351247134758649,
0.2536508354163926,0.20089461912906195,0.11447069362590244,0.20089461912906195,0.13656102944351953,
0.25577405305529893,0.20232281905767455,0.11702767282944217,0.20232281905767455,0.13928118618302385,
0.2391676544185434,0.1929408665876465,0.10966768732208061,0.1929408665876465,0.13037764749225939,
0.25242074545695714,0.1945881416633506,0.11221565917726996,0.1945881416633506,0.13334379263205165,
0.24986744432661717,0.19459172852598092,0.10994767126217522,0.19459172852598092,0.13290693475710297,
0.24880573248407642,0.1993099787685775,0.11193847815294068,0.1993099787685775,0.13452321793688743,
0.2502978160158835,0.19907346128391792,0.1229624132322448,0.19907346128391792,0.13668351184858776,
0.24231226078923057,0.19334829088029562,0.11219324456628392,0.19334829088029562,0.13149432191469823,
0.25258964143426293,0.200132802124834,0.11832061427462559,0.200132802124834,0.13857814877568056,
0.25493835344027577,0.19355694020946573,0.11028738903398642,0.19355694020946573,0.1339714557000536,
0.24738860240645247,0.19859843977257702,0.1110086508866852,0.19859843977257702,0.13335485272707337,
0.2505658367727333,0.1954466782052989,0.1077449260416074,0.1954466782052989,0.1324171688319913,
0.24893673577884104,0.1951089845826688,0.106609650205428,0.1951089845826688,0.13095186195434808,
0.24153439153439155,0.19854497354497355,0.11045534217477573,0.19854497354497355,0.13103746442621889,
0.24805074666314259,0.19228227831373068,0.10887841016817856,0.19228227831373068,0.13013413225794615,
0.2545671167593328,0.20280646015356102,0.12155592407633033,0.20280646015356102,0.1427429955273694,
0.24894625922023184,0.19428345626975763,0.10722070988368493,0.19428345626975763,0.13133527487407762,
0.2521108179419525,0.19986807387862796,0.12714795456023686,0.19986807387862796,0.1373329961577603,
0.2480190174326466,0.19611727416798733,0.11013001113209703,0.19611727416798733,0.13294259821716856,
0.2515540272450734,0.198783229731517,0.11345033428341829,0.198783229731517,0.13692116146672031,
0.251829187175735,0.20114407343355062,0.11280826258504001,0.20114407343355062,0.13691770995085648,
0.2493368700265252,0.20053050397877983,0.11535523488633864,0.20053050397877983,0.13809877605211962,
0.2512556172349987,0.20327782183452286,0.11544179271637937,0.20327782183452286,0.13891960864600097,
