Majority Class Accuracy,Accuracy,Precision,Recall,F Score,Support
0.0091065065329286,0.011218160221723637,0.007419803129721568,0.011218160221723637,0.007938404004232225,
0.011915795048325168,0.012577783662121011,0.00853904046092579,0.012577783662121011,0.00894275901733818,
0.012624584717607974,0.012093023255813953,0.012543940202148225,0.012093023255813953,0.009333622635428673,
0.009110113546342752,0.014523369421705836,0.011484855799931902,0.014523369421705836,0.010839512016600134,
0.014112371405961487,0.014639936692165656,0.010630160379354619,0.014639936692165656,0.010715196304339356,
0.016771488469601678,0.015723270440251572,0.022485751091198065,0.015723270440251572,0.010813276636359894,
0.010882391503867838,0.01402910711944408,0.00992933515773106,0.01402910711944408,0.009571824908757577,
0.012209688122096881,0.01579296615792966,0.015833235903075518,0.01579296615792966,0.012376777503857574,
0.012259425257052465,0.013577643026627999,0.013526723087043474,0.013577643026627999,0.010327783552444963,
0.013407672905880791,0.014602416036107792,0.012600384262533675,0.014602416036107792,0.010321166171245176,
0.012798522232484497,0.012270748119804723,0.0068928568045065735,0.012270748119804723,0.00762979013427443,
0.0116386721333157,0.0116386721333157,0.010318098915428982,0.0116386721333157,0.009335852342115536,
0.012040222281026726,0.01468642498015348,0.018604548319997954,0.01468642498015348,0.010961749050150736,
0.010586211459573905,0.014688368400158794,0.01669898873429033,0.014688368400158794,0.010147789367815067,
0.00944525741652255,0.017826260476253825,0.0215148536054581,0.017826260476253825,0.011873514404150801,
0.009530112508272667,0.015618795499669094,0.012255904879823502,0.015618795499669094,0.009866374767242104,
0.0130074891604257,0.013270266719222178,0.010357951907215739,0.013270266719222178,0.00934595095892119,
0.011330698287220026,0.014888010540184453,0.011613892935716337,0.014888010540184453,0.01124031929756185,
0.012038629448339727,0.013758433655245404,0.016684712365969346,0.013758433655245404,0.01024998879639422,
0.01080653663679494,0.013574064312071692,0.008406099608591082,0.013574064312071692,0.009045832432613815,
0.01201828870019595,0.013977792292619202,0.013816233034008843,0.013977792292619202,0.010636080244094114,
0.011843663639952625,0.012238452427951046,0.007621247695062452,0.012238452427951046,0.008293267714957434,
0.012886940348080245,0.014082635844293876,0.015262349773622291,0.014082635844293876,0.009441216283902766,
0.014302900681727041,0.013901884774762733,0.01614792994664713,0.013901884774762733,0.009895956720166407,
0.009972444561081224,0.012465555701351529,0.011407681125474247,0.012465555701351529,0.008479938519153235,
0.009762532981530342,0.012269129287598945,0.01116154471071561,0.012269129287598945,0.008994590458054473,
0.012506652474720596,0.011575306013837147,0.009353459633038163,0.011575306013837147,0.008104313296912162,
0.011669070407761899,0.01311131506490101,0.008936814441195533,0.01311131506490101,0.009301873787330849,
0.013220518244315178,0.014410364886303543,0.016300082937502382,0.014410364886303543,0.01024929148734014,
0.013468902680575729,0.009771556846692196,0.007563299358980536,0.009771556846692196,0.007008107997857279,
