Majority Class Accuracy,Accuracy,Precision,Recall,F Score,Support
0.38023472926113633,0.3219525206721792,0.206419412110575,0.3219525206721792,0.23648977893203077,
0.3838919062127434,0.32997748046098824,0.2036877048204159,0.32997748046098824,0.24247768438291353,
0.3685669041963579,0.31419899709685933,0.19072884294916045,0.31419899709685933,0.22619870832632885,
0.380544951954719,0.32104778201921813,0.19673834583319094,0.32104778201921813,0.236444240738276,
0.382567227447344,0.31686316068353426,0.1995802180358705,0.31686316068353426,0.23755305611532612,
0.3791005291005291,0.31547619047619047,0.18988136518854154,0.31547619047619047,0.22682784509893222,
0.3845540342948292,0.3195533696663565,0.19369308046852407,0.3195533696663565,0.23319009853335484,
0.3743562656807078,0.3157269246005546,0.19932031286394417,0.3157269246005546,0.23472121750504954,
0.38599283724631916,0.32272184639872664,0.20012715053695337,0.32272184639872664,0.23903549500138924,
0.3741496598639456,0.3110577564359077,0.19181321054674727,0.3110577564359077,0.2271171121914629,
0.36989591673338673,0.3058446757405925,0.1890850001016069,0.3058446757405925,0.22286250667384247,
0.3834526650755768,0.31609652612039246,0.20052409266461252,0.31609652612039246,0.23677471279063936,
0.37084701247537755,0.3150361129349967,0.19714015605356935,0.3150361129349967,0.2263918735756053,
0.38384766907419565,0.3217334208798424,0.20324138961598545,0.3217334208798424,0.23930538730069373,
0.37417828030502237,0.30778332895082827,0.19088349114745484,0.30778332895082827,0.22819152205260168,
0.36603124172623774,0.3084458564998676,0.1924815010999268,0.3084458564998676,0.223652730045708,
0.3726937269372694,0.31259884027411705,0.18799739616157488,0.31259884027411705,0.2265491732749804,
0.38011695906432746,0.31658692185007975,0.19425674626318387,0.31658692185007975,0.23070854997818385,
0.3613588667366212,0.3033840503672613,0.18607091380751373,0.3033840503672613,0.22032291169683477,
0.3764007910349374,0.32326961107448915,0.19720199813823264,0.32326961107448915,0.23481613908423676,
0.37644281217208814,0.31899265477439664,0.20216109854573708,0.31899265477439664,0.23372523849152013,
0.3709720021130481,0.31431590068674065,0.19255600629212496,0.31431590068674065,0.22732226766603092,
0.3736205990541251,0.3156857593273778,0.18903484904133583,0.3156857593273778,0.22587220272294395,
0.3793882978723404,0.3178191489361702,0.19530602046114715,0.3178191489361702,0.23419820420884993,
0.37333157129641864,0.3141271309633937,0.20104220646332396,0.3141271309633937,0.23074542923150831,
0.3824617010036978,0.3230322239830956,0.19796513991091147,0.3230322239830956,0.23685793338595984,
0.382132033205956,0.3212544472262485,0.19617045166956693,0.3212544472262485,0.23455747712004968,
0.39183295890048897,0.32919254658385094,0.21221537651150765,0.32919254658385094,0.24639611054795518,
0.37234183066966053,0.30537577598732,0.1913001119667348,0.30537577598732,0.22579642595274171,
0.3725929833816935,0.31020838828805064,0.18935250618344268,0.31020838828805064,0.2248583495733104,
