Majority Class Accuracy,Accuracy,Precision,Recall,F Score,Support
0.47501656726308816,0.4136514247846256,0.2775750023487919,0.4136514247846256,0.3217003989120797,
0.469620589015654,0.4156274873971876,0.269380536635163,0.4156274873971876,0.3144232602907293,
0.4776237623762376,0.42204620462046205,0.27371375939698656,0.42204620462046205,0.32208856442022554,
0.4841952122735088,0.43314376405237404,0.2865481070059354,0.43314376405237404,0.33227147503964466,
0.4668614689865852,0.42064019126045954,0.2775169224601594,0.42064019126045954,0.32092835901582656,
0.47292802979912196,0.4203804709325529,0.27855461642103385,0.4203804709325529,0.3200985465619166,
0.46954348112090516,0.41678726483357453,0.2687228730771678,0.41678726483357453,0.3145408627481884,
0.47298903711530843,0.4168537841764628,0.27001819266953764,0.4168537841764628,0.31678639671891723,
0.485262878385555,0.42604885820499205,0.28572543547174706,0.42604885820499205,0.3310498000402074,
0.48535453943008616,0.4320742213386349,0.288622208650169,0.4320742213386349,0.3318746884531025,
0.4729838709677419,0.41868279569892475,0.27017121045105025,0.41868279569892475,0.31678588010452463,
0.47954996690933155,0.428722700198544,0.2872732682526519,0.428722700198544,0.33108873427836116,
0.4798945286750165,0.422412656558998,0.27911913607368993,0.422412656558998,0.32518112546853045,
0.47592030610898534,0.42446233012270745,0.2805546602407579,0.42446233012270745,0.3251344091571762,
0.4799364322606277,0.4194146470666137,0.27351448985388666,0.4194146470666137,0.3215477171348197,
0.4684029613960867,0.40877842411422527,0.2684413035625907,0.40877842411422527,0.31026170454855284,
0.4739067247985203,0.42409829567974633,0.2744819660146908,0.42409829567974633,0.32375486695265326,
0.47222960403933034,0.41868190273717776,0.27258269550714986,0.41868190273717776,0.3167649471562432,
0.47426519483973933,0.42638648756483577,0.27788322269240584,0.42638648756483577,0.324273133539438,
0.47693324520819563,0.42921348314606744,0.28683921761867165,0.42921348314606744,0.3293895799163067,
0.4765895184889598,0.42404894918861397,0.27399089324802234,0.42404894918861397,0.32407049268036314,
0.49444150344097404,0.4419004764425622,0.29686934173278307,0.4419004764425622,0.34538988929814046,
0.4830395299145299,0.42735042735042733,0.2777357368623103,0.42735042735042733,0.3259165467375887,
0.48288122201738215,0.4275744008427706,0.2789398528812218,0.4275744008427706,0.32724440533848825,
0.4806651709119704,0.4236505213145044,0.2766794846108114,0.4236505213145044,0.32257408242808594,
0.4813046937151949,0.4215062317687616,0.2782313039246949,0.4215062317687616,0.3249115021435825,
0.4737467018469657,0.41767810026385227,0.27004128556872475,0.41767810026385227,0.317704347817173,
0.48342541436464087,0.4214680347277032,0.2781064324453585,0.4214680347277032,0.3268362886505372,
0.47910349373764005,0.4279499011206328,0.2771903389691341,0.4279499011206328,0.3263076208616578,
0.473412014321708,0.4183795252619016,0.27292207016905035,0.4183795252619016,0.3204940829635453,
