Majority Class Accuracy,Accuracy,Precision,Recall,F Score,Support
0.16723774380600948,0.12585661570901424,0.06621881501112468,0.12585661570901424,0.08074753701408577,
0.15758857747223692,0.12387625594923321,0.06099921056772424,0.12387625594923321,0.07713986569551921,
0.16220159151193633,0.1312997347480106,0.07093310261732388,0.1312997347480106,0.08437498284937643,
0.160937705781641,0.12419333596733834,0.07161454500176712,0.12419333596733834,0.07996210098021071,
0.16289532883419347,0.12716686515813153,0.06941953603694241,0.12716686515813153,0.08112223962148987,
0.16476670201484622,0.12486744432661719,0.06964873563325324,0.12486744432661719,0.08249958738022053,
0.16239429175475686,0.12645348837209303,0.07093977736607711,0.12645348837209303,0.08087117608537547,
0.15946230890880336,0.12493410648392199,0.06566870311130468,0.12493410648392199,0.07984961315064881,
0.16166312433581295,0.12380446333687567,0.06441835417416794,0.12380446333687567,0.07914849778715405,
0.1616869381279746,0.12109994711792703,0.0627354135157373,0.12109994711792703,0.07597856445363455,
0.17177914110429449,0.12726798068137318,0.06707468023371803,0.12726798068137318,0.08161010465464599,
0.1570182394924663,0.11802802008987576,0.06500857858094888,0.11802802008987576,0.07570025609305688,
0.16297176035893376,0.12364740036949064,0.06528280428266633,0.12364740036949064,0.07983670761113718,
0.16035370199287316,0.11785667150587303,0.05834310072025096,0.11785667150587303,0.07348782187747133,
0.16061765870397254,0.12023228190576746,0.062416139789841105,0.12023228190576746,0.07666868491669132,
0.16760878138556592,0.1230445642171684,0.06418589592556595,0.1230445642171684,0.07873701126377765,
0.17310725552050474,0.12513144058885384,0.06888032593515543,0.12513144058885384,0.0811059837082152,
0.16559083124752996,0.12699249110789093,0.07119887709795496,0.12699249110789093,0.08196495153251432,
0.1599364490930756,0.1199523368198067,0.06524603937578387,0.1199523368198067,0.07704446518999397,
0.1619325723387311,0.12835147332094504,0.06849807420688091,0.12835147332094504,0.08324920964913733,
0.1592931937172775,0.12316753926701571,0.06383692777653811,0.12316753926701571,0.07825961783882888,
0.16422635536208943,0.12188365650969529,0.06468575455856607,0.12188365650969529,0.07990014071542566,
0.17114624505928855,0.12806324110671938,0.06948936030805589,0.12806324110671938,0.08234140602472696,
0.16723016905071522,0.12262678803641092,0.06671566995657272,0.12262678803641092,0.08045363746004118,
0.16415742208135234,0.11806656101426308,0.06452576783770196,0.11806656101426308,0.07621510773623678,
0.16834038054968287,0.13292811839323468,0.07332464338505616,0.13292811839323468,0.0868969681368852,
0.16777012711864406,0.1263241525423729,0.0683164154175916,0.1263241525423729,0.08271743007814175,
0.1642499340891115,0.12958080674927497,0.06524870678525713,0.12958080674927497,0.08121029178235238,
0.16102591221575885,0.12863564251718668,0.06669324851382502,0.12863564251718668,0.08089229428252247,
0.15725593667546175,0.12229551451187336,0.06393399826556867,0.12229551451187336,0.07726143911225826,
