Majority Class Accuracy,Accuracy,Precision,Recall,F Score,Support
0.03355437665782493,0.04323607427055703,0.0451448465959443,0.04323607427055703,0.03556937514752342,
0.03329385445453349,0.04145282273983419,0.039222221431719224,0.04145282273983419,0.03581842209081061,
0.031687351465540005,0.04396620015843676,0.03678522934636592,0.04396620015843676,0.03484858305468716,
0.0298149873552509,0.041394915479834954,0.03938546567573206,0.041394915479834954,0.03304223175037969,
0.03476428759547011,0.04148011588095865,0.037526763562870276,0.04148011588095865,0.03393015763790843,
0.03045818563739005,0.044374425626887225,0.038368638490348016,0.044374425626887225,0.03828346369700698,
0.03366467859509609,0.04241219350563287,0.040390874998192,0.04241219350563287,0.03512333785313392,
0.035657894736842104,0.03657894736842105,0.033139026064363385,0.03657894736842105,0.029277304589801063,
0.032621668213764755,0.04429120806259117,0.04015006963489009,0.04429120806259117,0.036340754371984495,
0.03200211584236974,0.04059772546945253,0.044134293664296526,0.04059772546945253,0.03561284676992876,
0.03088803088803089,0.04047397150845427,0.03892087526426405,0.04047397150845427,0.03552199760685622,
0.036370956918534425,0.03811568916923903,0.03223430336372223,0.03811568916923903,0.030056938683882196,
0.03467369808833223,0.04403427818061965,0.0373316586395565,0.04403427818061965,0.0363166020806074,
0.03567213114754098,0.03921311475409836,0.03587789041731521,0.03921311475409836,0.03448492625937157,
0.03602286321946032,0.04080818822278347,0.03840249441999915,0.04080818822278347,0.033555548699245354,
0.03547789250728091,0.042626423087106166,0.038857752653392925,0.042626423087106166,0.036048862664847456,
0.03181576144834931,0.043530351437699684,0.03859671777911814,0.043530351437699684,0.034813379557827644,
0.03193586542252596,0.04402681035615718,0.04587464745757995,0.04402681035615718,0.03724309035460548,
0.0331389183457052,0.04122481442205726,0.05434512350258085,0.04122481442205726,0.035683074132148086,
0.03642557651991614,0.0429769392033543,0.040900326551393834,0.0429769392033543,0.036379939069612295,
0.03415861247186548,0.0424996690056931,0.03857487666126398,0.0424996690056931,0.033539857278203154,
0.03310908851075056,0.04168315525656246,0.035607639248419906,0.04168315525656246,0.03487147093997545,
0.036741214057507986,0.04113418530351438,0.03547057471155581,0.04113418530351438,0.032735560450884015,
0.03197251948738274,0.04346677236094596,0.04032180204847737,0.04346677236094596,0.036944399107647935,
0.03172924378635643,0.03860391327340032,0.03689482620728114,0.03860391327340032,0.034328596993539816,
0.03258278145695364,0.041721854304635764,0.03678847006164321,0.041721854304635764,0.03468130118351164,
0.0342902711323764,0.03588516746411483,0.03907236193260324,0.03588516746411483,0.030915906112646205,
0.0335978835978836,0.04034391534391534,0.03861403238659686,0.04034391534391534,0.03373182066427209,
0.035220627325890486,0.040271132376395534,0.03665249897059787,0.040271132376395534,0.03355067859456841,
0.03296991987389991,0.03888086168396165,0.03712818413285156,0.03888086168396165,0.033784941967164986,
