Majority Class Accuracy,Accuracy,Precision,Recall,F Score,Support
0.8024268003165391,0.7887101028752308,0.6648796686082149,0.7887101028752308,0.7135825749127399,
0.7916832207654615,0.7788372401006489,0.6423805506062796,0.7788372401006489,0.6979911755834084,
0.7931034482758621,0.7802387267904509,0.6471926780116436,0.7802387267904509,0.6999048027000427,
0.7899960301707026,0.7762339552732566,0.6384094330928514,0.7762339552732566,0.6945505707912777,
0.79383328978312,0.7784165142409197,0.6468011145393575,0.7784165142409197,0.7002810467039708,
0.7918808488203506,0.7802820614208514,0.6469562245856626,0.7802820614208514,0.700225586466776,
0.7969394544244843,0.7801729873586161,0.6550235956582297,0.7801729873586161,0.705229867536523,
0.8000793860809738,0.7877745435300344,0.6657789573607656,0.7877745435300344,0.7110285477953223,
0.7922317314022383,0.7790651744568795,0.6437792950844845,0.7790651744568795,0.6979997973789938,
0.7911004529709565,0.7779110045297095,0.6376378561825707,0.7779110045297095,0.6960889988701405,
0.794280442804428,0.7821560358460727,0.648111610832347,0.7821560358460727,0.701618691053615,
0.792338177014531,0.7770145310435931,0.6411358012332946,0.7770145310435931,0.6979344882708869,
0.79340804218853,0.7771918259723137,0.6476683579390125,0.7771918259723137,0.7002370603981128,
0.792904073587385,0.7793692509855453,0.6385286130758564,0.7793692509855453,0.6978284630044111,
0.7928202410915353,0.776261756524043,0.6414381013107565,0.776261756524043,0.6977050570014732,
0.7896062574572451,0.7764815060320828,0.6368107246869258,0.7764815060320828,0.6938953486965622,
0.7855164226355362,0.7729850943147342,0.6433045867877158,0.7729850943147342,0.6925827709677691,
0.7934568387859677,0.7821574037577191,0.6575763049693641,0.7821574037577191,0.7026555109469423,
0.7821992306671972,0.7677410797187956,0.6307127914687645,0.7677410797187956,0.6850052146316798,
0.7832297315169952,0.769474937177622,0.6312805769272691,0.769474937177622,0.6863678409975098,
0.7908946532556909,0.7758073054526204,0.6371254159918874,0.7758073054526204,0.6955306357829834,
0.7836691410392365,0.769220572640509,0.631533561681489,0.769220572640509,0.6863601573852293,
0.8000797024442083,0.7877258235919234,0.659985183225531,0.7877258235919234,0.7115808717204511,
0.7908921933085502,0.7772172065852363,0.6472685476110279,0.7772172065852363,0.697703331241929,
0.7967609186247179,0.7793707686180804,0.6505650345837255,0.7793707686180804,0.7028446281640964,
0.7880513975360975,0.7749370777586435,0.6348422285973464,0.7749370777586435,0.6922580174107686,
0.785958453852222,0.7749145411517223,0.6432718440189966,0.7749145411517223,0.6919107463209521,
0.7916221985058698,0.776547491995731,0.641678727898421,0.776547491995731,0.697326698077638,
0.7893555203380876,0.7774696249339672,0.6452740727011584,0.7774696249339672,0.6946696245239662,
0.7966056748872978,0.7840095465393795,0.6567543997948645,0.7840095465393795,0.7042367101551152,
