Majority Class Accuracy,Accuracy,Precision,Recall,F Score,Support
0.31544243703019914,0.31544243703019914,0.09950393107955115,0.31544243703019914,0.15128587656666392,
0.311005416831814,0.311005416831814,0.09672436929873036,0.311005416831814,0.14755754332804394,
0.3249834327369119,0.3249834327369119,0.10561423155346693,0.3249834327369119,0.15941970132457897,
0.31889971045011845,0.31889971045011845,0.10169702532516937,0.31889971045011845,0.1542149482927127,
0.3059949488236076,0.3059949488236076,0.09363290870556223,0.3059949488236076,0.14338938874136278,
0.3166910104899748,0.3166910104899748,0.10029319612516131,0.3166910104899748,0.15234127874517747,
0.30832449628844116,0.30832449628844116,0.09506399501152096,0.30832449628844116,0.14532173827090455,
0.31787211740041926,0.31787211740041926,0.10104268302062593,0.31787211740041926,0.15334216679527085,
0.3157478237931944,0.3157478237931944,0.09969668823013814,0.3157478237931944,0.15154376306353398,
0.31073222310335713,0.31073222310335713,0.09655451447475452,0.31073222310335713,0.1473291230243002,
0.3171893608574831,0.3171893608574831,0.10060909064117865,0.3171893608574831,0.15276329073244665,
0.32194671590609336,0.32194671590609336,0.10364968788271879,0.32194671590609336,0.15681371516048567,
0.31052215189873417,0.31052215189873417,0.09642400681982054,0.31052215189873417,0.14715357032327578,
0.3160116064362965,0.3160116064362965,0.09986333540244875,0.3160116064362965,0.15176664843082108,
0.31767810026385224,0.31767810026385224,0.10091937538725015,0.31767810026385224,0.15317758619049984,
0.3247291694529892,0.3247291694529892,0.10544903349362815,0.3247291694529892,0.1592008931715008,
0.3166821253478203,0.3166821253478203,0.10028756851481259,0.3166821253478203,0.15233375859540918,
0.3258636788048553,0.3258636788048553,0.10618713716423389,0.3258636788048553,0.16017806183506267,
0.31978821972203836,0.31978821972203836,0.1022645054729907,0.31978821972203836,0.15497108391303674,
0.3210415014538726,0.3210415014538726,0.10306764565575688,0.3210415014538726,0.1560399813969898,
0.3196353065539112,0.3196353065539112,0.10216672919581278,0.3196353065539112,0.15484085442153023,
0.31362433862433864,0.31362433862433864,0.09836022577755384,0.31362433862433864,0.14975396372536642,
0.32133946158896914,0.32133946158896914,0.10325904957428858,0.32133946158896914,0.1562945065609635,
0.3162642610772088,0.3162642610772088,0.1000230828347129,0.3162642610772088,0.15198024559727186,
0.31669763737722323,0.31669763737722323,0.10029739352031519,0.31669763737722323,0.1523468876576723,
0.30960901259111995,0.30960901259111995,0.09585774067764827,0.30960901259111995,0.14639138820217715,
0.30663312591023434,0.30663312591023434,0.09402387390548163,0.30663312591023434,0.1439177869304089,
0.3116094986807388,0.3116094986807388,0.09710047966806135,0.3116094986807388,0.14806309311685878,
0.3181274105599149,0.3181274105599149,0.10120504934955664,0.3181274105599149,0.1535588267701173,
0.3143570865106495,0.3143570865106495,0.09882037783946396,0.3143570865106495,0.1503706699703837,
