Majority Class Accuracy,Accuracy,Precision,Recall,F Score,Support
0.013476020610384463,0.02008191306645528,0.015316475418872193,0.02008191306645528,0.014174090676621329,
0.015044601251497803,0.018106776727466384,0.015213422655898194,0.018106776727466384,0.013405788784252547,
0.013953488372093023,0.017142857142857144,0.015258825828087696,0.017142857142857144,0.012457288845029734,
0.01605685706764938,0.017636220057909976,0.013403787717307112,0.017636220057909976,0.012807901937081376,
0.014366679847106894,0.019770660340055358,0.016176031107274863,0.019770660340055358,0.015438181736707196,
0.01677896683841987,0.02140309155766944,0.0193758335252676,0.02140309155766944,0.016954190582712494,
0.01421239636794315,0.017633899197262798,0.014608249166760397,0.017633899197262798,0.013482707828577571,
0.015071390798519302,0.017318878900052882,0.015453674860219166,0.017318878900052882,0.013676423198948488,
0.016171792152704135,0.018822905620360552,0.0157057687341687,0.018822905620360552,0.013916561649117108,
0.01634768740031898,0.018341307814992026,0.01741332807814317,0.018341307814992026,0.013682690195987356,
0.015077370718158973,0.017590265837852136,0.017122882552116,0.017590265837852136,0.014910154222734218,
0.016538766869542205,0.015612595924847844,0.01711686361921327,0.015612595924847844,0.012479673812402005,
0.01459079453508423,0.017906884202148827,0.02954226299061232,0.017906884202148827,0.01312779456038487,
0.013785790031813362,0.016436903499469777,0.015125771413525864,0.016436903499469777,0.013446213442389993,
0.014947089947089947,0.016931216931216932,0.014502831103015463,0.016931216931216932,0.013142450931781945,
0.015310877379842897,0.017574224470776195,0.013756511156639718,0.017574224470776195,0.012445839467435169,
0.01767110642226032,0.017143610708162997,0.011459017829810746,0.017143610708162997,0.011168420424298556,
0.014170308568401535,0.01628923321414382,0.016379949685104547,0.01628923321414382,0.012829562038423014,
0.014567606939478214,0.01628923321414382,0.018561459786299448,0.01628923321414382,0.012119125320512108,
0.01521566551997883,0.016141836464673195,0.017916078643990536,0.016141836464673195,0.01340184730369763,
0.014147824937194235,0.01586671955573185,0.016131095447558,0.01586671955573185,0.011466925337459676,
0.01265322261763543,0.01818900751285093,0.018918995477355725,0.01818900751285093,0.015241603991574593,
0.013527712109272392,0.019175203572366694,0.013173271905636679,0.019175203572366694,0.012690262054443636,
0.014578408195429472,0.018649855529288155,0.015707573277546304,0.018649855529288155,0.014958463601184052,
0.01600105792118487,0.018116900290928325,0.012924212259601768,0.018116900290928325,0.013606986329277503,
0.015233805802092992,0.017353291826732016,0.028365046516409857,0.017353291826732016,0.01198729550699272,
0.014486975013290803,0.015018607123870282,0.011529269563510348,0.015018607123870282,0.011003473680971085,
0.014187218244497481,0.01922566958366481,0.01661811243162085,0.01922566958366481,0.014885264487043644,
0.01511765479163928,0.015774944130406206,0.016956753277297856,0.015774944130406206,0.01185915511273481,
0.014372362869198312,0.018591772151898733,0.015515290271011726,0.018591772151898733,0.014440948214488896,
