Majority Class Accuracy,Accuracy,Precision,Recall,F Score,Support
0.3406944259678063,0.33843288545962485,0.17874774150417033,0.33843288545962485,0.17730266912675868,
0.3470954082307794,0.34471351065237527,0.14743860131872594,0.34471351065237527,0.18351991853993257,
0.33845949887312743,0.3340845817314066,0.13928597711235047,0.3340845817314066,0.17762888923049883,
0.34734893560756314,0.34417559169641676,0.14089809996296637,0.34417559169641676,0.18325217420474044,
0.33894039735099335,0.3374834437086093,0.1680755823346895,0.3374834437086093,0.1764193373107104,
0.3485329103885805,0.3480042294475284,0.15826933667170984,0.3480042294475284,0.1871854800764433,
0.3415795740177272,0.3390660140230189,0.14443721108185223,0.3390660140230189,0.17979125730127146,
0.3435468895078923,0.3427510279877968,0.14866069186884528,0.3427510279877968,0.18320420969559786,
0.3367333421645251,0.33514372764604583,0.1551596402621367,0.33514372764604583,0.17274383941624719,
0.3447771124417831,0.3445109780439122,0.19360494900692993,0.3445109780439122,0.18807851203495543,
0.3497094558901215,0.34799260433174856,0.15353116356496666,0.34799260433174856,0.1855620391525905,
0.3405864402282075,0.3370041130423245,0.14714438369684177,0.3370041130423245,0.17573018953304706,
0.3362561445463,0.3341304636641424,0.14781071880871763,0.3341304636641424,0.17710491090435726,
0.34153724664385365,0.3389049749934193,0.14214246839623276,0.3389049749934193,0.17976806632315293,
0.34196203371830614,0.340900039824771,0.14512774519875352,0.340900039824771,0.17886871159838522,
0.3429817605075337,0.3408670367433254,0.14262289420676233,0.3408670367433254,0.18076876275166187,
0.35276967930029157,0.34866154253909354,0.15173658319050573,0.34866154253909354,0.19180876921864254,
0.34099920697858843,0.3392809939201692,0.19618157981875503,0.3392809939201692,0.17934756961089446,
0.3478720592122654,0.3465503568596352,0.15018979301124175,0.3465503568596352,0.18503762608490476,
0.3478088701161563,0.344376979936642,0.154054663585204,0.344376979936642,0.18598292445020445,
0.3419798835362626,0.33973001588141877,0.14178399389712248,0.33973001588141877,0.1779043925899401,
0.3461386659650046,0.3419286935929483,0.1495349994184288,0.3419286935929483,0.185552110653363,
0.3367048176736758,0.33524088368379024,0.15200426118896562,0.33524088368379024,0.17603050048665064,
0.3508563899868248,0.3495388669301713,0.16102720230117504,0.3495388669301713,0.1888225820742028,
0.3463427585291385,0.3447497676888358,0.16763386870600458,0.3447497676888358,0.18556106863634408,
0.3476020610384463,0.34495970405601795,0.14975174795109883,0.34495970405601795,0.18500275575384442,
0.3357011312812418,0.3339910549855301,0.14072778884028814,0.3339910549855301,0.17399240867348423,
0.3529333863064495,0.35160905840286055,0.1599270121584648,0.35160905840286055,0.18796002257869615,
0.3360232835031089,0.3360232835031089,0.1521874196013508,0.3360232835031089,0.1782314014416418,
0.33883315733896513,0.33777719112988386,0.14813412190545938,0.33777719112988386,0.1792369738363619,
