Majority Class Accuracy,Accuracy,Precision,Recall,F Score,Support
0.32354885627396535,0.2653708845696152,0.15874530866656966,0.2653708845696152,0.18930235255923766,
0.31674805331925565,0.2586775768773921,0.1572307054671378,0.2586775768773921,0.18377187112985036,
0.31426675514266755,0.25335102853351027,0.15220392061765795,0.25335102853351027,0.18059172222023734,
0.31073222310335713,0.25165212794078773,0.14915762069398816,0.25165212794078773,0.17797149132186668,
0.3205009887936717,0.25774555042847724,0.15547648217719565,0.25774555042847724,0.18373870987664503,
0.3158728064388442,0.25847737168491886,0.15425139987112305,0.25847737168491886,0.18340521581062857,
0.30340639028254557,0.2531027198310008,0.1467797100436237,0.2531027198310008,0.17412138830407686,
0.31294210112653914,0.2611998952056589,0.1573743652052819,0.2611998952056589,0.1837624871748361,
0.309404636459431,0.2452581664910432,0.14191523951552235,0.2452581664910432,0.1699191626148374,
0.3128550667195138,0.25591227374818337,0.15167176827459766,0.25591227374818337,0.18199235299352956,
0.30804688528908203,0.2529961806927433,0.15185470369975984,0.2529961806927433,0.1792809634106827,
0.3148075154381816,0.2525292340034161,0.1510059724248801,0.2525292340034161,0.1781043495340085,
0.31060707138092064,0.2524349566377585,0.15598366599699767,0.2524349566377585,0.1786052409892757,
0.30955833882663153,0.2598549769281477,0.15225498023509523,0.2598549769281477,0.18125922638486,
0.31728492501973166,0.26624572480926073,0.15744635997598538,0.26624572480926073,0.188492979827793,
0.3104274870155813,0.25742442402450394,0.1590443265421169,0.25742442402450394,0.18398511791128527,
0.3118379237288136,0.2539724576271186,0.15244734513459499,0.2539724576271186,0.1814029029664041,
0.31795891318754144,0.263220675944334,0.15918667506703643,0.263220675944334,0.18584353748187624,
0.3191149026926153,0.2569981338309784,0.15390341529086177,0.2569981338309784,0.18193019893367085,
0.3105688900676303,0.25248640763824426,0.14629877796030247,0.25248640763824426,0.1762031949989346,
0.3169299047121786,0.2592350868032894,0.15463415705595354,0.2592350868032894,0.18507932487497072,
0.30318169865895345,0.2483565606100447,0.14746891824906733,0.2483565606100447,0.17267664929513268,
0.32219005001316137,0.25756778099499866,0.14980933984064324,0.2575677809949987,0.18255534979041077,
0.30522987748649716,0.25135028323014097,0.14362609288672165,0.25135028323014097,0.1733823549823111,
0.31888259322703916,0.26077217024640925,0.15859606988107197,0.26077217024640925,0.18862789058447268,
0.31229367489766274,0.26013468902680575,0.1545103560972206,0.26013468902680575,0.183224987537344,
0.3139968068121341,0.256785524215008,0.156013002480322,0.25678552421500794,0.18186767864452716,
0.32130492676431427,0.2576564580559254,0.1563248079462603,0.2576564580559254,0.1847318336181937,
0.3150973172014729,0.2552603892688059,0.15258854599747268,0.2552603892688059,0.18120044210431557,
0.30861749933914884,0.25099127676447264,0.1476443070373168,0.25099127676447264,0.1776624978362689,
