Majority Class Accuracy,Accuracy,Precision,Recall,F Score,Support
0.16849333157269247,0.15740129407104186,0.05983610962268409,0.15740129407104186,0.07121338812936077,
0.16287330614392842,0.14945401920799894,0.05902927470365667,0.14945401920799894,0.0675873193135886,
0.1657782515991471,0.15431769722814498,0.07302436270881159,0.15431769722814498,0.07338844828607141,
0.15856573705179283,0.1552456839309429,0.06498679536886767,0.1552456839309429,0.0709035563646902,
0.1639973527465255,0.157114493712773,0.05840578401044105,0.157114493712773,0.06962194394125697,
0.15960695790731644,0.1508431815163989,0.0579102107057854,0.1508431815163989,0.0662118014066487,
0.16626794258373206,0.15922381711855396,0.05762752820441917,0.15922381711855396,0.07084621802820668,
0.16777364505844847,0.15422422954303933,0.07425443262307355,0.15422422954303933,0.07081672285733943,
0.1675,0.15802631578947368,0.05809514164135349,0.15802631578947368,0.06987224385874248,
0.16421276031303886,0.15360127337843216,0.059332611727546405,0.15360127337843216,0.06760597869312769,
0.15962626661402815,0.15199368337939204,0.058847513558617504,0.15199368337939204,0.06860461411103691,
0.16211920529801324,0.15178807947019868,0.0643208824196819,0.15178807947019868,0.07085852552745654,
0.16532311351922824,0.15699748909739658,0.0858291080727544,0.15699748909739658,0.07285470937310173,
0.1629139072847682,0.1562913907284768,0.07021853650975272,0.1562913907284768,0.07451367941205271,
0.1636144900414383,0.15251971661542574,0.07534435086268727,0.15251971661542574,0.07093116954514993,
0.159383716296985,0.15207862930003985,0.05873230187097455,0.15207862930003985,0.0694224793495152,
0.16276007374242824,0.15262048986041613,0.05311268308369914,0.15262048986041613,0.06857016521740202,
0.17202741892960718,0.15844977590297918,0.10288279991506787,0.15844977590297918,0.07598950792855978,
0.1649048625792812,0.15803382663847781,0.05389768934229625,0.15803382663847781,0.07067148832139725,
0.16260915586133898,0.1542736173590897,0.05719759730400629,0.1542736173590897,0.0731770484397144,
0.16548556430446193,0.15301837270341206,0.05788066938669103,0.15301837270341206,0.06766263622839436,
0.1650112567871805,0.1573301549463647,0.06345398860312935,0.1573301549463647,0.07448350438425737,
0.16463414634146342,0.1556203605514316,0.05816430363483135,0.1556203605514316,0.06955807221933193,
0.1661337596589395,0.15387689848121502,0.06011999910868076,0.15387689848121502,0.07125336602431992,
0.1615005986430757,0.1528535319941466,0.05555735796908144,0.1528535319941466,0.06815245816999543,
0.16043839957744618,0.15383599630265415,0.05660852256951771,0.15383599630265415,0.07139742614877852,
0.15883668903803133,0.15173049085405974,0.053900632091373975,0.15173049085405974,0.06938087778444446,
0.16768050780216873,0.15723353610156043,0.05880882026863309,0.15723353610156043,0.07035207459562653,
0.15596451741030054,0.14934463127234213,0.07313288607276777,0.14934463127234213,0.06747529959485084,
0.17091197043684836,0.16352118252606573,0.08110645730712493,0.16352118252606573,0.08084136422870503,
