Majority Class Accuracy,Accuracy,Precision,Recall,F Score,Support
0.07263379910361192,0.07672027418929607,0.07354034933607101,0.07672027418929607,0.06939866548501482,
0.06809467142668253,0.07563136321565517,0.07255025103771148,0.07563136321565517,0.06974256158108649,
0.07019179541822057,0.0757858284496537,0.06966275781724054,0.0757858284496537,0.06826280049478231,
0.06183792372881356,0.06965042372881355,0.0653722573844335,0.06965042372881355,0.06102199519244094,
0.06495907050435701,0.0782941642461051,0.07512348378953901,0.0782941642461051,0.07165276513231535,
0.06903905104624816,0.07650273224043716,0.07305873991257385,0.07650273224043716,0.06896558396182821,
0.06828627708470125,0.07275114904793172,0.066201384224075,0.07275114904793172,0.061026143580065154,
0.06749036800850272,0.07439883087551481,0.07174210416570008,0.07439883087551481,0.06895802440704063,
0.06500930603562882,0.07378356819994682,0.07349480077036963,0.07378356819994682,0.068816243300287,
0.06648089171974522,0.07311571125265393,0.07255588109439684,0.07311571125265393,0.06837634504064098,
0.07060993281517587,0.07258595705440653,0.07052997645931025,0.07258595705440653,0.06684813460022984,
0.06417254693116763,0.08134735720942618,0.07833870535017003,0.08134735720942618,0.07378550119668664,
0.06319407720782655,0.0745637228979376,0.06901530335987048,0.0745637228979376,0.06624105805879807,
0.06426871198095742,0.07537688442211055,0.07323336933448549,0.07537688442211055,0.0698770395927364,
0.0753577523959564,0.0703689116450046,0.06683318856960285,0.0703689116450046,0.06439795550920188,
0.06680777880672047,0.07500992194734753,0.0731753540547873,0.07500992194734753,0.0694312903207183,
0.0711187064545813,0.08005784146181148,0.07667195354497275,0.08005784146181148,0.07211078207754755,
0.06242512977505657,0.08012777851723679,0.07923122298770488,0.08012777851723679,0.07508332565676988,
0.06859395532194482,0.08226018396846255,0.07833731353223673,0.08226018396846255,0.07530241064320622,
0.06372549019607843,0.07829888712241653,0.07537324509173027,0.07829888712241653,0.07029093758155723,
0.0664904163912756,0.07772637144745538,0.0740706126045675,0.07772637144745538,0.07087377260413841,
0.06636759466948146,0.07547169811320754,0.07127719685231558,0.07547169811320754,0.06852903121429202,
0.06869725738396625,0.07621308016877637,0.07284217673927157,0.07621308016877637,0.06961779508811604,
0.06483560015845768,0.07671992605308332,0.07369931139725244,0.07671992605308332,0.07030351198187292,
0.06577554261514029,0.0808628904182107,0.07666488134061221,0.0808628904182107,0.07348891605548437,
0.06840518935919276,0.08124754291704887,0.07552530314484399,0.08124754291704887,0.07346171429297474,
0.06842800528401585,0.07212681638044914,0.06937539324025628,0.07212681638044914,0.06532035545661141,
0.06971849513285977,0.07958431991581164,0.0727073103100803,0.07958431991581164,0.07046683824518495,
0.06692287304532203,0.07421150278293136,0.06661885603629658,0.07421150278293136,0.06415588990593225,
0.07246184472461845,0.07962840079628401,0.0756643353331961,0.07962840079628401,0.07220965345942199,
