Majority Class Accuracy,Accuracy,Precision,Recall,F Score,Support
0.02411873840445269,0.025576464351974557,0.02139335936643437,0.025576464351974557,0.01989356857666126,
0.02560380097663983,0.02586775768773921,0.025416375194361587,0.02586775768773921,0.02265475407957745,
0.024248813916710597,0.028070637849235636,0.028307458786454104,0.028070637849235636,0.024624709591338122,
0.02656042496679947,0.02350597609561753,0.01982273523839759,0.02350597609561753,0.019069926738775868,
0.023463538194907346,0.023863484868684174,0.02326191656380869,0.023863484868684174,0.020167733597800462,
0.022101641079936476,0.024351508734780307,0.022395642226342098,0.024351508734780307,0.020681204605263005,
0.02400314795383001,0.025970619097586568,0.025815185750646986,0.025970619097586568,0.022448841428151307,
0.021701959752729184,0.02235959489675128,0.020940856538176143,0.02235959489675128,0.019174422569101072,
0.020168731874505668,0.023859741629317165,0.02156358548981877,0.023859741629317165,0.020379708244184423,
0.02064974352229383,0.02683151387610154,0.024700276170543774,0.02683151387610154,0.0219116735006848,
0.02094657298157232,0.026249502850324805,0.024777968692273944,0.026249502850324805,0.021548995684141325,
0.029104378886096044,0.024341844159280326,0.024591623970473264,0.024341844159280326,0.021698085447213005,
0.023731048121292023,0.024258404746209623,0.02263358200453048,0.024258404746209623,0.020602833692443985,
0.022301398785959357,0.026524148851939825,0.025426274989386478,0.026524148851939825,0.023108274274131126,
0.023405654174884945,0.02695595003287311,0.022586524078000835,0.02695595003287311,0.0212414166511326,
0.023357086302454474,0.02480865663763526,0.023183121996393843,0.02480865663763526,0.02074397065305372,
0.02385369732308508,0.029154518950437316,0.027389499368041616,0.029154518950437316,0.024535152405071616,
0.021146429046415748,0.023806357228354835,0.023530562857011175,0.023806357228354835,0.02042256391431656,
0.02026315789473684,0.02394736842105263,0.023407215599250495,0.02394736842105263,0.02092835802369865,
0.02207041513399895,0.024566473988439308,0.02375344033492303,0.024566473988439308,0.020393803143276806,
0.022552401167418412,0.0234810294507827,0.022245298136793,0.0234810294507827,0.019364630581375393,
0.02457615981075043,0.02405046655276646,0.02162310233332636,0.02405046655276646,0.019711859225511965,
0.024035251702496995,0.02737348110562158,0.02685283838472518,0.02737348110562158,0.023435921294394448,
0.023113708820403825,0.02763018065887354,0.02632490314041453,0.02763018065887354,0.023398228814930932,
0.024522799575821846,0.026113467656415694,0.02335724677049418,0.026113467656415694,0.0217449518598833,
0.021716101694915255,0.02621822033898305,0.02394074673636083,0.02621822033898305,0.022045145286842434,
0.02480106100795756,0.02347480106100796,0.020759910898093,0.02347480106100796,0.01893079555946264,
0.021675531914893617,0.025,0.021294285069172695,0.025,0.0192459609727023,
0.02344773382237359,0.02488865601257532,0.02278028123855292,0.02488865601257532,0.020750051201176452,
0.02283828382838284,0.02798679867986799,0.026202133090702975,0.02798679867986799,0.02307387773827958,
