Majority Class Accuracy,Accuracy,Precision,Recall,F Score,Support
0.20045315207250433,0.21604691456750633,0.21638481193520973,0.21604691456750633,0.21283014132362374,
0.19678397258468433,0.2173454593383419,0.2190651469021956,0.2173454593383419,0.21572037417901233,
0.20102753260439996,0.21762613621393756,0.21708720293076153,0.21762613621393756,0.21283742555685656,
0.19779208831646733,0.21684846891838613,0.21594405228192368,0.21684846891838613,0.2116250016840207,
0.1987734968670844,0.2205039328089588,0.21727510607759887,0.2205039328089588,0.21167437790835605,
0.19703977798334876,0.2180520681908286,0.21711678654591784,0.2180520681908286,0.21405435226953848,
0.20337183061197397,0.22102747909199522,0.21623425001506724,0.22102747909199522,0.2094411788522751,
0.19442609959054286,0.21952185972790914,0.21959330456757922,0.21952185972790914,0.2128677450665337,
0.20920447074293227,0.21906640368178829,0.2199815797853964,0.21906640368178829,0.21602756768765569,
0.19349701393497015,0.22136695421366953,0.2203985218958348,0.22136695421366953,0.2179908507118386,
0.2004751220799789,0.2172363732347895,0.2154167052317292,0.2172363732347895,0.21408929784488098,
0.19620753226231236,0.21912035817750855,0.21806923553428612,0.21912035817750855,0.21080864343669012,
0.20215562565720294,0.23041535226077814,0.22931535468843325,0.23041535226077814,0.22220015522341946,
0.19891620407084323,0.2204599524187153,0.22395811064261975,0.2204599524187153,0.21745714430513916,
0.2053654024051804,0.2180520681908286,0.21357773340201913,0.2180520681908286,0.21015137603309367,
0.19599842042911675,0.21508490193497434,0.21576332499687584,0.21508490193497434,0.21269489192656948,
0.1999735659529474,0.21358710018503832,0.21338874670679686,0.21358710018503832,0.21053209087430352,
0.20391795950565342,0.22087825400999211,0.22110940320261768,0.22087825400999211,0.21848049155454127,
0.20220443511350217,0.2193937803437869,0.21964335615156438,0.2193937803437869,0.21671039427442998,
0.19632712379442463,0.2162769190117585,0.21766543850753076,0.2162769190117585,0.2128222166914577,
0.2004222192901438,0.216255442670537,0.2161639494976116,0.216255442670537,0.21310257426494644,
0.19873233857123992,0.22712267265284564,0.22567135828218451,0.22712267265284564,0.22193320653293477,
0.197565171364298,0.21450310969961625,0.21416874804454888,0.21450310969961625,0.213039106310848,
0.19986842105263158,0.21802631578947368,0.2172794138859524,0.21802631578947368,0.2111264288017944,
0.20820648577101258,0.2271343481138319,0.2204703405632203,0.2271343481138319,0.2145454176279581,
0.1964167219641672,0.22083609820836098,0.21832761954907523,0.22083609820836098,0.2147451374826416,
0.20800638382763664,0.21558717914616304,0.21036561592051206,0.21558717914616304,0.20335268790563507,
0.19739984080658,0.21239055452374636,0.21443192433982303,0.21239055452374636,0.20824901182464534,
0.20721800506059396,0.21547476361699294,0.2115189802452004,0.21547476361699294,0.20604304111226132,
0.19323987947071924,0.21616664483165204,0.2139430745234646,0.21616664483165204,0.2107077006404583,
