Majority Class Accuracy,Accuracy,Precision,Recall,F Score,Support
0.013493848392644529,0.014023018917846276,0.00947641819704469,0.014023018917846276,0.008970232858345297,
0.013550848572556243,0.012893040389422444,0.010497387659088411,0.012893040389422444,0.008834883652853216,
0.01271523178807947,0.012847682119205298,0.010655375561835148,0.012847682119205298,0.00933306998343515,
0.012433862433862434,0.013624338624338624,0.010985156701303128,0.013624338624338624,0.00942677364708899,
0.01258945136496157,0.013782136231115823,0.02601304278571308,0.013782136231115823,0.010234145703682612,
0.01029136594493451,0.013231756214915798,0.009796151624834232,0.013231756214915798,0.008704143694309807,
0.0112949829261886,0.013133701076963489,0.008758085345360706,0.013133701076963489,0.007989115990523843,
0.014362893661879036,0.015021741994992753,0.01411354484958086,0.015021741994992753,0.010470480499823364,
0.012214342001576044,0.013265038087733123,0.013553145051229676,0.013265038087733123,0.009344673888009018,
0.012910954345800613,0.01583921203247704,0.01282827059358889,0.01583921203247704,0.011400429950945454,
0.011216679862760624,0.010556875164951175,0.007816746573771363,0.010556875164951175,0.007233424506141484,
0.012299960322708636,0.012828990874222986,0.008907886310219073,0.012828990874222986,0.008818504263173406,
0.00977542932628798,0.010568031704095112,0.010053504597284798,0.010568031704095112,0.007822957302540725,
0.015581671728509177,0.012808662353096528,0.00899299388266994,0.012808662353096528,0.008349896030353238,
0.014874292483875213,0.01434776885612742,0.024416035345360566,0.01434776885612742,0.009558052572578883,
0.012828990874222986,0.013622536701494511,0.011136926339926056,0.013622536701494511,0.009793908326585252,
0.013738441215323647,0.011228533685601057,0.006974193575111079,0.011228533685601057,0.006547775571427592,
0.013199577613516367,0.01438753959873284,0.01291017721561506,0.01438753959873284,0.009668642153082182,
0.012177365982792853,0.014162806088682992,0.010260080379908356,0.014162806088682992,0.009288114604317665,
0.014136609855991545,0.015061434799841459,0.012803041931552217,0.015061434799841459,0.009524756059578822,
0.013818761626361946,0.012490034546904066,0.010211516250247845,0.012490034546904066,0.007946709390854904,
0.012395615866388309,0.011090814196242171,0.01081723180552495,0.011090814196242171,0.007045582568530443,
0.012087767704638024,0.013927210616213376,0.010637140327994978,0.013927210616213376,0.009986102769188392,
0.011826544021024968,0.011826544021024968,0.010455670446324995,0.011826544021024968,0.00806436946523546,
0.01058555540667292,0.014069409084818438,0.011517997906130126,0.014069409084818438,0.009876543583623696,
0.01020408163265306,0.012987012987012988,0.009679459643893324,0.012987012987012988,0.009569626794969775,
0.012683313515655966,0.01466508125247721,0.014874216476579615,0.01466508125247721,0.010840149389280625,
0.013319266780957404,0.01265989713833575,0.011031274069857683,0.01265989713833575,0.009273063671991417,
0.014306530666313419,0.012054576765134455,0.007513585506998427,0.012054576765134455,0.00724922784674449,
0.012284370099320438,0.015420805018295871,0.013847035300528578,0.015420805018295871,0.010675476566329854,
