Majority Class Accuracy,Accuracy,Precision,Recall,F Score,Support
0.010095642933049946,0.011025504782146653,0.009906891970451862,0.011025504782146653,0.007673682268410097,
0.01080368906455863,0.011330698287220026,0.008684674698220173,0.011330698287220026,0.00818535292773526,
0.01316829075585989,0.012246510402949697,0.011824227625503513,0.012246510402949697,0.00908256675486401,
0.011876484560570071,0.012932172077065188,0.008390421276868466,0.012932172077065188,0.0074181340541114,
0.011687458962573867,0.010242941562705186,0.005663275092019485,0.010242941562705186,0.006073144284189,
0.011736779638665436,0.013451140709481736,0.010792957272592737,0.013451140709481736,0.008688300826143983,
0.013067581837381204,0.01359556494192186,0.010901297418420091,0.01359556494192186,0.008679490022765015,
0.011256544502617802,0.01387434554973822,0.010464282429635702,0.01387434554973822,0.00894247001831079,
0.012215946407460923,0.012215946407460923,0.007579337057608835,0.012215946407460923,0.007691917334208403,
0.013370399788191687,0.013767540375959756,0.007633395828322887,0.013767540375959756,0.008340586208412949,
0.011857707509881422,0.012779973649538867,0.011620838495337557,0.012779973649538867,0.008067847699009903,
0.010845126306044174,0.012564475598465812,0.019649758545007754,0.012564475598465812,0.009371105431076549,
0.014306530666313419,0.010597430123195126,0.00813845981905902,0.010597430123195126,0.007317027005943604,
0.012353878852284804,0.010494155154091392,0.007293417350797964,0.010494155154091392,0.006988620492883513,
0.011038107752956636,0.012220762155059134,0.009889946887690146,0.012220762155059134,0.007919545417264948,
0.00993904055128545,0.012721971905645375,0.008219809232899793,0.012721971905645375,0.008159597414059609,
0.011533872464536656,0.014450483892350523,0.013495612727387188,0.014450483892350523,0.009248008153593402,
0.014043455219925808,0.012056173820879703,0.0070923073136443665,0.012056173820879703,0.0074549655092907225,
0.011501939280460078,0.013374348000534974,0.010273060759058279,0.013374348000534974,0.009062929170757445,
0.012290207479846703,0.013215276860050218,0.010570048964157435,0.013215276860050218,0.008873063742897492,
0.012939001848428836,0.012542909955109585,0.020454800552971976,0.012542909955109585,0.008477988525268909,
0.015762511493497965,0.013529489031919086,0.010549497421031697,0.013529489031919086,0.008595943791805392,
0.013542219861922463,0.012745618693574084,0.009544892532981448,0.012745618693574084,0.009200577946930572,
0.013137151865475564,0.013794009458749344,0.008916259214208078,0.013794009458749344,0.008414066270778555,
0.01114501791163593,0.012339126973596922,0.012297325243420844,0.012339126973596922,0.008821971256915518,
0.012566137566137565,0.012301587301587301,0.008439932856337692,0.012301587301587301,0.008260303803144844,
0.013303477344573236,0.014884088514225501,0.01102971679836421,0.014884088514225501,0.010048511084135885,
0.013941865053268446,0.012758121794028673,0.008706746451447913,0.012758121794028673,0.008596460486467542,
0.012407602956705385,0.013199577613516367,0.011658281804237431,0.013199577613516367,0.00895760942850413,
0.011986301369863013,0.012249736564805058,0.007880579383906558,0.012249736564805058,0.008297988832370895,
