Majority Class Accuracy,Accuracy,Precision,Recall,F Score,Support
0.15622940013183917,0.12471984179301253,0.056719314148468106,0.12471984179301253,0.07031395210880557,
0.1543472480723212,0.11898431268279713,0.0583619645394318,0.11898431268279713,0.07127279660407712,
0.1528217299578059,0.12631856540084388,0.06259308535267057,0.12631856540084388,0.07465813817397955,
0.15991527667460947,0.12311358220810167,0.0723100725630858,0.12311358220810167,0.08206162676165318,
0.15474297827239003,0.11393746687864335,0.05876267993654347,0.11393746687864335,0.07098996970986286,
0.15691454233258487,0.10725135385021793,0.062409220195607594,0.10725135385021793,0.07349362341784456,
0.16065530453164223,0.12458713172149558,0.059729070522542435,0.12458713172149558,0.07203974712312856,
0.15256022113992365,0.1275503488219034,0.07426452461827522,0.1275503488219034,0.07353609092065656,
0.156154561147258,0.10582923914486787,0.06744401683991007,0.10582923914486787,0.07243465506289523,
0.1553372626064178,0.12010478061558612,0.062262925605611114,0.12010478061558612,0.07283621780961105,
0.15287128712871287,0.10798679867986799,0.06363496878551655,0.10798679867986799,0.07168509959995507,
0.14881816981381224,0.11765482635679388,0.06051562525289485,0.11765482635679388,0.07341490583546789,
0.1546895640686922,0.11030383091149273,0.06334649407617957,0.11030383091149273,0.07306431645086771,
0.1601577909270217,0.11413543721236029,0.06472136220618553,0.11413543721236029,0.07581295394205066,
0.15675603928855852,0.1217148924873905,0.05725511189988492,0.1217148924873905,0.07196536822502483,
0.1564625850340136,0.12431639322395625,0.06602558453868972,0.12431639322395625,0.07659587406523115,
0.16655711844353885,0.13080057841461812,0.06614086426068443,0.13080057841461812,0.07844832828126998,
0.1498156924697209,0.12888362295945235,0.06418809311577776,0.12888362295945235,0.074667005692086,
0.14959905350335218,0.11831208097804653,0.057182483219004765,0.11831208097804653,0.06993424540795654,
0.15634531229279935,0.12014321707996287,0.06544868955536849,0.12014321707996287,0.07200537821683245,
0.1588016967126193,0.12910922587486745,0.06780394046435835,0.12910922587486745,0.0748808127794689,
0.1508445724761032,0.12387062982846668,0.06218143663964504,0.12387062982846668,0.07249868196885385,
0.15343774887178127,0.1260950358375365,0.05924623135659791,0.1260950358375365,0.0723522695696602,
0.15647339158061954,0.10643367752184273,0.058510560834024165,0.10643367752184273,0.07062973209036642,
0.15259611573523582,0.13106090632844497,0.06448240559767418,0.13106090632844497,0.0764432037821001,
0.14824087495058638,0.12728949795757016,0.0637499565239848,0.12728949795757016,0.07144283450715935,
0.1496823716251985,0.10878771836950768,0.05628553859173322,0.10878771836950768,0.06961784431442884,
0.15631606765327696,0.11046511627906977,0.0576741787504054,0.11046511627906977,0.0727422599910656,
0.14790316179388807,0.12276756184680514,0.06599995752004754,0.12276756184680514,0.0732639972813493,
0.1486998562655168,0.1230889847118777,0.06367775807408467,0.12308898471187771,0.07262027598575031,
