Majority Class Accuracy,Accuracy,Precision,Recall,F Score,Support
0.17717678100263853,0.16820580474934038,0.0623801156813019,0.16820580474934038,0.07642857319927923,
0.17671957671957672,0.1701058201058201,0.06581632836563919,0.1701058201058201,0.07385886504919903,
0.17389006342494714,0.16886892177589852,0.060739068757901464,0.16886892177589852,0.07601597775574646,
0.17811300780733094,0.1712319703586079,0.060373028404673734,0.1712319703586079,0.07167259014754061,
0.1734856535600425,0.17016471838469713,0.0579281555523563,0.17016471838469713,0.07406763712191242,
0.18229646192292517,0.17019597527291858,0.06583021815936672,0.17019597527291858,0.07615870548409596,
0.17365348898912178,0.16396922260546565,0.07367179164422441,0.16396922260546565,0.0788947359606853,
0.17852914090251282,0.1744507301670833,0.06477884580665261,0.1744507301670833,0.07813010378467705,
0.18395483193277312,0.17647058823529413,0.06006724655991709,0.17647058823529413,0.07911697293923213,
0.1805463903919757,0.1705160353701993,0.0634458908593094,0.1705160353701993,0.07874020883021507,
0.18006304176516943,0.16824271079590228,0.06246852914353469,0.16824271079590228,0.08166591172146437,
0.17357992073976222,0.1632760898282695,0.0939432378710544,0.1632760898282695,0.08039608837031366,
0.17272727272727273,0.1681159420289855,0.05826745996217941,0.1681159420289855,0.0713601189272475,
0.17918998134825473,0.1718625099920064,0.0675798678592075,0.1718625099920064,0.07965536762303375,
0.18062311029315103,0.17273563822794794,0.06700577403472383,0.17273563822794794,0.07680609026809206,
0.18275181040157998,0.16655694535878868,0.07012598603921279,0.16655694535878868,0.08118795218419946,
0.1770984319409672,0.16721570694426144,0.06066279376974015,0.16721570694426144,0.07571415330519084,
0.17540163286805371,0.1647353173558072,0.058820896724245744,0.1647353173558072,0.07418938306189646,
0.18239576439444077,0.1759099933818663,0.08262197547532446,0.1759099933818663,0.07870065944911775,
0.18355263157894736,0.17828947368421053,0.06803881432634694,0.17828947368421053,0.08056268292251752,
0.18015735431390853,0.17855714095212696,0.06272905494801971,0.17855714095212696,0.07949392118421038,
0.1803472770323599,0.17403314917127072,0.07053339908830013,0.17403314917127072,0.07813067492731993,
0.18302036498280877,0.1712509918011108,0.06111374765285561,0.1712509918011108,0.07986575872346514,
0.1771481530517675,0.17198464186415993,0.06825013000310154,0.17198464186415993,0.08011397118879592,
0.17880707310636051,0.1611243072050673,0.0632682753222762,0.1611243072050673,0.07807393195202103,
0.1817100568256905,0.17523457116426588,0.0655834517854551,0.17523457116426588,0.0792939593153575,
0.1759099933818663,0.17313037723362013,0.06112166795944831,0.17313037723362013,0.07933551860285984,
0.18410263192699378,0.17907684168760746,0.0710381543405369,0.17907684168760746,0.07965384394219904,
0.17157964309319235,0.16219431592861863,0.06133157718266838,0.16219431592861863,0.07219996762693101,
0.17775440441756507,0.17052327110176177,0.07161610401974265,0.17052327110176177,0.07745402458193368,
