Majority Class Accuracy,Accuracy,Precision,Recall,F Score,Support
0.2245520902455209,0.15076310550763106,0.09113857346087968,0.15076310550763106,0.10764116795773307,
0.22084268920882313,0.16444327037379475,0.09464026523926733,0.16444327037379475,0.11162363510538105,
0.2225605719581623,0.17900172117039587,0.0927949029576845,0.17900172117039587,0.11214072055484334,
0.2195282645934906,0.1689287126103571,0.10089026210909165,0.1689287126103571,0.11361927630140604,
0.22188846806843412,0.15737233903617603,0.10014348954637749,0.15737233903617603,0.11236577819908401,
0.23071834898796137,0.18362217224500596,0.09252704497380837,0.18362217224500596,0.11391572064270057,
0.2214134462678666,0.17919534145050292,0.09785841141666593,0.17919534145050292,0.11623274977573676,
0.21889095250729637,0.17869461395595648,0.09445258298402448,0.17869461395595648,0.1101459933013525,
0.22353252948191335,0.1665562475155691,0.0926890871817699,0.1665562475155691,0.11040861963016738,
0.2258876523582406,0.17739798622151565,0.09426226230409836,0.17739798622151565,0.11319218932200147,
0.22103316158012948,0.16990355397014137,0.09657533259795163,0.16990355397014137,0.11378526643614029,
0.22605820105820107,0.183994708994709,0.09853096853832559,0.183994708994709,0.11442618460003533,
0.21929474384564204,0.16101131071190952,0.09850668341710969,0.16101131071190952,0.1135539121551415,
0.22216295506067477,0.14895319375916788,0.0892612347410306,0.14895319375916788,0.10405474091202091,
0.22689627974234258,0.18246352044169845,0.09558415383519352,0.18246352044169845,0.11727617926074911,
0.23141263940520446,0.19171534784917685,0.09573774784611618,0.19171534784917685,0.11809881820261126,
0.2122535397644568,0.1717612809315866,0.0981964675005008,0.1717612809315866,0.11111276381974737,
0.22016651248843663,0.17140214087485134,0.09557383707425642,0.17140214087485134,0.11307046713055276,
0.2176618562160731,0.15887726731100224,0.09228914135537859,0.15887726731100224,0.10995634430525991,
0.22072732116691088,0.18396163580658054,0.09805983435750791,0.18396163580658054,0.11543784490226373,
0.22263352723426758,0.18204653622421998,0.09806043736929763,0.18204653622421998,0.11468371472980167,
0.21567589037468554,0.1709254600820866,0.09000702204977583,0.1709254600820866,0.1074594115048214,
0.21722995361166336,0.16832339297548046,0.10082116219242787,0.16832339297548046,0.11307033058554382,
0.21206533192834562,0.16938883034773447,0.08915028499326402,0.16938883034773447,0.10467843006685118,
0.21914893617021278,0.17300531914893616,0.11404395925854158,0.17300531914893616,0.11498611904982185,
0.22594694470106902,0.17355153754784217,0.0987416263362228,0.17355153754784217,0.116477823590534,
0.22824345969033635,0.18112653497063536,0.09292037481542874,0.18112653497063536,0.11213392937104874,
0.21901100357947767,0.17817844359008353,0.08594612551351391,0.17817844359008353,0.10764292841567616,
0.22432754736981583,0.17251888167483767,0.09917394437036917,0.17251888167483767,0.11844421602429964,
0.22257383966244726,0.16706223628691982,0.09314194218658724,0.16706223628691982,0.11189203806489383,
