Majority Class Accuracy,Accuracy,Precision,Recall,F Score,Support
0.10013315579227697,0.11025299600532623,0.1094444257595188,0.11025299600532623,0.10512770373004694,
0.10810096471521079,0.12105193603806,0.11308919234832054,0.12105193603806,0.1070844145747237,
0.10075366917889726,0.11424038080126933,0.11015292233377132,0.11424038080126933,0.10258168128758935,
0.0960414452709883,0.11331030818278427,0.11213270499088956,0.11331030818278427,0.10687753932963041,
0.09831534614372203,0.11568833903658858,0.1110166422009751,0.11568833903658858,0.10723799345315806,
0.09778012684989429,0.11178646934460888,0.10982638696305637,0.11178646934460888,0.10607207337977834,
0.10153358011634056,0.10338445267054469,0.09506034688420774,0.10338445267054469,0.09292814006672151,
0.10141853373989129,0.1112289539970834,0.11015768239288863,0.1112289539970834,0.10441029737927655,
0.10057925223802001,0.10979462875197472,0.10824679895160796,0.10979462875197472,0.1032921490291524,
0.10382585751978891,0.11253298153034301,0.10886185174707629,0.11253298153034301,0.10467812918915023,
0.10046265697290152,0.11262392597488434,0.1090317607720211,0.11262392597488434,0.10451111966158387,
0.10002653223666755,0.11289466702042983,0.11093387412527905,0.11289466702042983,0.10560727675313103,
0.10046082949308756,0.11375905200789993,0.11272873650909591,0.11375905200789993,0.10772995353992831,
0.09730876309160812,0.12090680100755667,0.1180263518204526,0.12090680100755667,0.11476297819099174,
0.10100210970464135,0.11313291139240507,0.10978615379447658,0.11313291139240507,0.10540508549603415,
0.1083795929156754,0.1140629130319852,0.10954039694523705,0.1140629130319852,0.10838372861437824,
0.09753838009528851,0.12188988883006882,0.12113645799489939,0.12188988883006882,0.11660012265692087,
0.0992063492063492,0.11375661375661375,0.1092062549092045,0.11375661375661375,0.10389804062849202,
0.09552042160737813,0.11172595520421608,0.10841249641057313,0.11172595520421608,0.10332091861420371,
0.09519420671494404,0.11178406846609612,0.10711773492555023,0.11178406846609612,0.10418318138999612,
0.09963002114164905,0.11720401691331923,0.11650346449845897,0.11720401691331923,0.10991093140236935,
0.09855072463768116,0.108300395256917,0.10153016230049619,0.108300395256917,0.09643956660683736,
0.105214399152991,0.11566966649020646,0.11042315147483504,0.11566966649020646,0.10249811203984587,
0.09842571768752481,0.11258102923667151,0.11347864966122637,0.11258102923667151,0.10584588568066239,
0.09042623821537644,0.10981277386801222,0.10725888552567708,0.10981277386801222,0.1054587867198183,
0.09829342505622436,0.10953829871676148,0.10591877647574695,0.10953829871676148,0.1037425994393047,
0.09976371751115778,0.1142032029404043,0.11140564361733186,0.1142032029404043,0.1082348364088249,
0.096723044397463,0.10597251585623679,0.10507084276001423,0.10597251585623679,0.10060643317635119,
0.10251655629139073,0.11682119205298014,0.11414283636588042,0.11682119205298014,0.11016829961252741,
0.09627863859091511,0.11323003575685339,0.10923909812939502,0.11323003575685339,0.10644297505355299,
