Majority Class Accuracy,Accuracy,Precision,Recall,F Score,Support
0.20753973466438985,0.21739130434782608,0.21682425239042982,0.21739130434782608,0.21364311054995824,
0.19986807387862796,0.2146437994722955,0.21558069464652718,0.2146437994722955,0.19894368252398487,
0.19700551615445233,0.22366692934068821,0.22095616930693837,0.22366692934068821,0.21439002547204425,
0.19976297076639452,0.215696602580985,0.214987648993818,0.215696602580985,0.19515627679885797,
0.19115302869287992,0.21971307120085015,0.21956018182429937,0.21971307120085015,0.20636146859863083,
0.19649677334386936,0.21203740287106546,0.2089941875162404,0.21203740287106546,0.19909986064827462,
0.19643799472295514,0.2233509234828496,0.21936290939050468,0.2233509234828496,0.21496949647874733,
0.2000265287173365,0.21050537206526065,0.21599729294336764,0.21050537206526065,0.19040413320108165,
0.2,0.22340425531914893,0.22084607480985596,0.22340425531914893,0.21344099032491343,
0.1994452516180161,0.20697397965922598,0.2044108032617743,0.20697397965922598,0.20149112035552172,
0.2037355941184263,0.21605510663664063,0.21929150177968867,0.21605510663664063,0.20413399444769423,
0.20235886562417174,0.2189239332096475,0.2179254945753146,0.2189239332096475,0.20933831485049986,
0.2049474664184067,0.22489692778294987,0.22007192233554104,0.22489692778294987,0.2075247640903543,
0.19566074950690335,0.21393819855358318,0.21174895749317968,0.21393819855358318,0.20064216127379164,
0.1940833112231361,0.2134518439904484,0.207321024737369,0.2134518439904484,0.195838125587177,
0.19798702158654483,0.21666004502714872,0.21770207807050806,0.21666004502714872,0.21396739604185994,
0.19558901215002641,0.2150026413100898,0.215392823789635,0.2150026413100898,0.196117346026656,
0.19837099316868104,0.2233315817130846,0.22560790690455945,0.2233315817130846,0.21380112453695818,
0.211840888066605,0.21659838773622309,0.20919461882106266,0.21659838773622309,0.1949811856991101,
0.1987281399046105,0.21939586645468998,0.21621902675781515,0.21939586645468998,0.20922508079804586,
0.1983493077742279,0.20926517571884984,0.20965556849007838,0.20926517571884984,0.20577747928666826,
0.199070385126162,0.21195219123505976,0.21272629032259152,0.21195219123505976,0.19315673741499909,
0.19762951125316286,0.221867092821947,0.21898050073091094,0.221867092821947,0.20077779613422675,
0.20099973691133913,0.2120494606682452,0.2105372200457259,0.2120494606682452,0.20983269434622126,
0.20400052987150616,0.20704729103192476,0.20450582483882646,0.20704729103192476,0.1961061138606075,
0.1945910290237467,0.22242744063324538,0.22731708938467735,0.22242744063324538,0.19735569555943952,
0.20358886396622244,0.21981791793112548,0.2181855502465223,0.21981791793112548,0.21615553232871965,
0.19960343688037013,0.21639127561136814,0.21634975495608208,0.21639127561136814,0.2073180872232203,
0.19164360089626994,0.22709898510610255,0.22585799980875051,0.22709898510610255,0.22184254720861324,
0.20134228187919462,0.21634425582313463,0.21310527097925577,0.21634425582313463,0.21120570613006548,
