Majority Class Accuracy,Accuracy,Precision,Recall,F Score,Support
0.28980345600844215,0.28980345600844215,0.08398604311443707,0.28980345600844215,0.1302307614748512,
0.29075006626027033,0.29075006626027033,0.0845356010303516,0.29075006626027033,0.13098678549795342,
0.2889713679745493,0.2889713679745493,0.08350445150908238,0.2889713679745493,0.1295675816915914,
0.2849966953073364,0.2849966953073364,0.08122311633610275,0.2849966953073364,0.12641762680436525,
0.28815128272943663,0.28815128272943663,0.08303116173861973,0.28815128272943663,0.12891523356276408,
0.2868755736200341,0.2868755736200341,0.08229759473982359,0.2868755736200341,0.1279029556965124,
0.29174970107612597,0.29174970107612597,0.08511788807800885,0.29174970107612597,0.13178696771843518,
0.3009025749933634,0.3009025749933634,0.0905423596376367,0.3009025749933634,0.13919929344147636,
0.2896615547329455,0.2896615547329455,0.0839038162903072,0.2896615547329455,0.1301175738431335,
0.2914353687549564,0.2914353687549564,0.08493457416133741,0.2914353687549564,0.13153515261583848,
0.2889477167438782,0.2889477167438782,0.08349078301150048,0.2889477167438782,0.12954875039061126,
0.28856840433977243,0.28856840433977243,0.08327172398320239,0.28856840433977243,0.12924688158230693,
0.29188759278897136,0.29188759278897136,0.08519836682414036,0.29188759278897136,0.13189749216526062,
0.299867197875166,0.299867197875166,0.08992033636150397,0.299867197875166,0.13835311254640884,
0.2796990496304118,0.2796990496304118,0.07823155836415557,0.2796990496304118,0.12226555671311866,
0.2804447351209941,0.2804447351209941,0.07864924945708456,0.2804447351209941,0.12284676925108005,
0.2859773743751644,0.2859773743751644,0.08178305865451294,0.2859773743751644,0.1271920646259426,
0.2903522607781283,0.2903522607781283,0.08430443533897022,0.2903522607781283,0.13066886911661105,
0.29403221547398994,0.29403221547398994,0.08645494373654286,0.29403221547398994,0.1336210068075861,
0.29023746701846964,0.29023746701846964,0.08423778726129726,0.29023746701846964,0.13057718352569186,
0.2894457703526916,0.2894457703526916,0.08377885397506309,0.2894457703526916,0.12994552528121867,
0.2803861923026055,0.2803861923026055,0.07861641683395365,0.2803861923026055,0.12280110064694218,
0.2823250296559905,0.2823250296559905,0.07970742237025591,0.2823250296559905,0.12431703433510775,
0.29664376321353064,0.29664376321353064,0.08799752225348524,0.29664376321353064,0.13573122356351294,
0.2904498816101026,0.2904498816101026,0.08436113372732261,0.2904498816101026,0.13074685802142846,
0.2933192779022269,0.2933192779022269,0.0860361987890838,0.2933192779022269,0.13304711413354195,
0.2940015785319653,0.2940015785319653,0.08643692817928735,0.2940015785319653,0.1335963257129089,
0.284877529286475,0.284877529286475,0.08115520669236641,0.284877529286475,0.1263236453943341,
0.295822901568059,0.295822901568059,0.08751118909214553,0.295822901568059,0.13506658816764136,
0.3008637873754153,0.3008637873754153,0.0905190185538791,0.3008637873754153,0.13916755840595366,
