Majority Class Accuracy,Accuracy,Precision,Recall,F Score,Support
0.06525784157363104,0.06366294524189262,0.06218155317338267,0.06366294524189262,0.0556055345203277,
0.06650799947110934,0.06769800343778924,0.06663872842964048,0.06769800343778924,0.05736511243286649,
0.07121111846459298,0.07266710787557909,0.07141646435399025,0.07266710787557909,0.061593058899873626,
0.06700013163090694,0.06726339344478083,0.06407343999610396,0.06726339344478083,0.05584482148597108,
0.06493677555321391,0.07125922023182298,0.06997328208470618,0.07125922023182298,0.060696758361359536,
0.06633125910234344,0.06712564543889846,0.07027700085697915,0.06712564543889846,0.05801735520048115,
0.06710963455149502,0.06950166112956811,0.06550823731572941,0.06950166112956811,0.05580278879874109,
0.06726575921765561,0.06753006475485661,0.06812999263660428,0.06753006475485661,0.05829523475923153,
0.07029598308668077,0.0696353065539112,0.06910088953283905,0.0696353065539112,0.06003137610546027,
0.06636759466948146,0.06795091700752078,0.06707040913911583,0.06795091700752078,0.05699161852968452,
0.06932133880142877,0.06641090091281916,0.06984153269632123,0.06641090091281916,0.05707796740078533,
0.06352972189271122,0.07657835771714776,0.07708046630316491,0.07657835771714776,0.06458190267808789,
0.06505674320401161,0.07482185273159145,0.07215383469180035,0.07482185273159145,0.06178825864742474,
0.06302242271460794,0.06567599840785458,0.061866697277890396,0.06567599840785458,0.053247719581089356,
0.06556728232189973,0.0766490765171504,0.07057054362132478,0.0766490765171504,0.06219328085362559,
0.0633812096455396,0.0752404796415865,0.07261695007256841,0.0752404796415865,0.06119893756646708,
0.06849133941557584,0.07192912865265107,0.07222479435717553,0.07192912865265107,0.06108290737253096,
0.06612774980121919,0.07407898224224754,0.07349761525913703,0.07407898224224754,0.0629048273892197,
0.06938398628149321,0.0664819944598338,0.066720232040405,0.0664819944598338,0.056827203664543156,
0.06443503572373643,0.07184440328129135,0.06716923021968318,0.07184440328129135,0.05772229630878566,
0.06596026490066226,0.0719205298013245,0.06781603366672577,0.0719205298013245,0.059200743321746255,
0.060287463401650254,0.07599148256587702,0.07630499202372612,0.07599148256587702,0.06386320444363829,
0.06931474417992897,0.06707878469025384,0.06820464926669233,0.06707878469025384,0.057086747363799636,
0.06570022609389546,0.07155206809416145,0.07593811672246138,0.07155206809416145,0.06126831952396712,
0.06889711716477122,0.07855064797672573,0.07825465582463548,0.07855064797672573,0.06809959547960134,
0.06445182724252492,0.07508305647840531,0.07575514739429037,0.07508305647840531,0.06429635282002683,
0.06568666401801086,0.07681101840815786,0.07403597494557589,0.07681101840815786,0.06414371581529792,
0.06475963448549861,0.06912991656734208,0.06540623257080702,0.06912991656734208,0.05889661001799841,
0.06809750927397987,0.06624271330153683,0.06158934735078901,0.06624271330153683,0.05463077798688919,
0.06967213114754098,0.07086197778952935,0.07046638190043396,0.07086197778952935,0.05939719844560052,
