Majority Class Accuracy,Accuracy,Precision,Recall,F Score,Support
0.012368666046016757,0.014629605000664982,0.015046045694912129,0.014629605000664982,0.012115888321189946,
0.012509981368112856,0.010380622837370242,0.010502886135595949,0.010380622837370242,0.008702532517430544,
0.011539992041384799,0.012335853561480302,0.010051726974027843,0.012335853561480302,0.00930597462268994,
0.014032300767805136,0.015620863118877415,0.013732848175687878,0.015620863118877415,0.011419845955666816,
0.010965781477077554,0.013872374157748711,0.011049358977560144,0.013872374157748711,0.009738273291465734,
0.013426352507568778,0.011188627089640647,0.009670469237011831,0.011188627089640647,0.00817009971538533,
0.011392237382434759,0.010862365876275003,0.010117088875071182,0.010862365876275003,0.007793641519448327,
0.013409453000531068,0.01048858204992034,0.009339455364991821,0.01048858204992034,0.007634759324790533,
0.011617161716171618,0.012541254125412541,0.01122224608748709,0.012541254125412541,0.009445907980492099,
0.015163502109704642,0.012658227848101266,0.013569599066877616,0.012658227848101266,0.01125449600397386,
0.011947431302270013,0.012876675959113236,0.012444257045730182,0.012876675959113236,0.010235851386654787,
0.011800183558410908,0.01311131506490101,0.011688322482818083,0.01311131506490101,0.010157995923999671,
0.01105117747664781,0.011840547296408366,0.014169072982670488,0.011840547296408366,0.010489699114498697,
0.009556676400318556,0.01247677196708256,0.01163187132398441,0.01247677196708256,0.010042403583855837,
0.013183915622940013,0.013183915622940013,0.011275190301001282,0.013183915622940013,0.010386728960697056,
0.011468494595307145,0.013577643026627999,0.013948311244751582,0.013577643026627999,0.011456441934110736,
0.011860832894043227,0.011597258829731154,0.010815467827045167,0.011597258829731154,0.009221644410786455,
0.0135099685204617,0.013378803777544596,0.009816920779805437,0.013378803777544596,0.009590262904890236,
0.012010030355021777,0.010426290088425499,0.014507433349762114,0.010426290088425499,0.009533287170612154,
0.013399894902785077,0.011823436678928009,0.012821270749952323,0.011823436678928009,0.009561714260332461,
0.013932702418506835,0.011172450052576235,0.00941516218728107,0.011172450052576235,0.008564509555976188,
0.015548172757475083,0.012890365448504984,0.012499859427027075,0.012890365448504984,0.009753429083913311,
0.014132875445779949,0.010698718795403513,0.010018831447306212,0.010698718795403513,0.008306883823618662,
0.011225567881669308,0.011093502377179081,0.010911208881273652,0.011093502377179081,0.009264928359370176,
0.010921052631578948,0.009605263157894737,0.008420718719494631,0.009605263157894737,0.007355505715063531,
0.012146818061790335,0.011750726168471086,0.011004337599616346,0.011750726168471086,0.009290292737907793,
0.011492734478203434,0.011492734478203434,0.010412751683736707,0.011492734478203434,0.008824678802405093,
0.015018607123870282,0.012360446570972886,0.011327325909842357,0.012360446570972886,0.009638150591483048,
0.014078947368421052,0.012368421052631579,0.012205121910429054,0.012368421052631579,0.010180589829573868,
0.00845777719043214,0.012554513017047707,0.011772976939903508,0.012554513017047707,0.01034899678892314,
