Majority Class Accuracy,Accuracy,Precision,Recall,F Score,Support
0.2515223722531109,0.24477098226105376,0.0922582750889315,0.24477098226105376,0.11407189743065675,
0.24180382711093268,0.23859226548909407,0.10689389027451733,0.23859226548909407,0.10727246830551446,
0.25343915343915346,0.25066137566137564,0.13556275630507497,0.25066137566137564,0.11603021511800331,
0.25493835344027577,0.25135887577886784,0.10406713008258175,0.25135887577886784,0.11996497578180819,
0.24642247604043588,0.2428777734016017,0.09911786788289668,0.2428777734016017,0.11075109402572925,
0.2548630408892418,0.25089321159190153,0.10422620518612657,0.25089321159190153,0.11831540570523388,
0.25218774860779636,0.24516043489790507,0.08658938053410696,0.24516043489790507,0.10812038567423618,
0.25727069351230425,0.2531912093696539,0.1181441765945331,0.2531912093696539,0.12330497964568726,
0.246514075243357,0.24177847934754013,0.10639858914318853,0.24177847934754013,0.10964549900313648,
0.2548601864181092,0.25126498002663117,0.10266429148436304,0.25126498002663117,0.11391301273538527,
0.25145811240721105,0.24893955461293743,0.10868392914467752,0.24893955461293743,0.11740900061289149,
0.24463069669984286,0.24122577265584075,0.08887223408797774,0.24122577265584075,0.10707146498803459,
0.2532347504621072,0.24742540269342486,0.09506269301082022,0.24742540269342486,0.11689662049787553,
0.25019899177500665,0.2452905279915097,0.08999259859083526,0.2452905279915097,0.11119901161677381,
0.24299065420560748,0.2408845596946163,0.10114586310897686,0.2408845596946163,0.10400149602542293,
0.24606299212598426,0.24041994750656168,0.1008923182002716,0.24041994750656168,0.10634569815735287,
0.2519287044426709,0.24501197126895452,0.09274912205592178,0.24501197126895452,0.115311255613871,
0.25096013773010195,0.24831148192292413,0.1146347476141373,0.24831148192292413,0.1133976296637173,
0.2559915722939162,0.25164603634448246,0.09817300337006182,0.25164603634448246,0.11467225086485894,
0.25730217737652683,0.2507966011683484,0.0993442383822774,0.2507966011683484,0.11705230910346441,
0.2481143310837634,0.24387984649993383,0.10649740573682837,0.24387984649993383,0.11019023955161088,
0.24455141061639257,0.24174354860275438,0.10127052891331016,0.24174354860275438,0.10865439344236359,
0.25589048308542844,0.24917730683164407,0.09890059344350788,0.24917730683164407,0.11959413333036222,
0.25625493810903344,0.25401632868053725,0.1667476069408997,0.25401632868053725,0.12072442519872967,
0.25373721479150274,0.25098347757671124,0.09904765385954374,0.25098347757671124,0.11625786048050944,
0.25277044854881264,0.24775725593667547,0.09644426531598355,0.24775725593667547,0.11338049541808994,
0.25609918677509663,0.2524996667111052,0.10882867013567867,0.2524996667111052,0.11953773761265184,
0.241274858422231,0.24074805742130911,0.09831324137276967,0.24074805742130911,0.10716303986383319,
0.26006644518272426,0.2562126245847176,0.12291665049584197,0.2562126245847176,0.1216381963364967,
0.26700251889168763,0.25918069733527777,0.09342545068697285,0.25918069733527777,0.12005484499515572,
