Majority Class Accuracy,Accuracy,Precision,Recall,F Score,Support
0.011318768096867597,0.014609107659910503,0.014937776484004569,0.014609107659910503,0.011391721821561649,
0.012681638044914135,0.012285336856010569,0.009142145572854938,0.012285336856010569,0.008648829918732288,
0.011009417694654463,0.013397002254940974,0.01100677658855087,0.013397002254940974,0.010270090008797306,
0.009052183173588925,0.012779552715654952,0.012082570280987345,0.012779552715654952,0.010385379446798508,
0.011345435130806193,0.01401494927923118,0.014279271980893652,0.01401494927923118,0.011491264067439028,
0.011989459815546772,0.01370223978919631,0.009854611994113735,0.01370223978919631,0.009374220997946216,
0.010394736842105264,0.014736842105263158,0.013457664850970412,0.014736842105263158,0.01167170212903043,
0.011827242524916943,0.014219269102990033,0.014709369367436215,0.014219269102990033,0.01162489557541719,
0.01296982530439386,0.012440444679724723,0.011858642793190105,0.012440444679724723,0.00966505430461691,
0.011760042283298097,0.011760042283298097,0.010058881079309752,0.011760042283298097,0.009058702981927349,
0.012939001848428836,0.014259308159493002,0.01510312289439088,0.014259308159493002,0.011990552590878554,
0.01171303074670571,0.01424198056701717,0.012510896062646016,0.01424198056701717,0.010313192170901308,
0.010378349973725696,0.013662637940094587,0.012707353155929267,0.013662637940094587,0.011085222413896716,
0.01417406278977348,0.014438998542853358,0.014360955217110508,0.014438998542853358,0.01132584482098634,
0.015437392795883362,0.011611030478955007,0.009805934117236294,0.011611030478955007,0.008901360726230496,
0.012549537648612946,0.012945838837516512,0.01223187473509949,0.012945838837516512,0.010238972441585068,
0.010945008008542445,0.015616657768286172,0.013922073254569482,0.015616657768286172,0.012122783890429416,
0.011488181698138122,0.015053479466525816,0.012978514417020451,0.015053479466525816,0.010956137768649876,
0.01036544850498339,0.013289036544850499,0.010357491906660838,0.013289036544850499,0.00961110236216351,
0.01324069218668065,0.011536444677503933,0.011614316316447427,0.011536444677503933,0.00961816878609909,
0.012481934042832743,0.013664433057416896,0.011925191422545762,0.013664433057416896,0.010499373096045221,
0.01424802110817942,0.012005277044854882,0.012183872798102572,0.012005277044854882,0.009557726350483695,
0.014058599395611614,0.012744711601629221,0.009000333914347892,0.012744711601629221,0.00872553050668004,
0.013757179110458127,0.013623614264725524,0.013571220655564695,0.013623614264725524,0.011181508754407736,
0.014364786505007908,0.01331049024775962,0.012513236946792832,0.01331049024775962,0.01104035488368976,
0.014069690992767916,0.009861932938856016,0.009207570377836049,0.009861932938856016,0.008235984239810541,
0.011041009463722398,0.015378548895899053,0.013549317438058353,0.015378548895899053,0.011964575956321692,
0.01194267515923567,0.014729299363057325,0.013057846061777737,0.014729299363057325,0.011447495326830606,
0.013090043633478779,0.012428930318656618,0.011792827846739625,0.012428930318656618,0.009632343284508502,
0.012688342585249802,0.01586042823156225,0.01310269766003124,0.01586042823156225,0.011923329040234638,
