Majority Class Accuracy,Accuracy,Precision,Recall,F Score,Support
0.20813397129186603,0.20813397129186603,0.043319750005723315,0.20813397129186603,0.0717134871381875,
0.20826730058108822,0.20826730058108822,0.04337526849133335,0.20826730058108822,0.07179747142122114,
0.21623043535446534,0.21623043535446534,0.04677405733193961,0.21623043535446534,0.07691104191318499,
0.20540753379708623,0.20540753379708623,0.04219225494060112,0.20540753379708623,0.07000496306455575,
0.20765890248716937,0.20765890248716937,0.043122219782175716,0.20765890248716937,0.0714145686225898,
0.2065274841437632,0.2065274841437632,0.042653601706752364,0.2065274841437632,0.07070473282591215,
0.20102753260439996,0.2008957976551179,0.06337877827253885,0.2008957976551179,0.06751385311251212,
0.21478920069158133,0.21478920069158133,0.0461344007337284,0.21478920069158133,0.07595457830455526,
0.20525343189017953,0.20525343189017953,0.04212897130269656,0.20525343189017953,0.06990890079711513,
0.21090141216840438,0.21090141216840438,0.044479405654627185,0.21090141216840438,0.07346494967740821,
0.20297358290189832,0.20297358290189832,0.041198275356033785,0.20297358290189832,0.06849406494305949,
0.20136878125822585,0.20136878125822585,0.04054938606542321,0.20136878125822585,0.06750531010628517,
0.20963247976648533,0.20976515855114766,0.061269385005575286,0.20976515855114766,0.0743347784036871,
0.21376050420168066,0.21376050420168066,0.045693553156556745,0.21376050420168066,0.07529253588064391,
0.2177121771217712,0.2177121771217712,0.04739859206710148,0.2177121771217712,0.07784859666778486,
0.21076822061720288,0.21076822061720288,0.044423242822141905,0.21076822061720288,0.07338025902182443,
0.20444858817261588,0.20444858817261588,0.041799225205775885,0.20444858817261588,0.06940806874819537,
0.21323431905582815,0.21323431905582815,0.0454749051779538,0.21323431905582815,0.07496300503755392,
0.21207328324766048,0.21207328324766048,0.04497507746744243,0.21207328324766048,0.0742118122543466,
0.20657894736842106,0.20657894736842106,0.042674861495844874,0.20657894736842106,0.07073695689605694,
0.20617596166644483,0.20617596166644483,0.04250852716908333,0.20617596166644483,0.07048478583564842,
0.20825121534620944,0.20825121534620944,0.04336856869317329,0.20825121534620944,0.0717873371734976,
0.21546446632951824,0.21546446632951824,0.046424936250664094,0.21546446632951824,0.07639044585294864,
0.20545212765957446,0.20545212765957446,0.04221057675984608,0.20545212765957446,0.07003277159052235,
0.20516556291390728,0.20516556291390728,0.042092908205780454,0.20516556291390728,0.06985415033600229,
0.2006087071589255,0.2006087071589255,0.04024385338797553,0.2006087071589255,0.067039083005165,
0.1994992752668336,0.1994992752668336,0.03979996083199184,0.1994992752668336,0.06636095853103065,
0.21309729801677094,0.21309729801677094,0.04541045842204848,0.21309729801677094,0.07486696820821818,
0.21012658227848102,0.21039307128580945,0.0640698674720082,0.21039307128580945,0.07387117415793949,
0.20272234703317035,0.20272234703317035,0.05898134903803288,0.20272234703317035,0.0696835282879917,
