Majority Class Accuracy,Accuracy,Precision,Recall,F Score,Support
0.17888874154621404,0.13778013526057553,0.07605386592381935,0.13778013526057553,0.08825215205305367,
0.16490066225165562,0.13205298013245034,0.0704463949547393,0.13205298013245034,0.08358056192897095,
0.16884488448844884,0.12712871287128713,0.06365747725620802,0.12712871287128713,0.07924951660374682,
0.16739853626081172,0.12508316699933467,0.0666587578961313,0.12508316699933467,0.08198324451337619,
0.17371760973030143,0.13498149127445797,0.07621184582973788,0.13498149127445797,0.08745439111128352,
0.1673921646220815,0.12557710064635272,0.0721134498582482,0.12557710064635272,0.0826701503277251,
0.17255524679105466,0.13470954082307793,0.07115556940110072,0.13470954082307793,0.08778042586842622,
0.17805300306299107,0.13530430150486084,0.07118525101739859,0.13530430150486084,0.0848765121038255,
0.16666666666666666,0.12810353935552035,0.06647533598668211,0.12810353935552035,0.07920098950892625,
0.17471924784539045,0.1343692870201097,0.07557366438032953,0.1343692870201097,0.08903209318920727,
0.17438005569553108,0.12451929452327277,0.06700165520312991,0.12451929452327277,0.08033559324606962,
0.16899163013152652,0.13099508436296,0.06488529416915698,0.13099508436296,0.08008518439546407,
0.1784440628714833,0.13749834896314886,0.07313874530431301,0.13749834896314886,0.08796519972115957,
0.17389579476329015,0.13237238825707484,0.06681836145364481,0.13237238825707484,0.08192561923741863,
0.17207446808510637,0.13138297872340426,0.06883735362956789,0.13138297872340426,0.08034598362227732,
0.17108370506428758,0.13224875360797692,0.06544554939678653,0.13224875360797692,0.08037997427603542,
0.16470125786163523,0.1274895178197065,0.0697269356727702,0.1274895178197065,0.08076897899200268,
0.16857180396794114,0.12797267113388516,0.06376146326579328,0.1279726711338852,0.07876739237477406,
0.17598641233342044,0.13247974915077085,0.07137061054271537,0.13247974915077085,0.08589567254995856,
0.16931848316096526,0.12476796605674888,0.06538131944278587,0.12476796605674888,0.08015785122416415,
0.17604139028920138,0.13531440700451047,0.07119542679976044,0.13531440700451047,0.08667214497453146,
0.17296301171515072,0.13005133605370542,0.07186434752243823,0.13005133605370542,0.08375926517901724,
0.17091633466135459,0.13665338645418326,0.07094142540668573,0.13665338645418326,0.08554564977869392,
0.17629299028616435,0.1298241008138619,0.06528372501885275,0.12982410081386192,0.0800549495099742,
0.17435424354243542,0.12875593041644703,0.07024925932195604,0.12875593041644703,0.08397973490678803,
0.16646864686468646,0.12976897689768976,0.06978856035855763,0.12976897689768976,0.08387614561236749,
0.1647831800262812,0.1328515111695138,0.06660609539038463,0.13285151116951377,0.08193256626449213,
0.17876874506708762,0.1345698500394633,0.07194878611847821,0.1345698500394633,0.08750011564053849,
0.17202168451672617,0.13010710035700118,0.0697461964832655,0.1301071003570012,0.082910999487541,
0.16660055533518445,0.12865265106439244,0.06849792561417965,0.12865265106439244,0.0830935094118029,
