Majority Class Accuracy,Accuracy,Precision,Recall,F Score,Support
0.027105263157894736,0.03302631578947368,0.032180688137671956,0.03302631578947368,0.026306613851877932,
0.029096680333289247,0.02830313450601772,0.027954976945279823,0.02830313450601772,0.022024349480435915,
0.027619928637504957,0.030659442315316508,0.030888031680916896,0.030659442315316508,0.02459015111737232,
0.029913964262078093,0.03176704169424222,0.02766500024862847,0.03176704169424222,0.02326107296645704,
0.029450607501320655,0.029714738510301108,0.028680673672218437,0.029714738510301108,0.02308110950733801,
0.03228356832257214,0.03136118065621294,0.032203823635196534,0.03136118065621294,0.024486774039052545,
0.030515191545574638,0.029326287978863937,0.02780501276194258,0.029326287978863937,0.022022553515835038,
0.02963354941129779,0.03122106098690303,0.033884565123098453,0.03122106098690303,0.024788245620050768,
0.02986449151427444,0.02841731351138008,0.02589124831465341,0.02841731351138008,0.020814718765977853,
0.02784038181095055,0.027972955057669363,0.024974951206260816,0.027972955057669363,0.021018902735851247,
0.02718754124323611,0.031146891909726804,0.03233873965375188,0.031146891909726804,0.02439092440763126,
0.029144138203877092,0.029012264275352764,0.025331602513909035,0.029012264275352764,0.02056084527302108,
0.030194676201827572,0.029267646669315323,0.025900088708536714,0.029267646669315323,0.02229437070862083,
0.029776021080368906,0.03241106719367589,0.036015505080411736,0.03241106719367589,0.026394626976034716,
0.029330527423385506,0.03222412205708273,0.03700139010665385,0.03222412205708273,0.026206836979478194,
0.029462280354075835,0.031179812392654247,0.03293438857859672,0.031179812392654247,0.02440449530279644,
0.029052799150968426,0.03064473335102149,0.027243774163972098,0.03064473335102149,0.023456600676567785,
0.026555687673404677,0.034482758620689655,0.032524418580556394,0.034482758620689655,0.02647273208094205,
0.03093467870419543,0.03093467870419543,0.028915318078902796,0.03093467870419543,0.024002997261336857,
0.030155385830919146,0.029365288385567553,0.028065923231942742,0.029365288385567553,0.022753551026019378,
0.031241761138940154,0.030450830477194834,0.035574671320832085,0.030450830477194834,0.025531040677812866,
0.027048528241845664,0.028374436488994962,0.025201881191574547,0.028374436488994962,0.021044865326987787,
0.028729573010015816,0.03044280442804428,0.028277210821551237,0.03044280442804428,0.023507478152949755,
0.030895167678901506,0.030763137047795087,0.032631362184014925,0.030763137047795087,0.025152842323357943,
0.031777689137082836,0.028187740991889376,0.0292507829389784,0.028187740991889376,0.02175496381651692,
0.02945078270098169,0.032899973467763334,0.03089428147120392,0.032899973467763334,0.024902952682667217,
0.02876748482449195,0.03167062549485352,0.035196837191444445,0.03167062549485352,0.02634643931724503,
0.02863202545068929,0.03035524920466596,0.02942250771341802,0.03035524920466596,0.023492565334509045,
0.026661360923199363,0.029712163416898793,0.030489042112308882,0.029712163416898793,0.023484086309480665,
0.029818956336528223,0.028088391906283282,0.027828235306424812,0.028088391906283282,0.021665827296088205,
