Majority Class Accuracy,Accuracy,Precision,Recall,F Score,Support
0.29587615107433607,0.29587615107433607,0.08754269677456333,0.29587615107433607,0.13510966569141153,
0.28854538248117323,0.28854538248117323,0.08325843775120655,0.28854538248117323,0.12922856871503788,
0.29255807848799054,0.29255807848799054,0.08559022928858524,0.29255807848799054,0.13243540961611108,
0.28917416622551617,0.28917416622551617,0.08362169841222246,0.28917416622551617,0.12972909417980757,
0.295151274937244,0.295151274937244,0.08711427509708061,0.295151274937244,0.1345237066632262,
0.2890378548895899,0.2890378548895899,0.08354288155917562,0.2890378548895899,0.12962052470729238,
0.28943885653785073,0.28943885653785073,0.08377485167393854,0.28943885653785073,0.12994001421498091,
0.2864493996569468,0.2864493996569468,0.08205325856382524,0.2864493996569468,0.12756546598056032,
0.28817798841495523,0.28817798841495523,0.08304655300689007,0.28817798841495523,0.12893645715694166,
0.2964771077978625,0.2964771077978625,0.08789867544818539,0.2964771077978625,0.13559618587864788,
0.28144904458598724,0.2817144373673036,0.10639291218803676,0.2817144373673036,0.12622875738503048,
0.29134273290288576,0.29134273290288576,0.08488058801532222,0.29134273290288576,0.13146097600985315,
0.27993676722434463,0.27993676722434463,0.0783645936440169,0.27993676722434463,0.12245072670887862,
0.28347918324051974,0.28347918324051974,0.08036044733071217,0.28347918324051974,0.12522282929095685,
0.282234577707175,0.282234577707175,0.07965635685354741,0.282234577707175,0.12424615314303059,
0.302622907605114,0.302622907605114,0.09158062420737338,0.302622907605114,0.1406095711547793,
0.29228329809725156,0.29228329809725156,0.08542952634660683,0.29228329809725156,0.13221485795319438,
0.2830589484864578,0.2830589484864578,0.08012236831825915,0.2830589484864578,0.12489273141000165,
0.282657508915599,0.282657508915599,0.07989526734637192,0.282657508915599,0.12457770962401025,
0.297272122421823,0.297272122421823,0.08837071476917532,0.297272122421823,0.13624082910869886,
0.29204832072215586,0.29178282224877206,0.08527128174113956,0.29178282224877206,0.13197413835265184,
0.2799049379456034,0.2799049379456034,0.07834677428633209,0.2799049379456034,0.12242592705687624,
0.2938382372344637,0.2938382372344637,0.08634090966105695,0.2938382372344637,0.13346476735083634,
0.2828042328042328,0.2828042328042328,0.0799782340919907,0.2828042328042328,0.12469281289656625,
0.28611074402008724,0.28611074402008724,0.08185935784372789,0.28611074402008724,0.12729752585357354,
0.2914224826851359,0.2914224826851359,0.08492706341436831,0.2914224826851359,0.13152483335707038,
0.29631592896899017,0.29631592896899017,0.08780312976075565,0.29631592896899017,0.13546563426184055,
0.2934681388851936,0.2934681388851936,0.08612354854073925,0.2934681388851936,0.13316686503769146,
0.29500197810892786,0.29500197810892786,0.08702616708818035,0.29500197810892786,0.13440314155390462,
0.2986083499005964,0.2986083499005964,0.08916694663035703,0.2986083499005964,0.13732692637804528,
