Majority Class Accuracy,Accuracy,Precision,Recall,F Score,Support
0.02181913774973712,0.02234490010515247,0.019176656828857858,0.02234490010515247,0.01781752955287228,
0.02375233520149453,0.02348545503069122,0.020707147501260625,0.02348545503069122,0.01793840485133053,
0.019304005252790545,0.022586999343401182,0.024193544114698644,0.022586999343401182,0.019991901273588648,
0.01898483849703362,0.02148978246539222,0.018345653648314884,0.02148978246539222,0.01682747961056933,
0.020224719101123594,0.023661599471249174,0.02271249610192488,0.023661599471249174,0.02005453061900613,
0.02024345064831966,0.018920349298756283,0.017431068893370705,0.018920349298756283,0.015255571003690356,
0.021593153390388413,0.02238314680710994,0.020556881806581658,0.02238314680710994,0.018300106124278404,
0.02048962213943587,0.02261841405002661,0.02491307533175564,0.02261841405002661,0.019784149235030205,
0.01795616583047267,0.019276472141536837,0.020178414604171864,0.019276472141536837,0.016499770350768918,
0.01808103471030751,0.024415995776692623,0.023117656951361688,0.024415995776692623,0.02057436141151398,
0.01976651631732555,0.02241973998408066,0.021574507895551924,0.02241973998408066,0.01821543741534458,
0.019268839910254718,0.022568298798996963,0.021619505819552357,0.022568298798996963,0.018697555978571263,
0.01784534038334435,0.023529411764705882,0.021183109093317228,0.023529411764705882,0.019490189114033572,
0.01764783353088371,0.02133544053733702,0.018433791089323817,0.02133544053733702,0.01734160596521368,
0.02058590657165479,0.022301398785959357,0.02024436634788754,0.022301398785959357,0.018242010491025286,
0.01709626512361915,0.0241977906365071,0.020282916707304668,0.0241977906365071,0.0186676776921285,
0.018694049499736704,0.021590310689836755,0.019902429514882972,0.021590310689836755,0.01853470600834609,
0.0205026455026455,0.02552910052910053,0.025395482709431743,0.02552910052910053,0.022477447667859873,
0.016747988922590003,0.01912171963602796,0.01871569960578909,0.01912171963602796,0.016491296025329907,
0.01781441106088806,0.023398032438181334,0.023974670439311653,0.023398032438181334,0.020278725722754052,
0.019787708033023196,0.02424321845105491,0.025336110724608202,0.02424321845105491,0.021321397660840367,
0.017906884202148827,0.022947340496087015,0.020369420933801584,0.022947340496087015,0.018600769106765,
0.01942645698427382,0.024448262191092904,0.022379946862040343,0.024448262191092904,0.020731316872169104,
0.020456960680127523,0.0237778958554729,0.019785175279018023,0.0237778958554729,0.01889075249643298,
0.021248515243500066,0.02665962782103735,0.024597692446926618,0.02665962782103735,0.021818886052685643,
0.01878997867803838,0.02278784648187633,0.020650457318827198,0.02278784648187633,0.01853617791696829,
0.019372077488309953,0.021108884435537743,0.019607215488973657,0.021108884435537743,0.01752197180549072,
0.020720601821301306,0.022040385376798206,0.021681755775953337,0.022040385376798206,0.018869086631581423,
0.019602752174477475,0.022069323640140207,0.023066821995177633,0.022069323640140207,0.019872258556203507,
0.020659515295987287,0.02317573831280625,0.021521704038496233,0.02317573831280625,0.01930230021720426,
