Majority Class Accuracy,Accuracy,Precision,Recall,F Score,Support
0.05346455645697566,0.05652347386620561,0.05471403871062848,0.05652347386620561,0.04657115127286463,
0.049927354378549726,0.05019152027473253,0.04939058083724699,0.05019152027473253,0.04131686014525509,
0.0474058467210956,0.04872267579668159,0.04806141714496766,0.04872267579668159,0.04093179807355857,
0.05140063424947146,0.052457716701902746,0.052820253169420746,0.052457716701902746,0.04450045352956224,
0.04754358161648178,0.05335446381405177,0.05693100337454905,0.05335446381405177,0.04723866574735514,
0.044924463291810234,0.050490326000530085,0.04818944826356647,0.050490326000530085,0.04239716031219764,
0.05094865331033568,0.055061695634867985,0.05154788715465977,0.055061695634867985,0.04774653613423366,
0.048516809492419245,0.05207646671061305,0.05023580057909343,0.05207646671061305,0.044067644801453316,
0.05118058303653872,0.056720749241524863,0.054771939758464394,0.056720749241524863,0.04683590512066981,
0.04984874391687492,0.05839800078916217,0.05486027461194281,0.05839800078916217,0.04884705509407025,
0.045466526093832366,0.05350553505535055,0.04920286890642713,0.05350553505535055,0.04385293582074898,
0.0479734219269103,0.054352159468438535,0.05373745189400947,0.054352159468438535,0.04552930104745806,
0.050974710221285566,0.053082191780821915,0.052267789476900604,0.053082191780821915,0.043993018771747654,
0.052303199256604274,0.053099694676755606,0.05146768093188424,0.053099694676755606,0.044280324954582444,
0.048861228813559324,0.0491260593220339,0.048799461804264914,0.0491260593220339,0.04321634963961533,
0.04916732751784298,0.058551414221517314,0.0550150485298698,0.058551414221517314,0.04763371246171189,
0.054343514478381594,0.05976464365992331,0.06015394825315151,0.05976464365992331,0.05186285246339212,
0.04763164858428156,0.0541148451971421,0.05273899159424172,0.0541148451971421,0.04583120929442143,
0.0488482922954726,0.05480540111199365,0.05426804975598073,0.05480540111199365,0.04810771844017566,
0.05050237969328398,0.0523532522474881,0.052617347424528185,0.0523532522474881,0.04401067712017088,
0.04959221257563799,0.053406998158379376,0.04962930632700263,0.053406998158379376,0.04469574321352012,
0.0512214342001576,0.05634357762017336,0.05918117560576376,0.05634357762017336,0.049684186744754166,
0.04855923159018143,0.053495197438633936,0.05478021964622832,0.053495197438633936,0.04682797103237957,
0.052575957727873185,0.05019815059445178,0.04889055565119204,0.05019815059445178,0.04251583718585154,
0.05249204665959703,0.05235949098621421,0.05360399481411477,0.05235949098621421,0.04599457651064415,
0.05068329574101101,0.05545973198885498,0.053255966590395665,0.05545973198885498,0.045943488602619924,
0.05154091392136025,0.050611052072263546,0.050601176019001666,0.050611052072263546,0.04245879651994865,
0.046990496304118265,0.04593453009503696,0.04206843138313368,0.04593453009503696,0.038529197919487494,
0.048606524897635714,0.057852331264033816,0.05508190203731678,0.057852331264033816,0.04838092561658942,
0.04918467453267931,0.05422245790799417,0.052932707171987115,0.05422245790799417,0.046435493444345353,
