Majority Class Accuracy,Accuracy,Precision,Recall,F Score,Support
0.20264026402640264,0.20264026402640264,0.04106307660469017,0.20264026402640264,0.06828821191669111,
0.1985937914566198,0.19832846908994428,0.0536721798814779,0.19832846908994428,0.06929897417434104,
0.1989687995769434,0.1987043892120571,0.045946627815637874,0.1987043892120571,0.06631804729957601,
0.20379646717637753,0.20406011073029265,0.07245609715553723,0.20406011073029265,0.06958668526012694,
0.20494839904736703,0.20468377877745436,0.062150229480421953,0.20468377877745436,0.07761345446514278,
0.20090594191313615,0.20023980815347722,0.05885355045365795,0.20023980815347722,0.07135607148730835,
0.194672674264511,0.194672674264511,0.03791754952195262,0.194672674264511,0.06347223582167721,
0.20374275171323142,0.20282024248813918,0.061077030154957454,0.20282024248813918,0.07615562111856855,
0.2011365138099643,0.2011365138099643,0.040461244253075034,0.2011365138099643,0.0673701087189185,
0.20089520800421273,0.20089520800421273,0.040380148500319894,0.20089520800421273,0.0672441516592298,
0.19947643979057592,0.19960732984293195,0.05903826755870189,0.19960732984293195,0.06888390026716745,
0.19816633922724297,0.19869024230517354,0.06126031835535312,0.19869024230517354,0.07275700599541195,
0.1998421260360479,0.1994474411261676,0.05091411967686966,0.1994474411261676,0.06761809822251358,
0.19553805774278216,0.19606299212598424,0.05784634511985335,0.19606299212598424,0.06941941069510603,
0.19513806315233187,0.19342053111375346,0.05583691229387099,0.19342053111375346,0.07234557104539992,
0.20185799601857995,0.20159256801592568,0.05856238158272457,0.20159256801592568,0.07316830752480008,
0.2028157789879134,0.20255013946075176,0.06144515304845843,0.20255013946075176,0.07132103248880604,
0.20263331138907176,0.2032916392363397,0.07488750296152273,0.2032916392363397,0.06995564505654554,
0.20635754630237751,0.20753973466438985,0.06565824816472877,0.20753973466438985,0.07951763627938707,
0.20044485149810284,0.20057569017401544,0.054435424917069965,0.20057569017401544,0.06754042930513984,
0.1964665249734325,0.1964665249734325,0.061222319167408744,0.1964665249734325,0.06555752338737236,
0.1919447029110727,0.1926093313837565,0.05961683607985831,0.1926093313837565,0.07104915820128191,
0.2018641810918775,0.1992010652463382,0.058624247794817,0.1992010652463382,0.0742979904875093,
0.20283706747978258,0.20243934773962613,0.0567619069158979,0.20243934773962613,0.07184698307221167,
0.2058591697320021,0.2049395691014188,0.055557520600587176,0.2049395691014188,0.07472221306337415,
0.19949762030671603,0.1979111581173982,0.05318316147105652,0.1979111581173982,0.06799529513212862,
0.1972580859842939,0.1963263676294423,0.04626430536049463,0.1963263676294423,0.06568679123908973,
0.20403557679543344,0.20297358290189832,0.047261130487905395,0.20297358290189832,0.06991091200589482,
0.19931542917324907,0.19878883622959453,0.056280917336422515,0.19878883622959453,0.06979446118772276,
0.1983066543193544,0.19817436168805397,0.05406959128210612,0.19817436168805397,0.0679943826123626,
