Majority Class Accuracy,Accuracy,Precision,Recall,F Score,Support
0.2707481198047236,0.1967278005013854,0.12293958772741564,0.1967278005013854,0.14280557424990106,
0.26275644397685427,0.21962125197264598,0.11697292414827723,0.21962125197264598,0.14247431349286171,
0.27734426663139794,0.22999603227086365,0.1262442743695188,0.22999603227086365,0.1510493718129313,
0.26704696205890155,0.2146457946404882,0.11951448246876109,0.2146457946404882,0.1441374787742551,
0.2694184359752077,0.22471317420545958,0.1147778736360215,0.22471317420545958,0.14087589798354147,
0.2740232312565998,0.20947729672650475,0.13211011472224354,0.20947729672650475,0.15028305613452167,
0.2627872990567291,0.20791816128603693,0.1230755437948223,0.20791816128603693,0.14495652618411303,
0.2713487629688747,0.20843309390795425,0.12528374230432984,0.20843309390795425,0.14927626799243335,
0.2639681486396815,0.20092899800928998,0.12000844788207093,0.20092899800928998,0.14093513574250735,
0.2646437994722955,0.22427440633245382,0.12299400019367121,0.22427440633245382,0.1440642988160424,
0.27276347225909214,0.2224581895407486,0.12494039791136355,0.2224581895407486,0.14848746906992627,
0.27143233975204434,0.20706937483513585,0.12154395567795682,0.20706937483513585,0.1466549866757104,
0.2608410847635268,0.21236735228612602,0.11596364297714777,0.21236735228612602,0.13893793924790787,
0.2716180371352785,0.22984084880636604,0.12645303897848445,0.22984084880636604,0.14936148615146597,
0.26354125281419677,0.18686266719639782,0.11931815650536957,0.18686266719639782,0.13969416673016924,
0.26966887417218544,0.2223841059602649,0.12469366322188989,0.2223841059602649,0.14428133729999534,
0.26532236667551073,0.2232687715574423,0.12075555411390339,0.2232687715574423,0.14316616144480998,
0.2610303830911493,0.21571994715984147,0.11862874593399375,0.21571994715984147,0.13978658076373535,
0.26985810900411084,0.22742341864474208,0.12297960915395316,0.22742341864474208,0.1469527205891681,
0.2672356314175223,0.20136018135751432,0.1144550061015226,0.20136018135751432,0.13912962258215217,
0.2598342323378503,0.2043152216813577,0.12084864234903506,0.2043152216813577,0.1443303841608658,
0.2650393490729625,0.1876750700280112,0.11746982235883674,0.1876750700280112,0.13747138989568672,
0.2748476013782136,0.2190564537503313,0.11963696592897767,0.2190564537503313,0.14660880597417988,
0.2724151591179189,0.20493859764954445,0.12320672617479014,0.20493859764954445,0.1449336891684379,
0.27331401475237094,0.2041622760800843,0.12316793315766317,0.2041622760800843,0.1431802300891415,
0.2690683557666931,0.22275006598046979,0.11944033383369447,0.22275006598046979,0.14638979181951378,
0.2710477698601214,0.22327790973871733,0.12083737796416659,0.22327790973871733,0.14453341053053612,
0.271475843812045,0.2228987425545996,0.12240816322219236,0.2228987425545996,0.14670780623570723,
0.27263130113486406,0.20374769068355766,0.1205685036869061,0.20374769068355766,0.14357488886029904,
0.2688797778071684,0.19296389366485914,0.11604496628471205,0.19296389366485914,0.13825079799847648,
