Majority Class Accuracy,Accuracy,Precision,Recall,F Score,Support
0.03212904946007199,0.03186241834422077,0.030013069318874246,0.03186241834422077,0.029172615811383196,
0.02916998143728454,0.02930257226199947,0.02957437754063217,0.02930257226199947,0.027834017978269128,
0.024901185770750987,0.031488801054018446,0.030040479458777736,0.031488801054018446,0.0286684038270067,
0.025956826910343,0.03138657131505761,0.03032787712629683,0.03138657131505761,0.02963869011318493,
0.02927478376580173,0.031803060545575516,0.03131204074109471,0.031803060545575516,0.029610866913751234,
0.030434782608695653,0.031488801054018446,0.029209440166901482,0.031488801054018446,0.028222668052673927,
0.029880478087649404,0.03213811420982736,0.0316211025308009,0.03213811420982736,0.030035729933802532,
0.027840084443858028,0.032194220873466156,0.03023091487284935,0.032194220873466156,0.029650681573030788,
0.028808208366219414,0.029334385687976847,0.02925689802407148,0.029334385687976847,0.028393417740235193,
0.02859803139132748,0.03272146847565842,0.030411979130678286,0.03272146847565842,0.02968253764011342,
0.033386117709158086,0.03153866455529163,0.02984439936768734,0.03153866455529163,0.029150462601571017,
0.03265468006345849,0.0337123215230037,0.032619026822215916,0.0337123215230037,0.03138394322358935,
0.027439024390243903,0.03419936373276776,0.034160523599724,0.03419936373276776,0.03279055118546282,
0.02603409541429893,0.03211312276992203,0.030456688696753702,0.03211312276992203,0.029411481087663893,
0.028752308098127143,0.03178580849380111,0.03274731732201135,0.03178580849380111,0.02998201139562062,
0.03094548327627074,0.03120884909138794,0.030521529283902695,0.03120884909138794,0.029480839469736494,
0.030907409853387927,0.028926165632016908,0.03085817698264888,0.028926165632016908,0.027915044164616508,
0.027101697145112486,0.028811998421260362,0.02645743248830976,0.028811998421260362,0.026056833172390947,
0.029980276134122286,0.03076923076923077,0.028337151943446416,0.03076923076923077,0.028495708320546924,
0.03014207940512548,0.02907980347895366,0.029096830749191376,0.02907980347895366,0.02778875525984354,
0.028228465901596094,0.027041287429099062,0.026894676054071455,0.027041287429099062,0.02553126123926336,
0.032699720856041475,0.030971686827063673,0.030702804577607254,0.030971686827063673,0.029609653008615896,
0.03171887338773361,0.030929191892603316,0.028519093051318264,0.030929191892603316,0.0279563943577804,
0.028140837556681782,0.032408642304614564,0.03010145122333239,0.032408642304614564,0.029275405602585885,
0.03176704169424222,0.030178689609530112,0.02884761528129058,0.030178689609530112,0.028149518253102225,
0.029789487620812922,0.029789487620812922,0.02937675574021085,0.029789487620812922,0.02775423098358103,
0.0325149303251493,0.035301924353019244,0.03481521651928976,0.035301924353019244,0.03309270513199023,
0.031311930241775664,0.03144404809089708,0.030509807041000852,0.03144404809089708,0.028787946463682306,
0.035233570863024546,0.03246239113222486,0.029936881033883193,0.03246239113222486,0.02970581490904894,
0.029864613750995486,0.03159012476771967,0.03287178024908544,0.03159012476771967,0.030456823037923613,
