Majority Class Accuracy,Accuracy,Precision,Recall,F Score,Support
0.06382696390658174,0.07749469214437367,0.07342305996126851,0.07749469214437367,0.06541681332725664,
0.06431507757591831,0.08155417053441189,0.07548221135353196,0.08155417053441189,0.06653649163316976,
0.06438392384981491,0.08157059756742464,0.06870040292515577,0.08157059756742464,0.06292314052839001,
0.06552631578947368,0.08013157894736841,0.08180804074730519,0.08013157894736841,0.062093102395805976,
0.07089848926583621,0.084018022793533,0.08017074556809026,0.084018022793533,0.0690799484432246,
0.0648920672758575,0.07720831677923454,0.0660058129584371,0.07720831677923454,0.06244426661975045,
0.06552221202987812,0.08609618660725986,0.08040850221327894,0.08609618660725986,0.0724495426005367,
0.06840217824412273,0.07783238145836101,0.06968036913313941,0.07783238145836101,0.0644099905863471,
0.0614081524616199,0.07861302276336686,0.07600791429102945,0.07861302276336686,0.06454768391458104,
0.06933158584534731,0.07968545216251638,0.07800018016943158,0.07968545216251638,0.06359648705610356,
0.062342819324950366,0.08074123097286565,0.0758019675208963,0.08074123097286565,0.06731302713784638,
0.06789795376029764,0.08610151474887058,0.08419691007038492,0.08610151474887058,0.07372919355770638,
0.06399362719065321,0.08351035581518852,0.07151899350739734,0.08351035581518852,0.06513005344187822,
0.06811308349769889,0.08349769888231427,0.07367871271489272,0.08349769888231427,0.06761066205936171,
0.0662277814351547,0.08334430546412114,0.0810339111777479,0.08334430546412114,0.07129451890935765,
0.0664026402640264,0.08514851485148515,0.07893613243383552,0.08514851485148515,0.07095548868040966,
0.06350886477904208,0.07409367557554909,0.0682626912444134,0.07409367557554909,0.0626478549756831,
0.06443945596197016,0.08028522382147102,0.0717796616465834,0.08028522382147102,0.06750920365309976,
0.0674424755355726,0.08145993123512299,0.07553245182973847,0.08145993123512299,0.06958084259562446,
0.07072691552062868,0.08055009823182711,0.07372277043304373,0.08055009823182711,0.06589857174462524,
0.06631509558338827,0.08437705998681608,0.07937299517571138,0.08437705998681608,0.06554331761400814,
0.06598648469590566,0.08122432754736982,0.08044692016987333,0.08122432754736982,0.061572115407815355,
0.062688129825939,0.08153383065043843,0.0812453011667221,0.08153383065043843,0.06931074142316328,
0.06602147686596845,0.08007424101816253,0.06946046111024602,0.08007424101816253,0.0639536297471396,
0.06746292164326027,0.0724504528153301,0.07340854423759154,0.0724504528153301,0.0605997850633444,
0.07206851119894599,0.07602108036890645,0.07383189148630502,0.07602108036890645,0.05964967008288899,
0.06745139531807962,0.07909006745139532,0.0659678012283627,0.07909006745139532,0.06031654191646798,
0.06902023006743356,0.08330027766759222,0.0808974405429908,0.08330027766759222,0.07152456064399527,
0.0683727034120735,0.08005249343832022,0.06923508698426573,0.08005249343832022,0.06181474278374473,
0.06798829164449174,0.08621607237892497,0.09088951208002649,0.08621607237892497,0.06983355159874749,
