Majority Class Accuracy,Accuracy,Precision,Recall,F Score,Support
0.021931562954155107,0.017307438234905537,0.016540247835924397,0.017307438234905537,0.016066453148106178,
0.01751359957542789,0.02295342974658352,0.02315694452297344,0.02295342974658352,0.021403528985936088,
0.023044508822754807,0.022122728469844616,0.019470907309664116,0.022122728469844616,0.01952560376562064,
0.01977438619774386,0.02295952222959522,0.02126354100682371,0.02295952222959522,0.020652641323911917,
0.019672564034856087,0.024557697385793505,0.02479981560515274,0.024557697385793505,0.022652679652795934,
0.01943673145577152,0.023535634007668914,0.023664448886662807,0.023535634007668914,0.02184415158551372,
0.023991563406274716,0.021223306090166094,0.0210393971457496,0.021223306090166094,0.019866029834750536,
0.018907840803913792,0.022213407378024592,0.020585557153617883,0.022213407378024592,0.02054302115028385,
0.01757631822386679,0.02193735958768336,0.022279310723432946,0.02193735958768336,0.020015474327250957,
0.020542533579141427,0.023176191730313406,0.022717663582882432,0.023176191730313406,0.021543695718922992,
0.019457313037723363,0.021178027796161483,0.019535125969113113,0.021178027796161483,0.019270581696911163,
0.01722550953320184,0.023405654174884945,0.021179971584967462,0.023405654174884945,0.02074382116533569,
0.01874750698045473,0.024065948677037628,0.024037798707629652,0.024065948677037628,0.022279151831984978,
0.018940397350993378,0.022516556291390728,0.022116787773571404,0.022516556291390728,0.02032052902696312,
0.021999736530101437,0.022921881175075747,0.022538555694312557,0.022921881175075747,0.021103976566947284,
0.01829910479199579,0.022906793048973143,0.02201642252368326,0.022906793048973143,0.021163672442945772,
0.01803713527851459,0.022546419098143235,0.022816459733837908,0.022546419098143235,0.021322755684131178,
0.01893491124260355,0.020512820512820513,0.02039038500609561,0.020512820512820513,0.019142877494398955,
0.02179049619322657,0.02179049619322657,0.021398095352978857,0.02179049619322657,0.019977477006337622,
0.021664915966386554,0.017725840336134453,0.01788990492040536,0.017725840336134453,0.01639114177850298,
0.018822905620360552,0.022799575821845174,0.023246676952441085,0.022799575821845174,0.021028585313793428,
0.020919387075283145,0.021185876082611594,0.02107072833115468,0.021185876082611594,0.019761978624135736,
0.020032051282051284,0.0202991452991453,0.020176133462427095,0.0202991452991453,0.018706513684392283,
0.02168164992067689,0.021152829190904283,0.02213566976399638,0.021152829190904283,0.0197755429645458,
0.019833399444664817,0.023006743355811186,0.023137813468106692,0.023006743355811186,0.02191581165945859,
0.01954569466455362,0.026809297411516112,0.02737343063418679,0.026809297411516112,0.025024624394144896,
0.01966996699669967,0.022046204620462046,0.020448643019661813,0.022046204620462046,0.019704954168799475,
0.019548674888480715,0.020467069010758333,0.022030149636422348,0.020467069010758333,0.01955010849019358,
0.021197668256491786,0.02133015368309486,0.02187095283166247,0.02133015368309486,0.01999761648831659,
0.02037554934079105,0.020109202290584632,0.020004794211235532,0.020109202290584632,0.018159665549940168,
