Majority Class Accuracy,Accuracy,Precision,Recall,F Score,Support
0.0312623144621043,0.035202942335478785,0.03562523409385919,0.035202942335478785,0.03394498153254584,
0.03334651377356004,0.040068538289178855,0.0400610955072476,0.040068538289178855,0.03793262259306326,
0.030916984607288516,0.038547559531640574,0.03743530909666272,0.038547559531640574,0.0357963459557156,
0.03009013785790032,0.032873806998939555,0.031209244921976857,0.032873806998939555,0.030483906570549973,
0.03266064790228359,0.03451938396176314,0.034620423432280736,0.03451938396176314,0.03238304134875621,
0.035229992023398035,0.03881946290880085,0.039406461448569796,0.03881946290880085,0.037438022889801345,
0.03523822093176719,0.033786459020720604,0.033286271838827965,0.033786459020720604,0.03205134508426382,
0.03094955880416173,0.0375345713156855,0.03738913596515342,0.0375345713156855,0.03575642959226457,
0.034501061571125265,0.03662420382165605,0.03770789456150699,0.03662420382165605,0.03563640724254057,
0.03962611901000527,0.03291205897840969,0.032833323158883224,0.03291205897840969,0.031637668021946806,
0.02961695406081348,0.037778070290904305,0.03727838018001983,0.037778070290904305,0.03599370474863817,
0.030210274154910833,0.034202821400053235,0.033800683655317666,0.034202821400053235,0.032055953285317094,
0.03477344573234984,0.037407797681770286,0.03661211009924129,0.037407797681770286,0.03473913430941063,
0.030547474213171118,0.032927796879132505,0.032152246392479045,0.032927796879132505,0.030936628914370257,
0.03307212113162439,0.03426749900385177,0.03307846146192915,0.03426749900385177,0.03199326992706026,
0.033965768873557116,0.03502719915085578,0.03256927950387245,0.03502719915085578,0.032173889165424414,
0.030137351646886253,0.0388051740232031,0.03830113480131152,0.0388051740232031,0.037286456777562135,
0.03133262823902697,0.033315705975674244,0.033403452540745115,0.033315705975674244,0.03134696209651325,
0.03469119579500657,0.03810775295663601,0.03684938824756898,0.03810775295663601,0.03548539165633908,
0.031051797040169134,0.036733615221987315,0.03934196426003418,0.036733615221987315,0.036364666447665686,
0.03396275898242854,0.03671649619722004,0.033670164815788814,0.03671649619722004,0.033469688943777054,
0.03440548378592143,0.03335090957026101,0.03221767976259732,0.03335090957026101,0.031460678760076355,
0.03153393907001603,0.03874933190807055,0.039014472795834435,0.03874933190807055,0.0370062706065525,
0.03551948915790874,0.03751496607689238,0.036379781383546785,0.03751496607689238,0.03516415691590288,
0.031183932346723044,0.038319238900634246,0.03765244281745516,0.038319238900634246,0.035562241331783866,
0.036664460622104565,0.036929185969556584,0.03594378819523504,0.036929185969556584,0.0347905116546952,
0.03705657391533694,0.03415534748780166,0.03303301736727418,0.03415534748780166,0.03198439501176365,
0.03156782459384493,0.04107779685642583,0.03986941132585692,0.04107779685642583,0.03836451227368285,
0.03425284350895542,0.033076219113609626,0.03314296194614499,0.033076219113609626,0.03117406799698442,
0.034911717495987156,0.036115569823434994,0.03484093914565145,0.036115569823434994,0.033828717376224136,
