Majority Class Accuracy,Accuracy,Precision,Recall,F Score,Support
0.040649333509304476,0.05384716906427346,0.04717625926812986,0.05384716906427346,0.03964505905365887,
0.04169415490170207,0.051062145401768046,0.04070691341698321,0.051062145401768046,0.035808043126370356,
0.04039330321551953,0.04942864735583311,0.043145805472811306,0.04942864735583311,0.0326342827766045,
0.0413135593220339,0.044359110169491525,0.03701353312717591,0.044359110169491525,0.029488475478927932,
0.043260353468741755,0.04932735426008968,0.03952869176386367,0.04932735426008968,0.035686777774959086,
0.043047669351643995,0.0492539284299485,0.05006569027676624,0.0492539284299485,0.034997956310342485,
0.038471708090957166,0.044420941300899,0.03475630947623098,0.044420941300899,0.032127853381847434,
0.03905839032088375,0.05168332456601789,0.05028592706325078,0.05168332456601789,0.038215379256397654,
0.04008466728403228,0.04855139568726022,0.05077295618416339,0.04855139568726022,0.033774009888842466,
0.043824701195219126,0.050730411686586985,0.04330938646242604,0.050730411686586985,0.03777574577561433,
0.04315122723673793,0.0498812351543943,0.04141487072542076,0.0498812351543943,0.032786150744195997,
0.04480975739095851,0.05011268725971099,0.04562063697349599,0.05011268725971099,0.038486014355692134,
0.039425105485232065,0.04760021097046414,0.043461758654795755,0.04760021097046414,0.035956296706074836,
0.040183847669074194,0.04753775443204202,0.04760169580847296,0.04753775443204202,0.03552029915311999,
0.037690776376907764,0.04751161247511612,0.043593319793721906,0.04751161247511612,0.035171322828173666,
0.046434713586453236,0.04934515147506284,0.04218171310500264,0.04934515147506284,0.03440487406984605,
0.038275003276969456,0.0462708087560624,0.04124551514593248,0.0462708087560624,0.03492863677393256,
0.04193121693121693,0.05238095238095238,0.05036324232240412,0.05238095238095238,0.04115899547070708,
0.037105506404331176,0.05281922619833619,0.043676262173083444,0.05281922619833619,0.03507941300177003,
0.041045268575953545,0.05265936386432625,0.048153355156912644,0.05265936386432625,0.0404736869497306,
0.041003184713375794,0.0440552016985138,0.04049655083045552,0.0440552016985138,0.03340537770996076,
0.0373819517313746,0.0473504721930745,0.03924124926867056,0.0473504721930745,0.03485065309079528,
0.037785358173707685,0.04644450275518237,0.03835416344672829,0.04644450275518237,0.03288995100780638,
0.03797803361122139,0.05319571258435887,0.050118850059444386,0.05319571258435887,0.04156505820348121,
0.03801782905086523,0.048636601992658623,0.042448849033350146,0.048636601992658623,0.03670045041769084,
0.03845647306729883,0.04991439483735019,0.042348399192845235,0.04991439483735019,0.03473559589875615,
0.03932435998944313,0.04961731327527052,0.04199020084019818,0.04961731327527052,0.03738223562935637,
0.038761740971027914,0.05106495568196851,0.041107731376676546,0.05106495568196851,0.03501087855839477,
0.0356102727032036,0.050569234842467566,0.04786080781768879,0.050569234842467566,0.04074898118279983,
0.03894736842105263,0.052894736842105265,0.04776465527426967,0.052894736842105265,0.03819371545435994,
