Majority Class Accuracy,Accuracy,Precision,Recall,F Score,Support
0.040581625908790483,0.047719762062128225,0.04325723342670095,0.047719762062128225,0.038801062220454804,
0.03910392364793213,0.04546659597030753,0.045970980202017266,0.04546659597030753,0.040612088180050285,
0.042088649217414176,0.04327239247665395,0.04114940584150416,0.04327239247665395,0.03382361069378597,
0.04170528266913809,0.04633920296570899,0.04757107451068454,0.04633920296570899,0.03912143208728433,
0.043863125908310215,0.0421455938697318,0.03967882021951259,0.0421455938697318,0.035582842190425124,
0.04152933421226104,0.04469347396176664,0.04216314858305851,0.04469347396176664,0.031648948458203145,
0.037690776376907764,0.05069674850696748,0.0473861248219509,0.05069674850696748,0.04327506897058495,
0.03622421998942359,0.05023796932839767,0.05529463769085396,0.05023796932839767,0.037393649524461774,
0.044511953506802274,0.05098401796328094,0.04966876239215126,0.05098401796328094,0.04173952597433191,
0.039309428950863215,0.04847277556440903,0.040520289174860155,0.04847277556440903,0.03827767629743033,
0.042368421052631576,0.049605263157894736,0.03953855694506755,0.049605263157894736,0.03353845958554122,
0.0400369978858351,0.04519027484143763,0.040717030960611716,0.04519027484143763,0.036192721177790856,
0.03744088281660536,0.04755648975302155,0.04690720571859417,0.04755648975302155,0.03896039765479349,
0.037363504801999736,0.043020655176950404,0.041213827496337195,0.043020655176950404,0.03741134289412944,
0.0391430838402539,0.04549061094948426,0.04469792881027249,0.04549061094948426,0.03497103388594231,
0.03792600450868585,0.04004773902665429,0.04087549200079209,0.04004773902665429,0.03548993611589424,
0.03983479882760458,0.04263256061817213,0.037405478044484186,0.04263256061817213,0.035031402243824575,
0.044043512868134786,0.04563544706818785,0.07934320640262985,0.04563544706818785,0.0357891601334369,
0.04066225165562914,0.04543046357615894,0.04731884227508982,0.04543046357615894,0.03645960901278031,
0.036968576709796676,0.04370213889622392,0.04510529596851677,0.04370213889622392,0.03725424417210897,
0.03831468071099407,0.045819618169848586,0.041018686236451475,0.045819618169848586,0.037836817214174166,
0.03971405877680699,0.04434736563410114,0.03874769554576966,0.04434736563410114,0.03356547067420994,
0.041112135986295956,0.04770061931743313,0.04190293289797645,0.04770061931743313,0.038261262323465384,
0.04088091784254253,0.04576025319794277,0.05077066317207903,0.04576025319794277,0.039512949475390184,
0.04109225874867444,0.04467126193001061,0.039792956626194684,0.04467126193001061,0.03323370398104632,
0.04302788844621514,0.04940239043824701,0.049727937785948056,0.04940239043824701,0.042507693756347976,
0.04589086127547666,0.04746877054569362,0.040549356908293505,0.04746877054569362,0.03767020330812561,
0.04033214709371293,0.04468169236852511,0.04128732430031171,0.04468169236852511,0.03606473618165824,
0.03979835500132661,0.04085964446802866,0.037183319975126874,0.04085964446802866,0.03600460863657465,
0.04002659574468085,0.04773936170212766,0.0375672868336543,0.04773936170212766,0.03362022817446328,
