Majority Class Accuracy,Accuracy,Precision,Recall,F Score,Support
0.011342653653389607,0.014376154049063571,0.013340005441768752,0.014376154049063571,0.009956857148795762,
0.011719778772715302,0.013958388201211482,0.010937275288917745,0.013958388201211482,0.00839535370967809,
0.010657894736842106,0.013289473684210526,0.014435164525992281,0.013289473684210526,0.009538470549968467,
0.011764705882352941,0.013086582947785856,0.016239984382479002,0.013086582947785856,0.008747870531566884,
0.013513513513513514,0.011283127787982157,0.008369416961425468,0.011283127787982157,0.0073059357580916315,
0.015291326127076193,0.012918534141840231,0.014606411915396142,0.012918534141840231,0.009431185994128153,
0.014095744680851063,0.011303191489361703,0.013630005151644552,0.011303191489361703,0.008506044659251474,
0.012783342119135477,0.013574064312071692,0.010048680051244206,0.013574064312071692,0.008597565494981758,
0.013180440226703572,0.012126005008567286,0.012012332908888868,0.012126005008567286,0.00846064681508932,
0.012678288431061807,0.012282091917591125,0.01174468858081227,0.012282091917591125,0.007972604019634096,
0.013091774662787622,0.012033853477915895,0.008788689150308572,0.012033853477915895,0.00778057829571888,
0.013349193761564895,0.010837959291567539,0.00929477869078902,0.010837959291567539,0.006729361851269271,
0.013627943900502778,0.011775602011114052,0.010411696142334163,0.011775602011114052,0.008140555795373724,
0.013671356517122379,0.01380408813379347,0.01494318868638349,0.01380408813379347,0.010195102265152682,
0.015270216438719958,0.014207940512548135,0.011202965749386593,0.014207940512548135,0.009420983438026392,
0.01193475666357247,0.014454316403659993,0.013889736243289421,0.014454316403659993,0.010123513831462334,
0.011084718923198733,0.013064133016627079,0.009605575636766067,0.013064133016627079,0.008251462351684554,
0.013499344692005243,0.01310615989515072,0.008897643860490032,0.01310615989515072,0.00851470848231186,
0.012317880794701986,0.013509933774834438,0.013522940671158092,0.013509933774834438,0.009808852656814557,
0.010474675152479448,0.01445239989392734,0.023598278220517712,0.01445239989392734,0.009992419388106967,
0.011218160221723637,0.014385640754916194,0.018068737919194142,0.014385640754916194,0.009954464114374265,
0.014195583596214511,0.01564143007360673,0.015285135530003019,0.01564143007360673,0.01062748096778339,
0.011879895561357703,0.014099216710182768,0.014786525417170768,0.014099216710182768,0.010288246523277521,
0.012781657662406114,0.01146396099617868,0.009726941060632073,0.01146396099617868,0.00793981189348589,
0.012894736842105263,0.014736842105263158,0.012748012069590428,0.014736842105263158,0.00983669352927346,
0.011218160221723637,0.013725748977167744,0.011599049975964204,0.013725748977167744,0.010033360437409194,
0.014527205493924987,0.014263074484944533,0.016087302283900397,0.014263074484944533,0.010143958978453467,
0.014268727705112961,0.01281543136477738,0.015105867615425048,0.01281543136477738,0.009154040154450817,
0.013476020610384463,0.011626370722684635,0.013908691479891447,0.011626370722684635,0.00874523399029153,
0.011702827087442472,0.015779092702169626,0.011709378476493792,0.015779092702169626,0.010335721427716882,
