Majority Class Accuracy,Accuracy,Precision,Recall,F Score,Support
0.010984647961884595,0.015616728427739545,0.01593517928515299,0.015616728427739545,0.013965106946353523,
0.010974481026047865,0.013354488959407643,0.011382065739290384,0.013354488959407643,0.011270412469468914,
0.010932560590094837,0.011986301369863013,0.011627825777429508,0.011986301369863013,0.010355533924424771,
0.011788079470198675,0.013509933774834438,0.013666356808622193,0.013509933774834438,0.012114922627262666,
0.014097496706192359,0.013438735177865613,0.013709239372013488,0.013438735177865613,0.012177328841240313,
0.012724649088285451,0.012724649088285451,0.01285969693596259,0.012724649088285451,0.011324209499871469,
0.010286166424897797,0.011473031781616775,0.011175647067931668,0.011473031781616775,0.010309073951140904,
0.014923419295719335,0.01387616180128289,0.014062592579707808,0.01387616180128289,0.012475699232224033,
0.012060967528164348,0.011795891318754142,0.012970502439509743,0.011795891318754142,0.010418732939470998,
0.011756935270805813,0.012813738441215323,0.012205902817033227,0.012813738441215323,0.01105672198263592,
0.010991921599788108,0.013508144616607072,0.012970677215310328,0.013508144616607072,0.01175437162593507,
0.011439212556530992,0.01263633945198191,0.013259473034116011,0.01263633945198191,0.011895472963647027,
0.011255296610169491,0.011784957627118644,0.011409398812582041,0.011784957627118644,0.010284153532602926,
0.011600316372264698,0.011468494595307145,0.011664818888411366,0.011468494595307145,0.010283031385637876,
0.012301587301587301,0.010714285714285714,0.01077909980173288,0.010714285714285714,0.009549992231857004,
0.012769353551476457,0.01223729715349827,0.013289419972739927,0.01223729715349827,0.01124495343186949,
0.013370399788191687,0.013502779984114376,0.01312490299357907,0.013502779984114376,0.011894847470259375,
0.014116393660940205,0.014782261286456252,0.015081109725232236,0.014782261286456252,0.013410826387130939,
0.016492941021242907,0.012666578704314554,0.012474740512837356,0.012666578704314554,0.01124456370315594,
0.013789445770352692,0.013524264120922832,0.013347075859613214,0.013524264120922832,0.011444082663040282,
0.015278331340507507,0.016075461671316595,0.01503339890604871,0.016075461671316595,0.014053473408789725,
0.01365546218487395,0.01050420168067227,0.009551311338010205,0.01050420168067227,0.009133773628001749,
0.011572856391372961,0.01170436612309311,0.011954283784936645,0.01170436612309311,0.010508334009511004,
0.011614095288372707,0.011878051999472087,0.010642636012411192,0.011878051999472087,0.010144352741635478,
0.012760866675528379,0.012627940980991625,0.011960410005472157,0.012627940980991625,0.011394291590890183,
0.012010030355021777,0.012801900488319915,0.013191954680251052,0.012801900488319915,0.012023255160903176,
0.012641559125625495,0.012509876218066896,0.012722811393840768,0.012509876218066896,0.011056283481740542,
0.010805112663064963,0.011727500329424167,0.011624562754313538,0.011727500329424167,0.010470763734053163,
0.011909487892020643,0.011247849675797275,0.010462395555294818,0.011247849675797275,0.009790112893907887,
0.011256787180505894,0.011256787180505894,0.009943151640615475,0.011256787180505894,0.009423348957878991,
