Majority Class Accuracy,Accuracy,Precision,Recall,F Score,Support
0.01849894291754757,0.01982029598308668,0.020870966292729585,0.01982029598308668,0.017119465112362765,
0.017216262746656073,0.01615680042378493,0.014433624085167324,0.01615680042378493,0.012755683487512008,
0.01899397432538643,0.021351847000261985,0.01925533062441313,0.021351847000261985,0.017017516093081764,
0.016469650684021783,0.021516801700092975,0.019980710443063352,0.021516801700092975,0.01779002657442381,
0.017969569779643233,0.017707240293809025,0.01686550932667445,0.017707240293809025,0.014838754117985659,
0.017345597897503284,0.022207621550591326,0.019393203509331575,0.022207621550591326,0.01741144947588867,
0.016248348745046236,0.02166446499339498,0.020123900406621188,0.02166446499339498,0.018649841566341776,
0.019172286129842654,0.02075895808541584,0.018961583784105937,0.02075895808541584,0.01725067561531986,
0.017257278355947835,0.018574627848768278,0.01846461649467862,0.018574627848768278,0.015924304867353918,
0.018731038121619838,0.023215934573275292,0.0229031316422781,0.023215934573275292,0.019795585108113203,
0.01942389006342495,0.02180232558139535,0.01912986280045691,0.02180232558139535,0.017798370223149326,
0.01888276947285602,0.019013899816417518,0.01856940126022401,0.019013899816417518,0.015695357647854014,
0.01692450085944731,0.022477852703953458,0.021477704667846598,0.022477852703953458,0.018963119751575302,
0.017145871801635452,0.020838828805064626,0.020511135255632227,0.020838828805064626,0.017130616610042865,
0.018491612732796196,0.02258618412362964,0.023281307913175217,0.02258618412362964,0.019853746025711164,
0.01925886571921902,0.020454243591446406,0.01975671879424482,0.020454243591446406,0.016534898356161426,
0.018201002374043786,0.023608546557636508,0.024398388774969266,0.023608546557636508,0.0208191689628396,
0.016841267736374486,0.024665163771383107,0.02370385260059818,0.024665163771383107,0.01982468383834631,
0.018738453417788334,0.02190551596727369,0.020012231184995174,0.02190551596727369,0.01720025270846708,
0.018905341089370704,0.01718667371760973,0.016196900501826397,0.01718667371760973,0.014018121794461571,
0.016969064090849757,0.020232345646782404,0.019066091021623075,0.020232345646782404,0.016531386068748495,
0.01868292036570823,0.0221279978799523,0.022302650194922113,0.0221279978799523,0.019486058245887575,
0.02207153304081904,0.022470416168062758,0.02060805703795644,0.022470416168062758,0.018873324179650347,
0.017501670006680025,0.019372077488309953,0.017684621824045073,0.019372077488309953,0.015512936297927743,
0.01778131634819533,0.021894904458598725,0.020151390702614198,0.021894904458598725,0.018065701202287836,
0.021900716750730024,0.020838863817361296,0.020284884717469583,0.020838863817361296,0.017135894291424498,
0.015656096590155235,0.023882181239219848,0.02379543382208973,0.023882181239219848,0.021196953837357094,
0.019912385503783353,0.020045134740475243,0.017166629767451688,0.020045134740475243,0.015696499409028918,
0.021152829190904283,0.021813855103120044,0.020734261864421125,0.021813855103120044,0.01845791861730279,
0.013477801268498943,0.023387949260042284,0.02264890625268968,0.023387949260042284,0.019693353817671854,
