Majority Class Accuracy,Accuracy,Precision,Recall,F Score,Support
0.4705260375363468,0.4705260375363468,0.22139475199965566,0.4705260375363468,0.3011095979919818,
0.47781299524564186,0.47781299524564186,0.22830525842561178,0.47781299524564186,0.3089771969256,
0.48026315789473684,0.48026315789473684,0.2306527008310249,0.48026315789473684,0.31163742690058477,
0.47845744680851066,0.47845744680851066,0.2289215284065188,0.47845744680851066,0.30967618161846033,
0.47972344103177766,0.47972344103177766,0.23013457987536948,0.47972344103177766,0.3110507997560704,
0.46386420899085,0.46386420899085,0.215170004382707,0.46386420899085,0.29397536063954954,
0.4895132568262762,0.4895132568262762,0.23962322860866786,0.4895132568262762,0.32174702374819536,
0.4754205241882905,0.4754205241882905,0.22602467481946892,0.4754205241882905,0.3063867841255868,
0.47795182308806106,0.47795182308806106,0.22843794519320124,0.47795182308806106,0.30912772882663875,
0.48420074349442377,0.48420074349442377,0.23445036000055278,0.48420074349442377,0.3159280993870943,
0.4816186194128537,0.4816186194128537,0.23195649456514325,0.4816186194128537,0.3131122834526264,
0.4832391218614434,0.4832391218614434,0.23352004889741895,0.4832391218614434,0.31487849188383693,
0.4905935347111818,0.4905935347111818,0.24068201630041153,0.4905935347111818,0.3229344696534541,
0.4730956453098277,0.4730956453098277,0.22381948961112225,0.4730956453098277,0.3038763848413218,
0.47571011414919034,0.47571011414919034,0.2263001127038357,0.47571011414919034,0.3066999548679076,
0.4758638881561593,0.4758638881561593,0.2264464400510977,0.4758638881561593,0.3068662928449371,
0.48889182755884686,0.48889182755884686,0.23901521905382928,0.48889182755884686,0.3210645859286006,
0.4808808016877637,0.4808808016877637,0.2312463454318663,0.4808808016877637,0.3123091948633736,
0.46828234670904517,0.46828234670904517,0.2192883562393304,0.46828234670904517,0.29870052817952264,
0.47808291523633484,0.47808291523633484,0.22856327384087252,0.47808291523633484,0.3092698947870957,
0.4839091028503875,0.4839091028503875,0.2341680198214669,0.4839091028503875,0.3156096547580468,
0.48373766995467876,0.48373766995467876,0.2340021333331817,0.48373766995467876,0.3154225144668995,
0.475531914893617,0.475531914893617,0.22613060208239022,0.475531914893617,0.3065072328153523,
0.4919141039236479,0.4919141039236479,0.2419794856390055,0.4919141039236479,0.3243879590689751,
0.4823794382617912,0.4823794382617912,0.23268992245776124,0.4823794382617912,0.3139411090734081,
0.4727850615812475,0.4727850615812475,0.223525714454384,0.4727850615812475,0.3035415286116453,
0.48592394929953303,0.48592394929953303,0.23612208450285516,0.48592394929953303,0.31781180270250503,
0.48484049564988135,0.48484049564988135,0.23507030622202263,0.48484049564988135,0.31662701402703547,
0.46506087877183694,0.46506087877183694,0.21628162096403322,0.46506087877183694,0.29525274218685366,
0.48094924192485167,0.48094924192485167,0.2313121733080895,0.48094924192485167,0.31238366145141255,
