Majority Class Accuracy,Accuracy,Precision,Recall,F Score,Support
0.2720519962859796,0.2720519962859796,0.07401228868318666,0.2720519962859796,0.11636676629458688,
0.2737312647909545,0.2737312647909545,0.07492880532405564,0.2737312647909545,0.11765245526316419,
0.2717060922426325,0.2717060922426325,0.07382420056176192,0.2717060922426325,0.11610261366535433,
0.26827978315483275,0.26827978315483275,0.07197404204960409,0.26827978315483275,0.11349868223960709,
0.26635145784081954,0.26635145784081954,0.07094309909392987,0.26635145784081954,0.11204330149371126,
0.2717506631299735,0.2717506631299735,0.07384842291158032,0.2717506631299735,0.11613663755413821,
0.2631439544431201,0.2631439544431201,0.06924474075996288,0.2631439544431201,0.10963871618336751,
0.2683152605130918,0.2683152605130918,0.07199307902420832,0.2683152605130918,0.11352552676072636,
0.27105888566147346,0.27105888566147346,0.07347291949603975,0.27105888566147346,0.11560899392604237,
0.26438610448156985,0.26438610448156985,0.06990001224293957,0.26438610448156985,0.11056751097656256,
0.2711528291909043,0.2710206240084611,0.07351716702041447,0.2710206240084611,0.11566027878513396,
0.26030859271082735,0.26030859271082735,0.0677605634390914,0.26030859271082735,0.10753011418154915,
0.2668339054660681,0.2665698442038553,0.07118626521352954,0.2665698442038553,0.11236576392449506,
0.25985804416403785,0.25985804416403785,0.06752620311675904,0.25985804416403785,0.10719652651273924,
0.2613889982932913,0.2613889982932913,0.06832420842877025,0.2613889982932913,0.10833170183221129,
0.27217368281705057,0.27217368281705057,0.07407851361819645,0.27217368281705057,0.11645974856854442,
0.2700253232040517,0.2700253232040517,0.07291367517145259,0.2700253232040517,0.11482239580468229,
0.2691950669672457,0.2691950669672457,0.0724659840794999,0.2691950669672457,0.11419203551217404,
0.27059291683247116,0.27059291683247116,0.07322052663990465,0.27059291683247116,0.11525410801508323,
0.2731457127827459,0.2731457127827459,0.07460858041159432,0.2731457127827459,0.11720352142335777,
0.2628298634133404,0.2628298634133404,0.06907953710187517,0.2628298634133404,0.10940434511923569,
0.27244992704602733,0.27244992704602733,0.07422896274738562,0.27244992704602733,0.11667093717346817,
0.2658944320126366,0.2658944320126366,0.07069984897532261,0.2658944320126366,0.1116994390486692,
0.2758075148319051,0.2758075148319051,0.07606978523775154,0.2758075148319051,0.11924962716303512,
0.271779303062302,0.271779303062302,0.07386398957303061,0.271779303062302,0.11615850233633208,
0.27417413401096696,0.27417413401096696,0.07517145576066368,0.27417413401096696,0.11799243722525081,
0.2582059800664452,0.2582059800664452,0.06667032814207348,0.2582059800664452,0.10597681015401415,
0.2686527814394938,0.2686527814394938,0.07217431697517641,0.2686527814394938,0.11378104085072493,
0.26243681830274007,0.26243681830274007,0.06887308360086541,0.26243681830274007,0.10911133547809634,
0.26873419406362303,0.26873419406362303,0.072218067059025,0.26873419406362303,0.11384270621369175,
