Majority Class Accuracy,Accuracy,Precision,Recall,F Score,Support
0.4821570182394925,0.42003700766587365,0.2796213629028981,0.42003700766587365,0.32572611146062713,
0.48170167789668383,0.4271370062095389,0.28306358732530046,0.4271370062095389,0.32671955438786926,
0.4761716692996314,0.42627698788836227,0.2733179510605193,0.42627698788836227,0.32009508721764657,
0.4870946393117141,0.43189940436796825,0.2881467152391778,0.43189940436796825,0.33229132597319544,
0.46904761904761905,0.412962962962963,0.2629709535649959,0.412962962962963,0.3082675537408384,
0.47809878844361603,0.4232459060045267,0.2737439039237864,0.4232459060045267,0.3203900215211252,
0.47908897176345233,0.42408098028769314,0.2743489252405614,0.42408098028769314,0.32099119108605756,
0.4767195767195767,0.4203703703703704,0.2752555357520137,0.4203703703703704,0.32232076022136696,
0.4789515488482923,0.4168652369605507,0.27413370835656364,0.4168652369605507,0.32000613593741556,
0.4706582077716098,0.4267776896642876,0.27095699605381407,0.4267776896642876,0.31691333904847535,
0.4801276086667553,0.4223049315432673,0.2744501191962086,0.4223049315432673,0.3208193096577616,
0.4796267087276551,0.42218717139852785,0.2747046432586312,0.42218717139852785,0.322645413600597,
0.47663798808735935,0.4259430840502978,0.2704586193643792,0.4259430840502978,0.319998565202175,
0.49102191708476367,0.4272511222603644,0.27654466809290557,0.4272511222603644,0.3267468000583084,
0.4759819532908705,0.42701698513800423,0.26604564012207993,0.42701698513800423,0.3168593278008525,
0.47531512605042014,0.41320903361344535,0.27415187426048687,0.41320903361344535,0.3209691478961024,
0.4754316069057105,0.399601593625498,0.26579521935209505,0.399601593625498,0.31222391107064745,
0.47549407114624503,0.42635046113306985,0.2753874036170827,0.42635046113306985,0.31982224099449025,
0.4723028224742812,0.421392772355579,0.2816578479733633,0.421392772355579,0.3236099631987077,
0.4757925454304284,0.43334659769200157,0.274536716446255,0.43334659769200157,0.3226264068439873,
0.4832979851537646,0.41304347826086957,0.27127113443223894,0.41304347826086957,0.3195275930336586,
0.48205128205128206,0.4199868507560815,0.2789849015944923,0.4199868507560815,0.3191604236881648,
0.47702523240371847,0.4098273572377158,0.27164097943325793,0.4098273572377158,0.3190122184313855,
0.47517259691980884,0.4033457249070632,0.2680267437343984,0.4033457249070632,0.31353516171493717,
0.47418027346342756,0.42134607726005574,0.2744007425932437,0.42134607726005574,0.3201280659980476,
0.4757114493712773,0.4271343481138319,0.2805660943298022,0.4271343481138319,0.3232532735059683,
0.47546620817352203,0.4147599523872504,0.2773594957685943,0.4147599523872504,0.31708001796832136,
0.472454533386433,0.42400106199389354,0.27297875012102363,0.42400106199389354,0.3182611994679376,
0.4752240379546653,0.41117554032683185,0.27385652622323076,0.41117554032683185,0.3121244406076651,
0.4840031729243786,0.44288736118455846,0.2812380453988094,0.44288736118455846,0.33061604317398524,
