Majority Class Accuracy,Accuracy,Precision,Recall,F Score,Support
0.10067291199366671,0.11030478955007257,0.11105984443317349,0.11030478955007257,0.10730034506587394,
0.10198972196600342,0.10488865463170378,0.10367127240621672,0.10488865463170378,0.10265347503021882,
0.09614625805603051,0.11258713665658293,0.11061424955165373,0.11258713665658293,0.10908371867793627,
0.10350276534105873,0.10679483803002371,0.1046603723670598,0.10679483803002371,0.10405221794883378,
0.10492676431424768,0.11131824234354194,0.11139233500905664,0.11131824234354194,0.10882155446773573,
0.10770243581303489,0.11507570770243582,0.11491696074354629,0.11507570770243582,0.11404034999802003,
0.09740946338884483,0.10626486915146709,0.1048803170098237,0.10626486915146709,0.10341489411588897,
0.09744748737038021,0.10808295666046264,0.10885711188612048,0.10808295666046264,0.1077608754532298,
0.0979020979020979,0.1134714342261512,0.111623358597805,0.1134714342261512,0.1107635349327634,
0.09835630965005303,0.11399787910922587,0.11309836222414074,0.11399787910922587,0.11164073066486686,
0.10365773141423479,0.11435362471939786,0.11431333062326791,0.11435362471939786,0.11310376339079406,
0.09836934906535862,0.10764947633567547,0.10750256189787698,0.10764947633567547,0.10571758350637137,
0.10816138783020107,0.10802996451570508,0.10820635640052509,0.10802996451570508,0.10654182513880496,
0.09601162176439514,0.11146328578975172,0.11011679081788972,0.11146328578975172,0.10695826047920835,
0.10380714003425108,0.11460940587537874,0.11475000609302335,0.11460940587537874,0.11321822590448691,
0.10354834454557446,0.10605461020973486,0.10484126403592216,0.10605461020973486,0.10431367148724957,
0.10482485128883014,0.10786516853932585,0.10552892492052614,0.10786516853932585,0.1056353215627493,
0.0989837666622674,0.10822225155074568,0.10763954037203168,0.10822225155074568,0.1066162421122059,
0.09601162176439514,0.1152931854199683,0.11361430656115104,0.1152931854199683,0.11179898608422882,
0.09736388925685521,0.11193535567624852,0.11174132548557562,0.11193535567624852,0.11048531282319822,
0.09688900606380174,0.10598470867387293,0.10446180773954213,0.10598470867387293,0.10424794970073438,
0.09860452869931544,0.10571353343865192,0.10517202225121049,0.10571353343865192,0.10302396881177338,
0.09757068896853843,0.10593389088012745,0.10604027073940946,0.10593389088012745,0.1049349850795796,
0.10164581961816985,0.10875576036866359,0.10721230822422721,0.10875576036866359,0.10497081074798789,
0.10310771661838293,0.11219383723992626,0.11172408233064011,0.11219383723992626,0.11025328826808084,
0.10263192699378389,0.11003835471498478,0.10952123322686338,0.11003835471498478,0.10782318221009833,
0.09878979215995791,0.10549855301236517,0.10413690580898793,0.10549855301236517,0.10366938904133588,
0.10407597942223981,0.10737369740139824,0.10529748997259344,0.10737369740139824,0.10504640430924006,
0.10368294635708566,0.10902054977315186,0.10717817147805882,0.10902054977315186,0.10682675305740233,
0.10298826040554962,0.1073906083244397,0.10537722425355465,0.1073906083244397,0.10386027002644826,
