Majority Class Accuracy,Accuracy,Precision,Recall,F Score,Support
0.05199468085106383,0.05066489361702128,0.051107930208678196,0.05066489361702128,0.04282008471367228,
0.052652519893899206,0.05305039787798409,0.05132696822211806,0.05305039787798409,0.04312724838748139,
0.051889898590807323,0.05281180034242065,0.05117812425922187,0.05281180034242065,0.04269173182665189,
0.04902219873150106,0.04849365750528541,0.04902430762316635,0.04849365750528541,0.040848390790016176,
0.04976713240186294,0.05482368596141051,0.054741182330239786,0.05482368596141051,0.04547133022770331,
0.04971420975674598,0.05383490628738535,0.05384963759258084,0.05383490628738535,0.045306871092462196,
0.05144059992106302,0.04946717537166162,0.04956730065223196,0.04946717537166162,0.03859332504025324,
0.054747421317111876,0.053028299391695316,0.051331629291552085,0.053028299391695316,0.04359295463500156,
0.049132947976878616,0.055176037834997374,0.056600443272045574,0.055176037834997374,0.04666468566885311,
0.04832762707400579,0.05609691861996313,0.05495597934611977,0.05609691861996313,0.04597172074234583,
0.05026315789473684,0.05171052631578947,0.04786603140510603,0.05171052631578947,0.03944650219902774,
0.04913026158544682,0.055105563670163324,0.05591084761444564,0.055105563670163324,0.044978602515452146,
0.053792004250232436,0.05206534732368177,0.04761634365273545,0.05206534732368177,0.040103810981581244,
0.05197203535153674,0.05052103944070703,0.04894259258883042,0.05052103944070703,0.04071260007613633,
0.04767549058343211,0.050967996839193994,0.04903142984400937,0.050967996839193994,0.041563188508289876,
0.049681190223166846,0.05100956429330499,0.05076477843043361,0.05100956429330499,0.04070495077784014,
0.04865438154580406,0.05369216492111892,0.048676981360438375,0.05369216492111892,0.04263639555919246,
0.04597093791281374,0.052311756935270806,0.05428419959059287,0.052311756935270806,0.04152592986275976,
0.05307855626326964,0.05427282377919321,0.045791233149618214,0.05427282377919321,0.03842830174148596,
0.049586776859504134,0.05325987144168962,0.05066786623365072,0.05325987144168962,0.04111903758965388,
0.049102428722280884,0.052006335797254485,0.048584850129241935,0.052006335797254485,0.0408947617564673,
0.04948805460750853,0.046993961669729585,0.04691698581716258,0.046993961669729585,0.040471225943829424,
0.04837852206273259,0.05303030303030303,0.05329640291571751,0.05303030303030303,0.04252999443908862,
0.046206805242949824,0.05375347544022243,0.0543872141644941,0.05375347544022243,0.04346789008549941,
0.05296694544006372,0.05110845612637727,0.05063504675562039,0.05110845612637727,0.04152632127569158,
0.052624584717607975,0.04970099667774086,0.05102786889058499,0.04970099667774086,0.0419893264510461,
0.05102040816326531,0.05102040816326531,0.05289102419553966,0.05102040816326531,0.04313794201259881,
0.049162901939941536,0.05886260961998405,0.05204026761110722,0.05886260961998405,0.047222949468294806,
0.05136713565171224,0.05030528271834351,0.052026494792838406,0.05030528271834351,0.04142173799417143,
0.045454545454545456,0.05589323467230444,0.05885123214818158,0.05589323467230444,0.04695386914620554,
