Majority Class Accuracy,Accuracy,Precision,Recall,F Score,Support
0.17159060933790557,0.17225006594566078,0.04701632563333716,0.17225006594566078,0.05446359320182532,
0.17002118644067796,0.16551906779661016,0.04436140095615357,0.16551906779661016,0.060846839197928784,
0.16429886871875823,0.16508813470139436,0.047620305413442254,0.16508813470139436,0.049456792499040655,
0.17243657505285412,0.17137949260042284,0.04472227416769381,0.17137949260042284,0.05423093700402597,
0.17320650019817677,0.17320650019817677,0.03000049171090101,0.17320650019817677,0.05114273012608327,
0.16838215888097124,0.16864608076009502,0.04379170774842163,0.16864608076009502,0.05261141641502606,
0.1674818241903503,0.1674818241903503,0.028050161434127405,0.1674818241903503,0.04805241649664262,
0.17241833508956797,0.172550052687039,0.1494632946036284,0.172550052687039,0.050981258207344796,
0.17145125016536578,0.17171583542796667,0.04658137123129694,0.17171583542796667,0.05226543945414881,
0.17359639830508475,0.17333156779661016,0.049890430866069695,0.17333156779661016,0.0525367516259241,
0.16488307570352756,0.16488307570352756,0.0271864286534552,0.16488307570352756,0.04667666518725244,
0.17465346534653464,0.17425742574257425,0.039668096149301786,0.17425742574257425,0.054249611300726926,
0.1687847498014297,0.1689171299973524,0.04030407446607899,0.1689171299973524,0.05061297894665521,
0.17239569666754131,0.17187090002623984,0.04864118203633327,0.17187090002623984,0.06256479133325087,
0.17306680694371385,0.17306680694371385,0.029956059178998736,0.17306680694371385,0.05107207488236964,
0.1690233910400423,0.1690233910400423,0.028568906718675048,0.1690233910400423,0.04887653564101608,
0.17719344608879492,0.1767970401691332,0.04094451962225121,0.1767970401691332,0.05436543736790665,
0.17325227963525835,0.17312012686665787,0.04578378260035082,0.17312012686665787,0.0524208701725181,
0.17813284035388882,0.1757559751749637,0.04982161290670524,0.1757559751749637,0.06457750872641327,
0.16984858459512836,0.17011191573403556,0.07479249662379295,0.17011191573403556,0.04987155922056531,
0.17008142894667716,0.16968741791436828,0.04125660502460529,0.16968741791436828,0.050904950012731306,
0.17622841965471447,0.17622841965471447,0.031056455893998157,0.17622841965471447,0.05280684495468129,
0.16657873911896598,0.1653917172250066,0.04897756437837799,0.1653917172250066,0.05744628100402907,
0.1688208915853337,0.16987602215774203,0.046051799196121145,0.16987602215774203,0.053009899187385134,
0.17298958055036068,0.17298958055036068,0.062148572986784306,0.17298958055036068,0.05331821589649368,
0.16556203605514316,0.1658271474019088,0.04871845655452475,0.1658271474019088,0.04883846031345493,
0.16781183932346724,0.16781183932346724,0.028164534946584295,0.16781183932346724,0.048233797881815865,
0.1741267100544561,0.17439234958161776,0.04389169053482542,0.17439234958161776,0.053058292775423316,
0.17750299162345431,0.17750299162345431,0.042958272326012785,0.17750299162345431,0.055397231515593046,
0.17308700209643607,0.1733490566037736,0.04755310154281434,0.1733490566037736,0.05167377786786767,
