Majority Class Accuracy,Accuracy,Precision,Recall,F Score,Support
0.02391904323827047,0.025364699697726378,0.0184435507438848,0.025364699697726378,0.01664944355694138,
0.022546419098143235,0.01989389920424403,0.0196061618459583,0.01989389920424403,0.015496305370489875,
0.02374635181745821,0.025603608384186786,0.027964707806459547,0.025603608384186786,0.019878249677925383,
0.023806374818145747,0.019574130406030947,0.018577030867772026,0.019574130406030947,0.014031142771697817,
0.0234810294507827,0.024011674184133722,0.018154639376110775,0.024011674184133722,0.016811053043846613,
0.02578341927806426,0.02261007536691789,0.023891352554817016,0.02261007536691789,0.016826610794446837,
0.020295927720309023,0.023962288856880974,0.024177003297983682,0.023962288856880974,0.01793717703570618,
0.024377318494965553,0.02318494965553789,0.021539160378078227,0.02318494965553789,0.017084850104300286,
0.02347724011999478,0.025564105908438762,0.02300695139840974,0.025564105908438762,0.017754663510776397,
0.022274633123689727,0.024240041928721173,0.02561627639983268,0.024240041928721173,0.018218400621435073,
0.019910337552742616,0.024789029535864978,0.02146419821041024,0.024789029535864978,0.0179690141297253,
0.022844999335901183,0.018196307610572452,0.019700298252471632,0.018196307610572452,0.014168883056994491,
0.021542099041113885,0.021410744778668066,0.01980442659272162,0.021410744778668066,0.01582954144831022,
0.02030323005932762,0.022544495715227424,0.02252126660877675,0.022544495715227424,0.017508823776348947,
0.02292490118577075,0.025823451910408433,0.025659047544954898,0.025823451910408433,0.01939237866078128,
0.02221032914102221,0.024083489430024082,0.02294717092765988,0.024083489430024082,0.0186961775949135,
0.02077783697389451,0.02637187000532765,0.026636755236765036,0.02637187000532765,0.019653880925330797,
0.021592263876010067,0.023049410517949398,0.021860205660018155,0.023049410517949398,0.016395636715830025,
0.01971942826892536,0.02263102170460561,0.0224334137503226,0.02263102170460561,0.01668547296298321,
0.021484117569526822,0.02372479240806643,0.02138345954443329,0.02372479240806643,0.01711487036183414,
0.02306577039673125,0.027283511269276393,0.025385844456335047,0.027283511269276393,0.01919429035670693,
0.025549377813079165,0.023166534286470745,0.024910865028344907,0.023166534286470745,0.018565291102507486,
0.02315180215732702,0.025519600105235463,0.023022330216146077,0.025519600105235463,0.018871319669786075,
0.02520228146969094,0.023610558429499932,0.02218451923194532,0.023610558429499932,0.01768788110719741,
0.023301479251210892,0.02303966487760178,0.025942209227488716,0.02303966487760178,0.017812615778438415,
0.021796218487394957,0.0235031512605042,0.02024626089674497,0.0235031512605042,0.017556462890190482,
0.019000797236247674,0.024581450969970768,0.02166868301281035,0.024581450969970768,0.017846439376986767,
0.022838932412694198,0.023237285885008632,0.020828700988536945,0.023237285885008632,0.016670278430708216,
0.02362824888422158,0.02087161984772906,0.01989180608328526,0.02087161984772906,0.014979957873637637,
0.02066772655007949,0.02318494965553789,0.025726374922741792,0.02318494965553789,0.017985286774016288,
