Majority Class Accuracy,Accuracy,Precision,Recall,F Score,Support
0.1977296726504752,0.20432946145723338,0.20428217500664475,0.20432946145723338,0.19960459273183087,
0.20229915433403806,0.20348837209302326,0.2038262912933995,0.20348837209302326,0.19837735675997664,
0.19528975919555439,0.2009790949986769,0.20076051661186,0.2009790949986769,0.1973971871230825,
0.20494281582752727,0.2134875772314973,0.21299979674682082,0.2134875772314973,0.2078184232526484,
0.20306513409961685,0.20597172678028802,0.20657655081488602,0.20597172678028802,0.20317807803400426,
0.21036625677641146,0.2038873462911543,0.201825169483652,0.2038873462911543,0.19854467688921462,
0.20257021727609964,0.2066772655007949,0.20676139909350907,0.2066772655007949,0.20412163843285888,
0.21106719367588933,0.2054018445322793,0.20347069000330514,0.2054018445322793,0.20208744779694054,
0.20190274841437633,0.20969873150105708,0.20984909232363347,0.20969873150105708,0.2051548227653556,
0.19741746538871138,0.20939829605963792,0.20857375824387933,0.20939829605963792,0.20613200962407163,
0.2054794520547945,0.2107993084186727,0.20928079714932074,0.2107993084186727,0.20727328667211448,
0.20752972258916777,0.2023778071334214,0.20453480744334612,0.2023778071334214,0.19896654572321248,
0.20724980299448384,0.2033096926713948,0.2029137836790527,0.2033096926713948,0.1992953112161361,
0.19875858425779186,0.2056259904912837,0.20567444565726534,0.2056259904912837,0.20390007914119268,
0.20565211622661536,0.20883640705851134,0.20845901694120855,0.20883640705851134,0.20393147646259882,
0.2,0.2094289508632138,0.21037013297435742,0.2094289508632138,0.20564901421008724,
0.19482735985296049,0.2066430353157411,0.20426031100429565,0.2066430353157411,0.20221300698658276,
0.20709276167791452,0.2057694852454678,0.20561925979668136,0.2057694852454678,0.20221001319675053,
0.19291754756871035,0.20124207188160675,0.2002072559754869,0.20124207188160675,0.19581397230115266,
0.19451731374606507,0.20527282266526758,0.2042169854306666,0.20527282266526758,0.19937960841458782,
0.19832657863773043,0.20486338083409597,0.20681334134895563,0.20486338083409597,0.20056204685229495,
0.1952450524638066,0.20879266834905033,0.20929028078405884,0.20879266834905033,0.2066195470152284,
0.21080438515387664,0.21238938053097345,0.21209792611599312,0.21238938053097345,0.21053035413218174,
0.2036109646810754,0.20057986294148655,0.20025216912490218,0.20057986294148655,0.19535880615664228,
0.20366948257655754,0.2074973600844773,0.20783744169958643,0.2074973600844773,0.20489401279881767,
0.20225613802256137,0.2053085600530856,0.20631975351453224,0.2053085600530856,0.20075298808936862,
0.20082677690358713,0.22029603947192958,0.21992571059792643,0.22029603947192958,0.2136860815360764,
0.19596923892866613,0.20631132325643065,0.2058091040938448,0.20631132325643065,0.20214526427195842,
0.20308584992746934,0.20585520242648028,0.20482110141935492,0.20585520242648028,0.20241764142212249,
0.20069066277062028,0.20773011024040378,0.20779367620981354,0.20773011024040378,0.2014068363584197,
