Majority Class Accuracy,Accuracy,Precision,Recall,F Score,Support
0.024666666666666667,0.028666666666666667,0.03185271579492431,0.028666666666666667,0.021718701182560866,
0.024225575853852262,0.025814138204924543,0.021732657269256366,0.025814138204924543,0.02085434679105882,
0.023629364131156246,0.03305455993628036,0.03171117201970828,0.03305455993628036,0.024789101307534023,
0.024596667548267653,0.029621793176408357,0.026006395373358623,0.029621793176408357,0.022593855709932973,
0.0222310440651052,0.025803890432711394,0.02308521946712125,0.025803890432711394,0.020237683918106934,
0.026016904384574747,0.027073428420496565,0.0296574098670926,0.027073428420496565,0.020723740354222496,
0.023592988005799394,0.031501252141821534,0.026881957905111848,0.031501252141821534,0.023102486107835947,
0.02626343016315161,0.027457222443294866,0.023803025242452643,0.027457222443294866,0.020435509190698004,
0.024920886075949368,0.027294303797468354,0.026416301386231026,0.027294303797468354,0.021748524535496336,
0.028018942383583267,0.024993422783478034,0.023200933636813737,0.024993422783478034,0.018373838897135467,
0.024543903399396248,0.027037668985431158,0.024497955240392933,0.027037668985431158,0.01905891652773527,
0.02524916943521595,0.02910299003322259,0.027432006133918056,0.02910299003322259,0.022697444529449013,
0.023696682464454975,0.02962085308056872,0.03217637819831281,0.02962085308056872,0.02550013897371576,
0.028378199177827874,0.027317331918843654,0.023060404536511942,0.027317331918843654,0.02156776603482118,
0.026661413186235883,0.029682164433937484,0.02535460097496133,0.029682164433937484,0.023143101508054632,
0.026806833114323258,0.02483574244415243,0.021645900818804298,0.02483574244415243,0.019946065460398947,
0.023194168323392977,0.0292909211398277,0.02563632252875126,0.0292909211398277,0.02326581920196375,
0.023689113654511578,0.025685387277082777,0.023136561191857266,0.025685387277082777,0.021267660485762546,
0.024990083300277667,0.02710564590770858,0.024092670950962666,0.02710564590770858,0.02242927446765898,
0.026149802890932983,0.026806833114323258,0.025671239700442404,0.026806833114323258,0.021525735167832336,
0.0265311510031679,0.029303062302006334,0.02479812247973449,0.029303062302006334,0.02163827924326327,
0.026412614980289094,0.030749014454664915,0.02742225138123613,0.030749014454664915,0.02475240455708072,
0.02260111022997621,0.03000264340470526,0.026664137201310775,0.03000264340470526,0.021684900352646874,
0.02382528127068167,0.026869622766379882,0.021891095755891644,0.026869622766379882,0.021064973383384943,
0.028268082282680823,0.03171864631718646,0.03257352053969352,0.03171864631718646,0.02688424955635282,
0.023903856312731113,0.026281035393555204,0.021921818742523302,0.026281035393555204,0.020491070716315028,
0.024139295607439652,0.025722200237435693,0.023661725803418084,0.025722200237435693,0.020977265272023198,
0.024644175013178702,0.028861360042171852,0.028942507610291872,0.028861360042171852,0.022918575508788872,
0.02356055592322965,0.026604897418927864,0.02404407253832818,0.026604897418927864,0.020057290342623872,
0.02344573234984194,0.028055848261327714,0.02259073515338737,0.028055848261327714,0.021002563014317445,
