Majority Class Accuracy,Accuracy,Precision,Recall,F Score,Support
0.33469927296761404,0.3339061467283543,0.1520932391221528,0.3339061467283543,0.17072470856532915,
0.33541362368875316,0.333156287345638,0.19221859098554941,0.333156287345638,0.17467283534435002,
0.3389897395422257,0.3372796632465141,0.14417007238723623,0.3372796632465141,0.17541366995518856,
0.34483209199006926,0.34483209199006926,0.15555787915843025,0.34483209199006926,0.17923614565197526,
0.3392596523815842,0.3388616160275972,0.13380028282921821,0.3388616160275972,0.17340887092787002,
0.34216772151898733,0.3416402953586498,0.1441094865836594,0.3416402953586498,0.17817989766894643,
0.3528164347249834,0.3513585155732273,0.15540760708380488,0.3513585155732273,0.18771515470163383,
0.34642094017094016,0.3453525641025641,0.14939124586066987,0.3453525641025641,0.18174779658774134,
0.34253701480592236,0.34133653461384555,0.14376830509454158,0.34133653461384555,0.17822140704433598,
0.33518005540166207,0.3325418810183353,0.13787039068098522,0.3325418810183353,0.1716056183275295,
0.3350916523803244,0.3341685348806541,0.14998178404569565,0.3341685348806541,0.17089952299208575,
0.33117996044825315,0.32669742913645355,0.13749430472591476,0.32669742913645355,0.17122206828769201,
0.328830618461131,0.3285657528804132,0.13359639059482534,0.3285657528804132,0.16613111211594922,
0.33981738785232235,0.33981738785232235,0.16023057069402763,0.33981738785232235,0.17829242002829873,
0.3453969092590147,0.3423590014529124,0.14137548633452285,0.3423590014529124,0.17978899089904132,
0.33883751651254956,0.33738441215323645,0.1458141604270023,0.33738441215323645,0.17674072635199276,
0.3410709575309945,0.3401477182801372,0.17650202711267382,0.3401477182801372,0.1806834372916849,
0.3413921360255048,0.34006376195536664,0.14814467288389435,0.34006376195536664,0.1801957043910922,
0.34229957805907174,0.34111286919831224,0.15106436729709644,0.34111286919831224,0.18006305052345817,
0.3448050248626014,0.34271133211201255,0.15483791308530148,0.34271133211201255,0.18060918462299705,
0.3494277068806736,0.3457439810551243,0.14648031589847138,0.3457439810551243,0.18701511625605832,
0.34350237717908083,0.342445853143159,0.1414016443547163,0.342445853143159,0.1772964456977222,
0.34228451663610165,0.3420225307833377,0.17224894322791207,0.3420225307833377,0.1794423227415007,
0.3536327608982827,0.3520475561426684,0.14976358049735328,0.3520475561426684,0.18758734751389392,
0.3471215913581873,0.3458042418653669,0.15423910358385803,0.3458042418653669,0.18503535407948177,
0.3326756116811365,0.3307024467245462,0.14580631206337222,0.3307024467245462,0.17200444144100285,
0.34298499605159255,0.3428533824690708,0.15205878052553168,0.3428533824690708,0.18018797437825257,
0.3402102496714849,0.3373193166885677,0.14407811133125548,0.3373193166885677,0.17672193395732952,
0.3418380977825274,0.340769436281058,0.15070304067501258,0.340769436281058,0.17941918388297895,
0.34163795388285184,0.3403127484760138,0.1682862767177193,0.3403127484760138,0.17786760878865698,
