Majority Class Accuracy,Accuracy,Precision,Recall,F Score,Support
0.2093237032173342,0.1550886408404465,0.08291291336308902,0.1550886408404465,0.10148754258405086,
0.21217322418801163,0.15804066543438078,0.08679667364836388,0.15804066543438078,0.10550057030324214,
0.21123030062243411,0.16262746656072044,0.0880767527387928,0.16262746656072044,0.10747764635697908,
0.20579671784012704,0.16543144520910535,0.08466325192434898,0.16543144520910535,0.10446901548904305,
0.2106312292358804,0.16,0.08480132194464908,0.16000000000000003,0.10612503528216864,
0.2078503688092729,0.16293466807165438,0.08883931951732657,0.16293466807165438,0.10634932456742571,
0.20010636883393165,0.15091078314053982,0.08369435255920513,0.15091078314053982,0.10028668529544679,
0.20899854862119013,0.16149887848001054,0.08920839705181444,0.16149887848001054,0.10833249203996376,
0.20710526315789474,0.1563157894736842,0.08454153497242303,0.1563157894736842,0.10184968215284561,
0.21369212504946578,0.16145627225959636,0.08986672358227983,0.16145627225959636,0.10404087472528663,
0.21165562913907285,0.16119205298013245,0.09164497841027527,0.16119205298013245,0.10926965740286988,
0.2128391793514229,0.16082064857710127,0.08665414518665263,0.16082064857710127,0.10540069540781828,
0.21638125580777912,0.16354705960440727,0.09298138988006946,0.16354705960440727,0.11106500592188007,
0.2130068457082675,0.17640863612427593,0.10205831207522065,0.17640863612427593,0.11586325464043802,
0.21030327108992186,0.16037610912461925,0.08551399554871571,0.16037610912461925,0.10513387716298629,
0.20055197792088317,0.16033644368510974,0.08228231593530647,0.16033644368510974,0.10114023590509959,
0.20983260840912085,0.162383023592988,0.0872799319310526,0.162383023592988,0.10590091283479304,
0.21136484333510355,0.17100371747211895,0.09089916686238259,0.17100371747211895,0.10984288212189382,
0.19580142593081595,0.1550039609189332,0.08323655532273673,0.1550039609189332,0.10056566992134172,
0.2120211360634082,0.1606340819022457,0.09351190344862433,0.1606340819022457,0.10526525480925834,
0.20470774927267918,0.1593493784713039,0.0926912673757664,0.1593493784713039,0.10711620307080616,
0.2040467744054658,0.16134542110103797,0.09346102788094938,0.16134542110103797,0.10232152170062252,
0.20770452740270057,0.1514429441355573,0.08369563991580735,0.1514429441355573,0.1023303255539438,
0.20212765957446807,0.1595744680851064,0.09070808780128539,0.1595744680851064,0.10921967959780945,
0.21232240074359315,0.15947417341654493,0.08573995099541891,0.15947417341654493,0.10487729257643945,
0.2073927392739274,0.16488448844884487,0.093320798207187,0.16488448844884487,0.11070901908286437,
0.2097457627118644,0.15452860169491525,0.08513918323049015,0.15452860169491525,0.10470441694487782,
0.20763157894736842,0.15657894736842104,0.09166349757365372,0.15657894736842104,0.10535103325417268,
0.20712401055408972,0.1575197889182058,0.08741410222975324,0.1575197889182058,0.10473534270246672,
0.2044668971018346,0.15753788885934591,0.08464987959607047,0.15753788885934591,0.10317641854092292,
