Majority Class Accuracy,Accuracy,Precision,Recall,F Score,Support
0.20823979928694045,0.20348606892909019,0.08545840140638988,0.20348606892909019,0.09261914353323096,
0.21179909646558598,0.20542120648418816,0.07331936249697969,0.20542120648418816,0.09357419312291652,
0.20978650046412942,0.20302347168810503,0.08063739121733159,0.20302347168810503,0.09289940131041088,
0.20687376074025116,0.20052875082617316,0.08070439878531042,0.20052875082617316,0.08973365688008128,
0.21169621593014024,0.20891770309605714,0.08003726967306082,0.20891770309605714,0.0965631858162048,
0.2105820105820106,0.20462962962962963,0.08655872590235208,0.20462962962962963,0.09678611281871288,
0.21313197636244255,0.20735390676296783,0.08679646973852827,0.20735390676296783,0.09485446414821325,
0.21326951203297434,0.21034436909985374,0.0790399470244994,0.21034436909985374,0.09505684855004733,
0.20763723150357996,0.19212410501193317,0.0821133857284476,0.19212410501193317,0.09797215282331515,
0.21236238227881682,0.20626077729141795,0.07896770585371748,0.20626077729141795,0.09522478821777648,
0.2108744542928959,0.2022754332583675,0.07753210678198884,0.2022754332583675,0.09511789565095725,
0.20613107822410148,0.18208245243128965,0.07911395577248731,0.18208245243128965,0.09138591081562378,
0.20568407138136152,0.20039656311962986,0.07883030505333069,0.20039656311962986,0.09153457738264249,
0.2102212855637513,0.19902528977871445,0.07281887743217706,0.19902528977871445,0.09057259943932544,
0.20728959575878064,0.19854208084824387,0.09940236193808766,0.19854208084824387,0.08977420632015819,
0.2074250231206236,0.19738406658739596,0.07342714879354978,0.19738406658739596,0.09181702649671168,
0.21062295081967214,0.20367213114754099,0.0803506104360385,0.20367213114754099,0.09097183970257433,
0.2083002907745176,0.20235263018768174,0.07331651507516547,0.20235263018768174,0.09195444869648706,
0.21442597198586202,0.2053933760963477,0.08013438095967058,0.2053933760963477,0.09718843366357335,
0.2073702285035002,0.1997094175141989,0.07537255718767323,0.1997094175141989,0.09047437509460225,
0.21552631578947368,0.21197368421052631,0.07657705356914672,0.21197368421052631,0.09594236504581279,
0.2086027180366803,0.20213748515635308,0.07129763702485604,0.20213748515635308,0.09454731362983337,
0.20653473236817638,0.2014875813521052,0.07927703462372224,0.2014875813521052,0.08973605453299266,
0.20686029701669076,0.19818635825995531,0.08501077032295233,0.19818635825995531,0.09407158892125445,
0.20304232804232805,0.19444444444444445,0.06778888807777365,0.19444444444444445,0.08411494415882498,
0.21290663845543506,0.20761703253107644,0.08067407321604386,0.20761703253107644,0.0957447399848155,
0.20174973488865325,0.19658006362672323,0.08420052808453628,0.19658006362672323,0.08802143724934708,
0.2134506764744516,0.21003546565086037,0.08821187932959974,0.21003546565086037,0.09431148783985326,
0.2188036445266077,0.21220124125181566,0.07737717334814866,0.21220124125181566,0.0980237819944221,
0.21568887709052295,0.20347756835678257,0.07400395668708319,0.20347756835678257,0.09646225505864169,
