Majority Class Accuracy,Accuracy,Precision,Recall,F Score,Support
0.20403825717321997,0.20217853347502657,0.061774159258667,0.20217853347502657,0.0765965141845166,
0.20450928381962866,0.20384615384615384,0.057476766152361726,0.20384615384615384,0.07033389105408316,
0.20108193693099352,0.20108193693099352,0.06108389609776186,0.20108193693099352,0.06812137985760797,
0.21205766710353866,0.21127129750982962,0.06093981937435398,0.21127129750982962,0.07752033529189445,
0.21115642678594923,0.21102486514932245,0.044588587225469004,0.21102486514932245,0.07362132563083634,
0.20890003961441964,0.20916413574541132,0.06012208749661733,0.20916413574541132,0.07284279778381197,
0.20639766392354658,0.2059994690735333,0.05388090633601707,0.2059994690735333,0.07110148553667,
0.21048451151707703,0.21021975112523167,0.05546954072177643,0.21021975112523167,0.07373323605361325,
0.20529450694904036,0.20542686962276638,0.09705059146830528,0.20542686962276638,0.0704547171483931,
0.2111925383077948,0.20932711525649567,0.06080874179849671,0.20932711525649567,0.07759284288812375,
0.21388343156516046,0.21388343156516046,0.06434637230652114,0.21388343156516046,0.07892410209423968,
0.21296660117878194,0.212573673870334,0.06753038197814827,0.212573673870334,0.07644710034199229,
0.21033161580129475,0.21019949795217333,0.04421744195822674,0.21019949795217333,0.07306497832748034,
0.20913302448709464,0.20926538716082066,0.10940008935751004,0.20926538716082066,0.07262380699839427,
0.20892951775304716,0.208664546899841,0.0436192988416025,0.208664546899841,0.07215524404364637,
0.20255498485447124,0.20295008560516264,0.06661779472065385,0.20295008560516264,0.07084118304337071,
0.2013396375098503,0.20120830049908064,0.048254709000153995,0.20120830049908064,0.06778311695766308,
0.21818181818181817,0.21844532279314888,0.08574248732497446,0.21844532279314888,0.07873728458343258,
0.20885327728884803,0.20885327728884803,0.043619691434292444,0.20885327728884803,0.0721670565879101,
0.208382916831945,0.20785402618008728,0.05673058964359409,0.20785402618008728,0.07282929575577218,
0.19796215429403202,0.19796215429403202,0.03918901453273414,0.19796215429403202,0.06542613118830706,
0.2142198815009875,0.2129032258064516,0.06251983322044816,0.2129032258064516,0.08171608772649726,
0.20502749410840534,0.2035873265252684,0.05205723909246766,0.2035873265252684,0.07051114694509956,
0.20691931863198204,0.20678727056648621,0.07027405769987749,0.20678727056648621,0.0724138343373527,
0.20812791472351766,0.2073284477015323,0.06454307734570049,0.2073284477015323,0.07726613039082415,
0.2096859329638427,0.2095539720242808,0.04395212005630705,0.2095539720242808,0.07266366864082535,
0.2081198265668112,0.20706871633162527,0.06162504967599046,0.20706871633162527,0.07390181742668588,
0.2056718791412669,0.2054068380598993,0.06398892205702418,0.2054068380598993,0.07571692046526476,
0.2055081967213115,0.20563934426229508,0.08802073376894322,0.20563934426229508,0.07035216363725798,
0.21117184375416612,0.21117184375416612,0.04459949340087988,0.21117184375416612,0.07364513441360614,
