Majority Class Accuracy,Accuracy,Precision,Recall,F Score,Support
0.01510493249565566,0.01844673172035824,0.014658829013473958,0.01844673172035824,0.011632035472796254,
0.015288487104493485,0.015288487104493485,0.01585836212601218,0.015288487104493485,0.010495593310047598,
0.016993808457383745,0.016862073508101698,0.018408342787133432,0.016862073508101698,0.01151747500896769,
0.014663143989431969,0.017437252311756937,0.015626545050863725,0.017437252311756937,0.011702596340340456,
0.015548172757475083,0.016079734219269105,0.017236188003451114,0.016079734219269105,0.010025672912792036,
0.016434393899552986,0.013673415724428083,0.011428568306322329,0.013673415724428083,0.009722279537336705,
0.015093340394545214,0.01535813584006355,0.018574984681687445,0.01535813584006355,0.010508374454346329,
0.016423597424779925,0.015766653527788728,0.014423967165011119,0.015766653527788728,0.010639548373092972,
0.01679672001058061,0.015209628356037562,0.02227123867709769,0.015209628356037562,0.011633984795068072,
0.014858645627876397,0.01604207758053912,0.02197438749610327,0.01604207758053912,0.01090445741858564,
0.013213530655391121,0.014534883720930232,0.009199673094121858,0.014534883720930232,0.00935360903466249,
0.014824619457313037,0.018927862342819325,0.022630049894107267,0.018927862342819325,0.013964202093134663,
0.01436857368837332,0.019377801212760348,0.01774669665577651,0.019377801212760348,0.012355499589804819,
0.01447558889327543,0.017765495459928938,0.021106277031396836,0.017765495459928938,0.011663892452181765,
0.014958962139263966,0.016547524490336245,0.015399474885595319,0.016547524490336245,0.011340207594589846,
0.0169826224328594,0.016587677725118485,0.01620701495290109,0.016587677725118485,0.011501356886387756,
0.01626449806692441,0.01559792027729636,0.01465093909527431,0.01559792027729636,0.009974676106157038,
0.015231788079470199,0.015099337748344372,0.012816793601217385,0.015099337748344372,0.009934561231289921,
0.014772424807026884,0.01703486824594091,0.016124440911754252,0.01703486824594091,0.010870067176240663,
0.014715630385788148,0.018162534800477265,0.01637143709924904,0.018162534800477265,0.01194388141445807,
0.012962962962962963,0.018121693121693122,0.017989465196384318,0.018121693121693122,0.011670528850102774,
0.01646198066370525,0.015416775542200157,0.014371349146608186,0.015416775542200157,0.010381344361580794,
0.018430753027909426,0.016192733017377565,0.015066955009498046,0.016192733017377565,0.01108939390380837,
0.013157894736842105,0.01661350345560872,0.017805898035492405,0.01661350345560872,0.011622561167187417,
0.01574074074074074,0.015608465608465608,0.012750764721815595,0.015608465608465608,0.01041545769362502,
0.014419896811747586,0.017859505225558937,0.016315992131486295,0.017859505225558937,0.011959813523089087,
0.013686011317278588,0.015528358994604554,0.017736421887576213,0.015528358994604554,0.011716788501447317,
0.01555023923444976,0.01648059542796385,0.010794017999953252,0.01648059542796385,0.010052181795010473,
0.014408460013218771,0.015862524785194978,0.009992610310680642,0.015862524785194978,0.009276733152296102,
0.01619913077834848,0.01738443303042276,0.01539030939674334,0.01738443303042276,0.012246572286926754,
