Majority Class Accuracy,Accuracy,Precision,Recall,F Score,Support
0.010530472554955903,0.010793734368829801,0.010944396664642388,0.010793734368829801,0.009929337116647112,
0.012094123833311423,0.011042460891284344,0.010048401547091614,0.011042460891284344,0.009439219036548378,
0.013736626601505746,0.011491216483951922,0.01128132867302534,0.011491216483951922,0.010025869841682597,
0.012738853503184714,0.01167728237791932,0.010283072322817822,0.01167728237791932,0.009334087006564944,
0.011803713527851459,0.011936339522546418,0.012234072051014596,0.011936339522546418,0.010588444919512392,
0.013462292510782905,0.011893870082342177,0.010522251483122693,0.011893870082342177,0.010054651304914286,
0.01106573573969174,0.01080226584112765,0.008838427290880151,0.01080226584112765,0.008362102534854225,
0.013452914798206279,0.010815088367185439,0.010954323305640104,0.010815088367185439,0.009487159761204825,
0.01270009260484191,0.011244873660537108,0.011004130239562405,0.011244873660537108,0.009926420596109714,
0.012663237039968342,0.011212241129138637,0.010168890976598835,0.011212241129138637,0.00942790979705561,
0.012006861063464836,0.008576329331046312,0.008609369763565798,0.008576329331046312,0.00721817821310038,
0.014452765733806333,0.010248324793062672,0.009597691537002694,0.010248324793062672,0.008899550045228386,
0.012006861063464836,0.01174297400712495,0.011891053641011722,0.01174297400712495,0.010316531152408449,
0.013030182156628108,0.01103576652040952,0.010554777665849726,0.01103576652040952,0.00954445901966948,
0.010891220613627307,0.010492761322884845,0.009509769625276507,0.010492761322884845,0.00897035873001637,
0.013447593935398813,0.01067897165458141,0.00873131644964734,0.01067897165458141,0.008636958806157717,
0.013783962889330682,0.012458581842279656,0.010440077166206558,0.012458581842279656,0.010145998986120725,
0.011663353214049038,0.012988734261100067,0.011515349267658988,0.012988734261100067,0.010959939785562001,
0.012117177097203728,0.0118508655126498,0.011004819171241369,0.0118508655126498,0.009981659401364237,
0.012033853477915895,0.009521290663845543,0.010747416085649799,0.009521290663845543,0.008672535686882492,
0.012460233297985153,0.010339342523860021,0.008762924500644751,0.010339342523860021,0.008232065515287738,
0.012856196156394963,0.01020543406229291,0.009776211400479212,0.01020543406229291,0.008784302645008731,
0.010880964866282119,0.010356581017304667,0.010670059480968079,0.010356581017304667,0.009357346068077227,
0.011377166291837545,0.01190633681703929,0.010766491905980828,0.01190633681703929,0.010084977978251962,
0.012048192771084338,0.012180590493843506,0.011194865013239543,0.012180590493843506,0.010653555017660242,
0.015746989546116183,0.01283578139473336,0.011538010336433983,0.01283578139473336,0.010902339157584604,
0.014213602550478214,0.013150903294367694,0.012105907263875452,0.013150903294367694,0.011210328932733982,
0.010837959291567539,0.010309278350515464,0.011985496009959138,0.010309278350515464,0.009759576167893498,
0.011363636363636364,0.01096723044397463,0.01171192470458145,0.01096723044397463,0.00975193690805583,
0.012658227848101266,0.011603375527426161,0.012254580460779868,0.011603375527426161,0.010220052989901758,
