Majority Class Accuracy,Accuracy,Precision,Recall,F Score,Support
0.01139937106918239,0.014412997903563941,0.010426186897996832,0.014412997903563941,0.008384501866923853,
0.01301775147928994,0.016962524654832348,0.01138020777683023,0.016962524654832348,0.00935243812764178,
0.01155992559128355,0.01421737975019931,0.02185238036438771,0.01421737975019931,0.007964342012517365,
0.015662330767188745,0.01513140430050438,0.011162788715776358,0.01513140430050438,0.009131987255739132,
0.013136942675159236,0.014729299363057325,0.013453027341514493,0.014729299363057325,0.009909764861400175,
0.012942868348803765,0.01529611713949536,0.016488874293208604,0.01529611713949536,0.009825322002241746,
0.01472715318869165,0.012886259040105194,0.010341057004707943,0.012886259040105194,0.008511572123493117,
0.012834083090764753,0.015347975654935168,0.01091998171265138,0.015347975654935168,0.010065999184963693,
0.012902367650971002,0.015429635541367386,0.015438770301066742,0.015429635541367386,0.009227089137653091,
0.01152317880794702,0.014172185430463577,0.007348000332535995,0.014172185430463577,0.007450506237698211,
0.01152317880794702,0.013112582781456954,0.012052575188866583,0.013112582781456954,0.007993411007800027,
0.013175405908969923,0.01743412297045515,0.011891931418192071,0.01743412297045515,0.01010265850763678,
0.015191545574636724,0.016512549537648614,0.012049373569686257,0.016512549537648614,0.00900860411525181,
0.011241899219679937,0.016135431821187672,0.0184167139938551,0.016135431821187672,0.010913989884844206,
0.012465555701351529,0.01364650308358483,0.008829719296267085,0.01364650308358483,0.008278485656342564,
0.01312163758037003,0.01325285395617373,0.006642826992069654,0.01325285395617373,0.006521778227325787,
0.010704374256640677,0.014668957314655742,0.014985707992056991,0.014668957314655742,0.009007268506206721,
0.012761478752795685,0.015524273121957637,0.016850463370091006,0.015524273121957637,0.009476283740838778,
0.010438689217758985,0.014006342494714588,0.012086041472659258,0.014006342494714588,0.007859287206657045,
0.013789445770352692,0.013789445770352692,0.014898893173125571,0.013789445770352692,0.008283743412052427,
0.011987880384666052,0.014359109471742853,0.011492603826131051,0.014359109471742853,0.008298226600815707,
0.011667992574913817,0.015910898965791568,0.011525229073724374,0.015910898965791568,0.009042099414489392,
0.011432325886990802,0.01419185282522996,0.015045052240578852,0.01419185282522996,0.009996579634483721,
0.011845873470450404,0.01210622233793283,0.009059115677271981,0.01210622233793283,0.007665769274590963,
0.013004246284501062,0.013004246284501062,0.012726558838075056,0.013004246284501062,0.00844581083167413,
0.013073639274279616,0.0144076840981857,0.009162918622286569,0.0144076840981857,0.008604283244548854,
0.01263633945198191,0.011838254855014631,0.005657316859040106,0.011838254855014631,0.006456025635174948,
0.013428120063191154,0.015534491837809373,0.010353991388118057,0.015534491837809373,0.008079540065150798,
0.011517077045274026,0.014297061159650517,0.007255567563641292,0.014297061159650517,0.00741141844506117,
0.010739856801909307,0.01392203659506762,0.01378814058291421,0.01392203659506762,0.009417221038429263,
