Majority Class Accuracy,Accuracy,Precision,Recall,F Score,Support
0.011865524060646011,0.014765985497692815,0.007713848290980165,0.014765985497692815,0.007139816158067089,
0.013225763787858748,0.013887051977251687,0.012586651941606816,0.013887051977251687,0.008336184059922879,
0.014196629958869576,0.013135199681570916,0.00916025723651808,0.013135199681570916,0.007252807616562471,
0.0130074891604257,0.014584154513204573,0.012146585258945818,0.014584154513204573,0.008093943516305113,
0.013729372937293729,0.013201320132013201,0.007032679559723424,0.013201320132013201,0.006339863925501417,
0.011142061281337047,0.012203209974797718,0.00724400055080443,0.012203209974797718,0.005615384649232527,
0.013386348575215375,0.012723658051689861,0.010152178599819364,0.012723658051689861,0.007011636228525432,
0.012723658051689861,0.014049039098740888,0.007088348901638434,0.014049039098740888,0.00707917232080786,
0.012817124735729386,0.014931289640591967,0.00979307617355385,0.014931289640591967,0.006783352529393857,
0.015902464882056717,0.01523986217863769,0.013703078460805174,0.01523986217863769,0.009567470169072395,
0.014117957514183928,0.014909618683203589,0.007667841281705804,0.014909618683203589,0.006595597499679899,
0.012847682119205298,0.013112582781456954,0.012013299242945068,0.013112582781456954,0.008953179846636993,
0.01209623820284461,0.014223049315432673,0.017712289608374943,0.014223049315432673,0.008167808115154737,
0.01685541216750066,0.012641559125625495,0.01505539072214968,0.012641559125625495,0.0083049000026507,
0.013680610365693239,0.013943699026571955,0.009118359402958763,0.013943699026571955,0.007277009861568014,
0.012347318109399893,0.01287838555496548,0.00726910382686492,0.01287838555496548,0.006437049778819614,
0.014108649789029535,0.013449367088607595,0.009198926021268195,0.013449367088607595,0.006733125473728372,
0.01555023923444976,0.013689526847421585,0.008518533739894633,0.013689526847421585,0.008127475664817096,
0.011655629139072848,0.012450331125827815,0.006676438975930685,0.012450331125827815,0.006581560234532092,
0.012607830126078301,0.013934970139349702,0.007909212421534112,0.013934970139349702,0.00611899466523802,
0.012576118612655547,0.013370399788191687,0.011474422959393092,0.013370399788191687,0.007131788369499284,
0.013807753584705257,0.016330323951141795,0.008773213393192805,0.016330323951141795,0.007484503054167212,
0.012684989429175475,0.0141384778012685,0.009373674713664537,0.0141384778012685,0.007026000282201059,
0.013581223628691984,0.014767932489451477,0.01024469847502996,0.014767932489451477,0.007807318002074629,
0.01259677207715523,0.011940690198136728,0.010812490575617818,0.011940690198136728,0.0067855239828456685,
0.01316829075585989,0.011588095865156703,0.006546625980184831,0.011588095865156703,0.00588119668219701,
0.01240432831881763,0.011612562681446292,0.010370718520766958,0.011612562681446292,0.007204651292842226,
0.012910954345800613,0.012644749101557301,0.007324156145583847,0.012644749101557301,0.007223089605815553,
0.010441448585778482,0.011366640232619614,0.007259221525102395,0.011366640232619614,0.005940782507298762,
0.01247373949579832,0.012736344537815126,0.007482484117184189,0.012736344537815126,0.0064864513595639705,
