Majority Class Accuracy,Accuracy,Precision,Recall,F Score,Support
0.014754752093579689,0.011963312508307856,0.011470486585731677,0.011963312508307856,0.008928538611598499,
0.012188659247482777,0.012851086380498145,0.01130241527123354,0.012851086380498145,0.009578293585619693,
0.011898466419883659,0.012823902696985722,0.011485503585453147,0.012823902696985722,0.009826730025260856,
0.010267210741082005,0.01092536527576675,0.008377366001335332,0.01092536527576675,0.007593031585574856,
0.015991471215351813,0.011727078891257996,0.00862439974004995,0.011727078891257996,0.007988209650916627,
0.012246510402949697,0.01303660784830129,0.012757765386300766,0.01303660784830129,0.010141413655442385,
0.011094967639677718,0.011623299432043323,0.010251659001162698,0.011623299432043323,0.00897349252265268,
0.01288351706733962,0.012086598485854695,0.009819075089127733,0.012086598485854695,0.008858929682803114,
0.012409240924092409,0.010825082508250825,0.008635964878897189,0.010825082508250825,0.008276697601704045,
0.010160992346265505,0.01214040643969385,0.01172126118566469,0.01214040643969385,0.0102498665077183,
0.013298222514812377,0.012771560236998025,0.014883398211019831,0.012771560236998025,0.011062130488732991,
0.012339126973596922,0.010879660342311264,0.008855683713025999,0.010879660342311264,0.007879737888314186,
0.012143611404435059,0.01148363252375924,0.010925945641258915,0.01148363252375924,0.008563109161746641,
0.012319512518214334,0.010597430123195126,0.008716112971008542,0.010597430123195126,0.007869772999783907,
0.010951312838105291,0.011215199894445178,0.011233447489080457,0.011215199894445178,0.00969791549923476,
0.014609107659910503,0.012766517504606476,0.012405451236558708,0.012766517504606476,0.009788427243064916,
0.012736344537815126,0.011160714285714286,0.009593254730304174,0.011160714285714286,0.008724947594844792,
0.012002110261144817,0.009628066473226062,0.007851025697452092,0.009628066473226062,0.0073444702622350744,
0.01273209549071618,0.011538461538461539,0.011883656011189332,0.011538461538461539,0.00931651191310964,
0.015649867374005304,0.011007957559681697,0.01125901309804978,0.011007957559681697,0.008749648862130597,
0.015427583455246708,0.011437691182338077,0.009944575728863002,0.011437691182338077,0.008605528139652804,
0.011518601880047663,0.012445385939361843,0.011420187134289895,0.012445385939361843,0.010100981172742112,
0.015707497360084477,0.011747624076029566,0.009771017248345159,0.011747624076029566,0.008719925590081758,
0.012541254125412541,0.013861386138613862,0.013007995621316056,0.013861386138613862,0.010822045316078945,
0.011384696849351337,0.010722795869737888,0.0081047770220781,0.010722795869737888,0.00751104413578496,
0.012006861063464836,0.011083256366275234,0.010511242703988625,0.011083256366275234,0.008948489329920475,
0.0115814696485623,0.011847710330138445,0.009500535435084896,0.011847710330138445,0.008549279213725766,
0.013057240833553153,0.012002110261144817,0.009145670504335153,0.012002110261144817,0.008413588039851825,
0.012052980132450332,0.008741721854304637,0.008833038990613678,0.008741721854304637,0.00704445125616704,
0.0140622946510711,0.010645288474175318,0.009147139436503412,0.010645288474175318,0.00775135442299623,
