Majority Class Accuracy,Accuracy,Precision,Recall,F Score,Support
0.03920522736364849,0.0384051206827577,0.03734467685997249,0.0384051206827577,0.030815218888101518,
0.04077055020451247,0.04235387254255179,0.03776188460294258,0.04235387254255179,0.03334749302741856,
0.03974478266648943,0.04373255350259205,0.04239644151946515,0.04373255350259205,0.03571526466569373,
0.037447257383966245,0.04074367088607595,0.03842718644147166,0.04074367088607595,0.0331450788397146,
0.03986754966887417,0.04437086092715232,0.04140543941994419,0.04437086092715232,0.03542824824385531,
0.03981542518127884,0.04166117336849044,0.04194528751003038,0.04166117336849044,0.03469284560917717,
0.0396540252827678,0.043379906852960746,0.03929073802935038,0.043379906852960746,0.034404497563531256,
0.0410958904109589,0.04348982577470408,0.04164771096396904,0.04348982577470408,0.035563567634392265,
0.0389268805891636,0.043003682272488165,0.04056067672371057,0.043003682272488165,0.034389630694169296,
0.04187582562747688,0.041215323645970935,0.040849057938059756,0.041215323645970935,0.03286287248242913,
0.04182106934886183,0.048041291688724196,0.04757204024909014,0.048041291688724196,0.038668382728375215,
0.039473684210526314,0.042368421052631576,0.040124585379702656,0.042368421052631576,0.0343094400474466,
0.03892136025504782,0.04024973432518597,0.04141439431107604,0.04024973432518597,0.034127841779577915,
0.040489023268042594,0.04298672275535691,0.0427708032676072,0.04298672275535691,0.035275515256389924,
0.04121935056328695,0.04585818422796554,0.042211836887720254,0.04585818422796554,0.03720875447800814,
0.041085067158282855,0.04450882275480643,0.041368832705637154,0.04450882275480643,0.035777366841563095,
0.04285902677040749,0.040353422128445206,0.0390375737843914,0.040353422128445206,0.032917886574647615,
0.03867986798679868,0.0403960396039604,0.041325370684402334,0.0403960396039604,0.033718721083418765,
0.043668701884788955,0.043668701884788955,0.04170064588351087,0.043668701884788955,0.03558658181377228,
0.042120456632987795,0.03962734549271749,0.039820948918847354,0.03962734549271749,0.03201528787157772,
0.039541320680110716,0.04362725715038882,0.03865453175188923,0.04362725715038882,0.03355774862129098,
0.04301359018340151,0.040638606676342524,0.038995587801597675,0.040638606676342524,0.03382422600763057,
0.04405110460473782,0.04272025552302369,0.03923533229500345,0.04272025552302369,0.0338559433808483,
0.0398936170212766,0.04281914893617021,0.04124030661467626,0.04281914893617021,0.03525192337942231,
0.035818133756278084,0.04203013481363997,0.040492431250959686,0.04203013481363997,0.034331151626009096,
0.041124966834704166,0.04656407535155214,0.04657362355842041,0.04656407535155214,0.03897671875943417,
0.04279487518161405,0.04398362171443666,0.04294663792808471,0.04398362171443666,0.0358682814418247,
0.04370350690754517,0.045563230605738574,0.04107489921948427,0.045563230605738574,0.034548722038464486,
0.03727200634417129,0.04136928363732487,0.0386480486869314,0.04136928363732487,0.03300585684441871,
0.039088379488538494,0.03869087054458725,0.035645418503144344,0.03869087054458725,0.029991792994467584,
