Majority Class Accuracy,Accuracy,Precision,Recall,F Score,Support
0.19826224328593997,0.15376513954713006,0.09142721560053735,0.15376513954713006,0.1000061921227662,
0.19188974291015107,0.14815796448449509,0.07656683878936946,0.14815796448449509,0.09497029940018833,
0.19632712379442463,0.14691504822301493,0.08115532280145948,0.14691504822301493,0.09715905569024762,
0.19516384778012685,0.15142706131078223,0.08071881939196997,0.15142706131078223,0.09861047935068115,
0.20151334129828755,0.1630160626576397,0.08549938217431538,0.1630160626576397,0.10291088800365775,
0.196684350132626,0.1510610079575597,0.07893184041773263,0.1510610079575597,0.09652029410302022,
0.201808029779314,0.1518213241159266,0.08332131885992526,0.1518213241159266,0.09968823214857518,
0.19289137380191693,0.15575079872204473,0.08162239744532568,0.15575079872204473,0.10001696875635994,
0.20231822971549,0.15634878819810327,0.08631629472250224,0.15634878819810327,0.10443036190872887,
0.19929012751413172,0.14552385960299724,0.084783032697671,0.14552385960299724,0.09616373325595945,
0.19428950863213812,0.15219123505976095,0.07953203637315268,0.15219123505976095,0.09853788612104764,
0.1995268138801262,0.1547055730809674,0.0834252986253957,0.1547055730809674,0.10211169556939968,
0.19100382535285582,0.1494525788154597,0.08104767086423137,0.1494525788154597,0.09491799014862272,
0.203172504957039,0.15267680105750164,0.08270251756910345,0.15267680105750164,0.09962546256770403,
0.20400105290866016,0.1506975519873651,0.08813632775067994,0.1506975519873651,0.10142901199805465,
0.19621843183921725,0.14769271453127067,0.0799763573293811,0.14769271453127067,0.0948384920871764,
0.20366193445668038,0.15974525673344833,0.08072070382391677,0.15974525673344833,0.10116606073986761,
0.20601483836777953,0.15712771595124536,0.0828579254515016,0.15712771595124536,0.09947392739517504,
0.20254994742376445,0.157465825446898,0.08206032789631006,0.157465825446898,0.10125907882125601,
0.2023635639357323,0.15349887133182843,0.08933002243735026,0.15349887133182843,0.10503166955466597,
0.1958994708994709,0.15079365079365079,0.07856469072610492,0.15079365079365079,0.09430637200707305,
0.19994720865778012,0.1586379833707272,0.08543909300234619,0.1586379833707272,0.1028692981418951,
0.19363743920073617,0.14867884842907847,0.08036681814365809,0.14867884842907847,0.09548739055035008,
0.2063995768874785,0.1622372074573582,0.08751681360783911,0.1622372074573582,0.10333667247993276,
0.18911439114391143,0.14496573537163943,0.07938402720050931,0.14496573537163943,0.09423275154069602,
0.18803644526607685,0.1513270830582332,0.0822511107350181,0.1513270830582332,0.0967041948046634,
0.19923270273845747,0.15054901441989682,0.07822567364132202,0.15054901441989682,0.09715667579359821,
0.19720168954593453,0.14875923970432947,0.07699917702034914,0.14875923970432947,0.09547618032888447,
0.2020375760783276,0.14977507277057422,0.08173485435068908,0.14977507277057422,0.0979919861956616,
0.20679175475687103,0.1511627906976744,0.08626842808817335,0.1511627906976744,0.10150923916573015,
