Majority Class Accuracy,Accuracy,Precision,Recall,F Score,Support
0.2924990078052652,0.2877364730784495,0.10986733263730084,0.2877364730784495,0.1423680046655751,
0.2982758620689655,0.2962864721485411,0.11268265891029002,0.2962864721485411,0.14296907058370148,
0.28703459202534987,0.284526010034328,0.13882397149904774,0.284526010034328,0.14061404423458246,
0.28441455696202533,0.28283227848101267,0.11045228489409221,0.28283227848101267,0.13698565091649928,
0.2933262991295173,0.2912160379847006,0.12159589731325024,0.2912160379847006,0.13798717209890857,
0.2979061754571959,0.2939305592366817,0.12575082584073521,0.2939305592366817,0.14701272334153584,
0.28825154584923035,0.2821997105643994,0.1283849686537263,0.2821997105643994,0.14192800125227148,
0.2948243992606285,0.2919197253762873,0.11298260950903893,0.2919197253762873,0.14370461506626644,
0.29872014777675154,0.295421559572503,0.11316690740929261,0.295421559572503,0.14576184654823507,
0.28056884635832,0.2795055821371611,0.1333940704813091,0.2795055821371611,0.13325293575209923,
0.29123269611074487,0.2895187870797627,0.11699600008696544,0.2895187870797627,0.13963509992381132,
0.28997895844292476,0.2841925302472383,0.11429891306003317,0.2841925302472383,0.13998570056434614,
0.29420328215987296,0.28930651138168345,0.1277693592970305,0.28930651138168345,0.14635154783728468,
0.29407877346021677,0.29262490087232357,0.1146428061514505,0.29262490087232357,0.13976165472523308,
0.29243675448944817,0.28614497312885045,0.11181494818026554,0.28614497312885045,0.1413267412511247,
0.28403693931398416,0.2837730870712401,0.12129451006389401,0.2837730870712401,0.13284196509651294,
0.29144066675486174,0.28958856991665566,0.13947926127783983,0.28958856991665566,0.1396563978962556,
0.28249866808737345,0.277437400106553,0.18687871535527553,0.277437400106553,0.1384575453472823,
0.2937118599097904,0.28906871849296895,0.1268673193957075,0.28906871849296895,0.14110690372008905,
0.28676761026991443,0.282422646477946,0.1278084885219743,0.282422646477946,0.1381072685466811,
0.29203071220545407,0.29136881122584063,0.11120967437435271,0.29136881122584063,0.14353434111467558,
0.29287876793471107,0.28774516256417004,0.11136070398198884,0.28774516256417004,0.140612661411902,
0.28152260111023,0.2794078773460217,0.15261542507822648,0.2794078773460217,0.13105801796176128,
0.2912197059992054,0.2877764534498742,0.13421135070400989,0.2877764534498742,0.1415407907466406,
0.2898781134075252,0.28762586115527294,0.1117209884831247,0.28762586115527294,0.13968602247054007,
0.290352628077179,0.28662674650698605,0.12894238638618885,0.28662674650698605,0.13820571949658392,
0.2877383474576271,0.2844279661016949,0.10720664428035026,0.2844279661016949,0.1356112167642646,
0.28923975056388485,0.2857901021626642,0.11146893990881271,0.2857901021626642,0.1412896924761344,
0.3006371117600212,0.29612423679320415,0.13100964030656814,0.29612423679320415,0.14774108681933443,
0.28276043724483074,0.2810483339918346,0.12715662212568826,0.2810483339918346,0.13235806630987032,
