Majority Class Accuracy,Accuracy,Precision,Recall,F Score,Support
0.17533667810932135,0.13665170319514128,0.07144938321611807,0.13665170319514128,0.08306710826395185,
0.17672698454629507,0.13630960243032625,0.07106038477942385,0.13630960243032625,0.08617390262957252,
0.17738126475990554,0.12149042246129625,0.06897107558333053,0.12149042246129625,0.08317033462573897,
0.17191219254165566,0.1461253636604073,0.0712041802160366,0.1461253636604073,0.08614159995654694,
0.18249336870026525,0.12931034482758622,0.07417838054441399,0.12931034482758622,0.08488318660270815,
0.18222573839662448,0.14833860759493672,0.07505248449364658,0.14833860759493672,0.08831311078710724,
0.172550052687039,0.12816122233930452,0.07984685606823619,0.12816122233930452,0.08771342231490732,
0.1788575180564675,0.14681549573210767,0.07415387895679525,0.14681549573210767,0.08769722727058779,
0.17917931125478295,0.14592954215595724,0.07561668203211967,0.14592954215595724,0.0889987410088813,
0.17744941427050054,0.13232161874334397,0.07570339216276788,0.13232161874334397,0.0873750387228355,
0.1778975741239892,0.1436657681940701,0.07325450774451861,0.1436657681940701,0.08690435442063336,
0.17451706800740938,0.13958719237893621,0.06953340604888214,0.13958719237893621,0.0831682021965584,
0.17457805907172996,0.14345991561181434,0.07272906598857538,0.14345991561181434,0.08576806323726585,
0.1843869102378762,0.12353791562623209,0.07067058814987258,0.12353791562623209,0.082197369609526,
0.1906701708278581,0.14415243101182654,0.08052382247949078,0.14415243101182654,0.09148046466922259,
0.17643168893003572,0.12961248512101575,0.06291402802808424,0.12961248512101575,0.07669659681399078,
0.17905138339920948,0.1246376811594203,0.07118508334363115,0.1246376811594203,0.08428677259395595,
0.18361133174477098,0.12417262377548319,0.07128988129709618,0.12417262377548319,0.08562876471149736,
0.17964625131995776,0.12222808870116156,0.07899338826204862,0.12222808870116156,0.087513602937495,
0.1802890932982917,0.1425755584756899,0.0730753290020399,0.1425755584756899,0.08946369039669982,
0.18136285751944115,0.12679583498088837,0.07211625971647039,0.12679583498088837,0.08595523746218453,
0.17502639915522702,0.14611932418162618,0.07173003362200245,0.14611932418162618,0.08768959353617356,
0.1746489961947251,0.14368193150505182,0.07203843246666124,0.14368193150505182,0.08636723944197097,
0.17663329820864068,0.14054267650158062,0.0747794880888205,0.14054267650158062,0.08773813308948658,
0.17737687648143272,0.1326046879115091,0.07914154541688621,0.1326046879115091,0.08859295403237832,
0.18205769990778553,0.14148333552891582,0.0736307335373504,0.14148333552891582,0.08613983626078603,
0.17861868219105584,0.142630325482932,0.07074115597718808,0.142630325482932,0.08535174972144162,
0.17524009998684384,0.13274569135640046,0.07470146389900141,0.13274569135640046,0.09011157618260086,
0.17912029676735558,0.12586115527291997,0.07295481057705556,0.12586115527291997,0.08473801936746236,
0.18083563991037302,0.13219981547383683,0.07708186946551215,0.13219981547383683,0.08860877892022256,
