Majority Class Accuracy,Accuracy,Precision,Recall,F Score,Support
0.17783094098883573,0.1656034024455077,0.10151277167131156,0.1656034024455077,0.07156085016881793,
0.17098930481283423,0.16363636363636364,0.06237771005741598,0.16363636363636364,0.07325786835731897,
0.1705190859859992,0.16589618280280016,0.07217082704300846,0.16589618280280016,0.07237483263698329,
0.17082785808147175,0.1645203679369251,0.05458671802503215,0.1645203679369251,0.06802524500783742,
0.17647058823529413,0.16525982590345556,0.06968440257678973,0.16525982590345556,0.07642905999680658,
0.17301083795929156,0.16032249537404178,0.06639469808671193,0.16032249537404178,0.07756079768368226,
0.16809154281204788,0.16112061028541366,0.052796291444284715,0.16112061028541366,0.06944675678476118,
0.17191251000266738,0.15844225126700454,0.05535930873699826,0.15844225126700454,0.07401349962489236,
0.16606929510155316,0.1586353378468074,0.05067449732632116,0.1586353378468074,0.06659884531825189,
0.17593328038125497,0.1687847498014297,0.05618799728348801,0.1687847498014297,0.07402591652974698,
0.1743569345001326,0.16215857862635905,0.10449645206076962,0.16215857862635905,0.07432448216737376,
0.1655646654324253,0.16490346469188044,0.05991824750413965,0.16490346469188044,0.07451048699966448,
0.16677670672124653,0.16189092829790044,0.06132193886691678,0.16189092829790044,0.07193747208745838,
0.16781639692226055,0.16489785088882994,0.06753135316262375,0.16489785088882994,0.07275993326309427,
0.1810481736368449,0.17204870301746955,0.06025276876293503,0.17204870301746955,0.07726318666070627,
0.17310500464622328,0.16354705960440727,0.060766796042697004,0.16354705960440727,0.07469211480034753,
0.16591809775429325,0.1653896961690885,0.06337335379431923,0.1653896961690885,0.06988154156358624,
0.17246376811594202,0.1689064558629776,0.06921556122816326,0.1689064558629776,0.0722024185283077,
0.16805500462779321,0.14769271453127067,0.0653319621204105,0.14769271453127067,0.07586195802109208,
0.16653428647074398,0.15898861530315064,0.053680703457228876,0.15898861530315064,0.06972547595493064,
0.17020711630377058,0.16011683483802444,0.05613728478200254,0.16011683483802444,0.06929850630105443,
0.17315845257021728,0.16719660837307895,0.06717906002918522,0.16719660837307895,0.07859257937138993,
0.16591392136025504,0.155154091392136,0.055392482546314105,0.155154091392136,0.06937722756269292,
0.16708492933562277,0.1616695284638753,0.05810496784761993,0.1616695284638753,0.07602492409961295,
0.1705672352241174,0.16157609414253604,0.06628207066884464,0.16157609414253604,0.07321211160344818,
0.16785714285714284,0.16600529100529102,0.06151129773076938,0.16600529100529102,0.07229374917318722,
0.17535983097847616,0.16466393767331308,0.058566269398472905,0.16466393767331308,0.07274554084107503,
0.16770515709929737,0.1570992973617924,0.05729559418381364,0.1570992973617924,0.07066210380102746,
0.16851086521797093,0.16251166511131848,0.06285118358813777,0.16251166511131848,0.07047225682915391,
0.17197199841500463,0.16391493858142914,0.06608959063864564,0.16391493858142914,0.07560195963191697,
