Majority Class Accuracy,Accuracy,Precision,Recall,F Score,Support
0.3165258711721225,0.3128299894403379,0.1212001612069655,0.3128299894403379,0.15661408705581736,
0.31353919239904987,0.3108999736078121,0.1788433187440067,0.3108999736078121,0.15585178333832547,
0.31833683105981114,0.314401888772298,0.13085938465808167,0.314401888772298,0.16119340635791407,
0.3162821357943309,0.31351351351351353,0.12423957273862156,0.31351351351351353,0.157912848036852,
0.3152389778895803,0.3123262279888786,0.12131243881535503,0.3123262279888786,0.1560051174160753,
0.3137306726575922,0.31029470067397913,0.17592504630535577,0.31029470067397913,0.15861174565466038,
0.315824292140778,0.3145011907912146,0.13583617419437957,0.3145011907912146,0.15953596918361532,
0.3141721854304636,0.3119205298013245,0.12933042991188187,0.3119205298013245,0.15734163466044382,
0.3174561287768835,0.3141575405726349,0.12866170164748364,0.3141575405726349,0.15965147399474086,
0.322555100963442,0.316616074963706,0.12954338655039196,0.316616074963706,0.16621347101253245,
0.30322665961385875,0.3007140967997884,0.12093134323714352,0.3007140967997884,0.14935779286999232,
0.3010540184453228,0.29802371541501976,0.11811121107280177,0.29802371541501976,0.14638615451677836,
0.306391970417327,0.2836767036450079,0.14235045558593326,0.2836767036450079,0.16546483919958568,
0.31385708645874455,0.31083037241742334,0.14569111521023814,0.31083037241742334,0.16086471928183005,
0.3116900290928326,0.30560698227982014,0.1183465735946467,0.30560698227982014,0.1531775957722607,
0.31346432810233416,0.31174996703151786,0.13121605007966347,0.31174996703151786,0.1533882378281984,
0.3120841096619643,0.3096885813148789,0.12147042398421608,0.3096885813148789,0.1543736261853877,
0.31384452949716246,0.3096212221195724,0.11805509458963134,0.3096212221195724,0.15388791936657661,
0.31056393963463064,0.3073868149324861,0.11575900867987002,0.3073868149324861,0.15171482343277248,
0.3077837980705696,0.30633011761596407,0.12478516179984937,0.30633011761596407,0.14959720838568785,
0.31703449187260474,0.3161094224924012,0.13474548163088299,0.3161094224924012,0.15994006184035486,
0.3241990998146677,0.3210219751125232,0.16057026066634647,0.3210219751125232,0.1668316135596528,
0.3110168368023333,0.30624419992045604,0.11518849011611439,0.30624419992045604,0.1523024314042618,
0.3167611763154424,0.31504681524462613,0.1359964779066569,0.31504681524462613,0.1575617606948172,
0.31654771345492994,0.31456515992598466,0.1332813928432762,0.31456515992598466,0.1600014944117959,
0.3133993399339934,0.31353135313531355,0.14531358457003576,0.31353135313531355,0.15561629536362406,
0.3194808599895123,0.313581541688516,0.12122459550665321,0.313581541688516,0.1603404767115268,
0.31123121539678356,0.3059583443184814,0.12455373782154694,0.3059583443184814,0.158265901121466,
0.3108931884442089,0.3102305857407898,0.12379331354269327,0.3102305857407898,0.15288346545158063,
0.3160483978194389,0.31378806009839116,0.14634786223710491,0.31378806009839116,0.15996940407806548,
