Majority Class Accuracy,Accuracy,Precision,Recall,F Score,Support
0.3391478029294274,0.3391478029294274,0.11502123223185776,0.3391478029294274,0.171782729255494,
0.3334211219383724,0.3334211219383724,0.111169644554643,0.3334211219383724,0.1667434881982933,
0.3429631592896899,0.3429631592896899,0.1176237286299652,0.3429631592896899,0.1751704472551248,
0.34378737541528237,0.34378737541528237,0.11818975949492831,0.34378737541528237,0.1759054470330964,
0.34236387782204514,0.34236387782204514,0.11721302483734826,0.34236387782204514,0.17463673862786552,
0.3417890520694259,0.3417890520694259,0.11681975611451674,0.3417890520694259,0.17412536782044383,
0.33280632411067196,0.33280632411067196,0.11076004936805763,0.33280632411067196,0.16620576803154555,
0.3309905848030765,0.3309905848030765,0.10955476722828258,0.3309905848030765,0.16462140075091738,
0.34187921236949914,0.34187921236949914,0.1168813958503891,0.34187921236949914,0.17420553917665832,
0.33901440084555423,0.33901440084555423,0.11493076398067013,0.33901440084555423,0.17166471683664375,
0.34030793525463876,0.34030793525463876,0.11580949079727541,0.34030793525463876,0.17281027404388724,
0.335453943008615,0.335453943008615,0.11252934788002711,0.335453943008615,0.16852598843882582,
0.34255012449220285,0.34255012449220285,0.11734058778962367,0.34255012449220285,0.17480254278626026,
0.35030255196001053,0.35030255196001053,0.12271187790969587,0.35030255196001053,0.18175464118256368,
0.3438040729402369,0.3438040729402369,0.11820124057029574,0.3438040729402369,0.17592034873308873,
0.34442088523721176,0.34442088523721176,0.11862574618758459,0.34442088523721176,0.17647114455032298,
0.33734302709847985,0.33734302709847985,0.1138003179319657,0.33734302709847985,0.17018867355052297,
0.3471743167949058,0.3471743167949058,0.12053000624200962,0.3471743167949058,0.1789375060664241,
0.34474490475556147,0.34474490475556147,0.11884904935492115,0.34474490475556147,0.1767607357122126,
0.3381712626995646,0.3381712626995646,0.11435980291581793,0.3381712626995646,0.17091953190672135,
0.34712826634832206,0.34712826634832206,0.12049803329799162,0.34712826634832206,0.17889615459502933,
0.34656849855377336,0.34656849855377336,0.1201097241898168,0.34656849855377336,0.17839378289157323,
0.3335533262935586,0.3335533262935586,0.11125782148149718,0.3335533262935586,0.1668592013350139,
0.343011035207567,0.343011035207567,0.11765657027416677,0.343011035207567,0.1752131102273222,
0.3362960997612099,0.3362960997612099,0.11309506671460162,0.3362960997612099,0.16926647729468222,
0.3528092851490372,0.3528092851490372,0.12447439168737463,0.3528092851490372,0.1840235620110509,
0.3375016628974325,0.3375016628974325,0.11390737245853216,0.3375016628974325,0.17032856947897082,
0.33813996560391585,0.33813996560391585,0.1143386363386174,0.33813996560391585,0.17089189363986335,
0.3486660533578657,0.3486660533578657,0.12156801676415006,0.3486660533578657,0.18027890071300287,
0.34765366820885657,0.34765366820885657,0.12086307301907373,0.34765366820885657,0.17936815054228403,
