Majority Class Accuracy,Accuracy,Precision,Recall,F Score,Support
0.34782608695652173,0.2849802371541502,0.1646876202418004,0.2849802371541502,0.19919310144844268,
0.3529877324891175,0.29507980477509566,0.17390411591524652,0.29507980477509566,0.2070001287660844,
0.34629629629629627,0.27843915343915343,0.17045998002587665,0.27843915343915343,0.20377803900534136,
0.34066368185409535,0.28285488543587045,0.16182258403531402,0.28285488543587045,0.19480587879413871,
0.35024441802087464,0.28814902893380895,0.1715863402160466,0.28814902893380895,0.2067481867918014,
0.34994697773064687,0.28565747613997877,0.16989283663653498,0.28565747613997877,0.20281819213859073,
0.3407917383820998,0.2869058652191182,0.1673678956244598,0.2869058652191182,0.19940683001445883,
0.33656399362719064,0.28398831651619755,0.16664376350312063,0.28398831651619755,0.19674169808365538,
0.3462710292754007,0.28546827394356866,0.17353074699517174,0.28546827394356866,0.20684498733276133,
0.3506805444355484,0.2780891379770483,0.17063636304462776,0.2780891379770483,0.20366724325425076,
0.3427589852008457,0.2784090909090909,0.16872760956120406,0.27840909090909083,0.20222485187089723,
0.3341718522441414,0.26731100225076126,0.1662328575998434,0.26731100225076126,0.19445149036571527,
0.3544387283999472,0.2821527502967946,0.17872477173393186,0.2821527502967946,0.21126262613291646,
0.34217088856805356,0.28415802598766243,0.1743751995781058,0.28415802598766243,0.20202561434256097,
0.33420467912691154,0.2778721735720821,0.158859330798292,0.2778721735720821,0.18983393974290677,
0.3498402555910543,0.2900692225772098,0.172590638394763,0.2900692225772098,0.20556663439111023,
0.3382836115126823,0.2675778683138389,0.15879177913482206,0.2675778683138389,0.1928866335478215,
0.34770001318044025,0.2911559246078819,0.16979475250966888,0.2911559246078819,0.2053089973982716,
0.347317201472909,0.27932667017359286,0.17181167669334713,0.27932667017359286,0.20249461848448108,
0.3337304739211014,0.278395552025417,0.17050804865092659,0.278395552025417,0.2000404836928217,
0.34365898861530314,0.2760127084988086,0.16578180708832585,0.2760127084988086,0.19888688099891413,
0.3371202113606341,0.27093791281373847,0.16499990864873887,0.27093791281373847,0.19573253911147095,
0.3358297201418999,0.28182893180922347,0.17161411632757445,0.28182893180922347,0.19762929890689704,
0.3448594430513396,0.284677312920681,0.16877829500175515,0.284677312920681,0.20096152100484693,
0.3480611975731997,0.2930625164864152,0.17918150843454583,0.2930625164864152,0.21025805393706745,
0.34764287595470106,0.27916776402422966,0.1682197675820225,0.27916776402422966,0.20178792581955787,
0.3466489714664897,0.2780358327803583,0.17127633072790865,0.2780358327803583,0.20410976960641744,
0.33470580422366847,0.2855624916987648,0.16473252069317723,0.2855624916987648,0.1956417450618777,
0.35058541777541247,0.2812666311868015,0.17349175696175775,0.2812666311868015,0.20429618190840193,
0.33714511041009465,0.26498422712933756,0.1692914270951561,0.26498422712933756,0.19896767382166852,
