Majority Class Accuracy,Accuracy,Precision,Recall,F Score,Support
0.1634021296174576,0.16195609307217038,0.04188730590208887,0.16195609307217038,0.05402173625529489,
0.16479301679672,0.16228012167702685,0.038802999007358244,0.16228012167702685,0.05361217812077826,
0.16864139020537125,0.16903633491311215,0.04806524201996336,0.16903633491311215,0.05888877462320331,
0.16992084432717677,0.16926121372031663,0.04539387369639516,0.16926121372031663,0.055235035046588214,
0.16165363720683715,0.1607261163376176,0.03517166575343202,0.1607261163376176,0.04661808509954794,
0.1616671091053889,0.1616671091053889,0.02613625416649372,0.1616671091053889,0.044997837954836306,
0.16105165807900648,0.16105165807900648,0.03775982487257866,0.16105165807900648,0.050121203251409306,
0.164021164021164,0.16455026455026456,0.039489668336756066,0.16455026455026456,0.04844228359729479,
0.1622263255077816,0.16209443418623054,0.04053920731165669,0.16209443418623054,0.05003334030566147,
0.16021150033046927,0.16060806345009915,0.03774293429413806,0.16060806345009915,0.047512404660871116,
0.1633624107850912,0.16177636796193498,0.0420307308580667,0.16177636796193498,0.058271838721975944,
0.1655454425537528,0.1655454425537528,0.027405293550317872,0.1655454425537528,0.04702569723969212,
0.16365792594544737,0.16471208327842932,0.050262602464959144,0.16471208327842932,0.053666135250966425,
0.16539674198633736,0.16329479768786126,0.042869478317622875,0.16329479768786126,0.05677052399865294,
0.1666447972706994,0.16520141713685868,0.038027387687669646,0.16520141713685868,0.04999188786792276,
0.1636484687083888,0.16271637816245008,0.03451086965297786,0.16271637816245008,0.04693976446720233,
0.16432174143881073,0.16339262012211309,0.03712237382252881,0.16339262012211309,0.05027749056614767,
0.152368245496998,0.152501667778519,0.04116729108609331,0.152501667778519,0.049797516272473405,
0.16031241726237755,0.16057717765422294,0.038887784144020575,0.16057717765422294,0.04968721434307018,
0.1549165120593692,0.1553140736814206,0.03571216858633215,0.1553140736814206,0.04625723830495827,
0.16085117631509385,0.1612476870208829,0.04102327784703237,0.1612476870208829,0.04666911182805156,
0.15929787514847565,0.15929787514847565,0.027849646303932114,0.15929787514847565,0.04423680927718936,
0.1647630300643298,0.16174346855717475,0.04264126597913192,0.16174346855717475,0.053492341794296634,
0.1675039661554733,0.16657852987837124,0.049748014813592346,0.16657852987837124,0.054115058988792326,
0.16211581585542803,0.1623796332937607,0.04745300835692424,0.1623796332937607,0.04747258071177583,
0.1612137203166227,0.16108179419525065,0.04151669997020886,0.16108179419525065,0.04963647498344446,
0.15943759119246584,0.15957023477914842,0.03938010752467846,0.15957023477914842,0.04580211063662334,
0.170026525198939,0.16909814323607428,0.041904426614431396,0.16909814323607428,0.05474185121049887,
0.15877216194760518,0.15652288965334746,0.039350785324391645,0.15652288965334746,0.04942506760003294,
0.1634996041171813,0.1636315650567432,0.043687958046908296,0.1636315650567432,0.04725027915583099,
