Majority Class Accuracy,Accuracy,Precision,Recall,F Score,Support
0.18022181146025879,0.1779772907314497,0.04778950767141276,0.1779772907314497,0.06111599486367316,
0.17941603910688333,0.17769850706830492,0.047292885566350085,0.17769850706830492,0.062452083764141665,
0.173687707641196,0.1738205980066445,0.04798980976748604,0.1738205980066445,0.0609121939829611,
0.17960971724412583,0.1798752157175096,0.047710680702411086,0.1798752157175096,0.05864877057059855,
0.1747019867549669,0.17443708609271524,0.04481742035595488,0.17443708609271524,0.05775404753420282,
0.1894583112055231,0.18826340945300052,0.0471700266383443,0.18826340945300052,0.06442460075864771,
0.18281559814937212,0.18334434897554527,0.05037948681784245,0.18334434897554527,0.06795674065496021,
0.18214380472273814,0.17988856460599628,0.046376412801183785,0.17988856460599628,0.06293959974116647,
0.1752057340058402,0.17387841783912927,0.04554349341027156,0.17387841783912927,0.05650529018912278,
0.1700527704485488,0.17031662269129288,0.047092652394028024,0.17031662269129288,0.05787154482832206,
0.17654044069138408,0.17548489246602453,0.045722882419736766,0.17548489246602453,0.06205367097411278,
0.1760433174854728,0.17591125198098256,0.04777147314538121,0.17591125198098256,0.06912037527686149,
0.18202306774492907,0.17976932255070927,0.049033662323301724,0.17976932255070927,0.06719925593882169,
0.1764317761942465,0.1739245183425706,0.04030514780891366,0.1739245183425706,0.057110048353911404,
0.17358892438764642,0.1731895633652822,0.04739902475160104,0.1731895633652822,0.06683446118092187,
0.18379314940690392,0.1836598693855791,0.05203349018644668,0.1836598693855791,0.06212472790934461,
0.1790629962943356,0.17443091582848066,0.044039458273139584,0.17443091582848066,0.06113239131622853,
0.18175765645805592,0.17909454061251665,0.0470717143390935,0.17909454061251665,0.06441137300553824,
0.16796926745264273,0.16757186382302292,0.04537055084318097,0.16757186382302292,0.0537415934068998,
0.1784068466096116,0.17774851876234365,0.04604326636249482,0.17774851876234365,0.06234435199069075,
0.17785987597308353,0.17561683599419448,0.04410232805901244,0.17561683599419448,0.05926165561905627,
0.1800796812749004,0.1806108897742364,0.05092500481640953,0.1806108897742364,0.06592172428182679,
0.17138697723663313,0.17072525145579673,0.04556674729493421,0.17072525145579673,0.058121525197334295,
0.18200946870068385,0.1801683324566018,0.04973371416804331,0.1801683324566018,0.07006477031688961,
0.17538298996302165,0.17538298996302165,0.047889893571260424,0.17538298996302165,0.06248131102547158,
0.1792452830188679,0.1793763102725367,0.049616122406464805,0.1793763102725367,0.06592595852809896,
0.1841688654353562,0.18179419525065962,0.05057138649071699,0.18179419525065962,0.06838675781604052,
0.17017892644135188,0.1700463883366468,0.04663563632568823,0.1700463883366468,0.05863364415355373,
0.1823109465891063,0.17940243257535696,0.04839223373645665,0.17940243257535696,0.0630601471969054,
0.17802779616148245,0.17643944407677034,0.04613630322440166,0.17643944407677034,0.06535029230598145,
