Majority Class Accuracy,Accuracy,Precision,Recall,F Score,Support
0.20302547770700638,0.22040870488322717,0.21873359327305128,0.22040870488322717,0.2089361838619781,
0.19441489361702127,0.2204787234042553,0.22151932720101608,0.2204787234042553,0.2092759293173491,
0.20384870603848707,0.1980092899800929,0.19850434833805067,0.1980092899800929,0.192067476574153,
0.19637422257509593,0.20709276167791452,0.2083009046530885,0.20709276167791452,0.1925478541816465,
0.20259878016441263,0.20697427738000532,0.2095194944701305,0.20697427738000532,0.19914369148594369,
0.2008722082727633,0.20774415223998943,0.21046019855508272,0.20774415223998943,0.2018072134447131,
0.20282024248813918,0.20492883500263573,0.20658190564620388,0.20492883500263573,0.19918276388546594,
0.20294273594909862,0.20585896076352067,0.2075167657890505,0.20585896076352067,0.20007428720172837,
0.19989437549511488,0.21243728545022444,0.216122089405939,0.21243728545022444,0.20393278563815545,
0.20034427966101695,0.2109375,0.21119564586164866,0.2109375,0.2064012572685234,
0.20289470189881822,0.20727659009427699,0.2067905591711912,0.20727659009427699,0.20243153383624168,
0.19648093841642228,0.19621434284190883,0.19898929504117313,0.19621434284190883,0.18856029631962676,
0.19779636267091463,0.20841630160626576,0.20902440671881395,0.20841630160626576,0.19700126411901367,
0.20087278497751918,0.20140174556995505,0.2015902466282088,0.20140174556995505,0.19529671466397913,
0.1969596827495043,0.21110376734963648,0.20715427614907345,0.21110376734963648,0.20171571068460098,
0.1999735134419282,0.20381406436233612,0.20673151351532007,0.20381406436233612,0.19940374959170679,
0.20394218134034164,0.21484888304862024,0.21518808041193552,0.21484888304862024,0.20752644584759777,
0.19581623196081027,0.20376009532636039,0.20531365606652666,0.20376009532636039,0.19964216072813012,
0.20362290096522545,0.2058706862356208,0.20433610013153986,0.2058706862356208,0.19948698307469404,
0.19696162046908317,0.2088219616204691,0.2056422072013158,0.2088219616204691,0.19450718508432102,
0.19002909283258398,0.20907167416027506,0.2084061940816843,0.20907167416027506,0.19839991898557485,
0.203004572175049,0.21071195297191378,0.21055093955837545,0.21071195297191378,0.2052879209838242,
0.20294664189009823,0.21316697637377224,0.21437326616905997,0.21316697637377224,0.20370933494365934,
0.2048255966430632,0.2071859428271702,0.20935940349451695,0.2071859428271702,0.20394925484388307,
0.18902519456536077,0.21685793430945785,0.21566815195800093,0.21685793430945785,0.20850496661215057,
0.19917618921073613,0.2047568429444592,0.20549691800600536,0.2047568429444592,0.19658869927932526,
0.20106100795755968,0.2120689655172414,0.21251485738448314,0.2120689655172414,0.19934839629358322,
0.1999473129610116,0.2154899894625922,0.21236594457575486,0.2154899894625922,0.19924016475176276,
0.208664546899841,0.20654478007419183,0.2091451672972661,0.20654478007419183,0.20254079268635122,
0.19774386197743862,0.2039814200398142,0.2031523053357617,0.2039814200398142,0.19734566922347227,
