Majority Class Accuracy,Accuracy,Precision,Recall,F Score,Support
0.1551359915500396,0.15223131766569845,0.03713935983690106,0.15223131766569845,0.054172681245110654,
0.1587048832271762,0.1598991507430998,0.041044762932179804,0.1598991507430998,0.05275471933648416,
0.1556548009982924,0.15434125837383422,0.03637082754630203,0.15434125837383422,0.05355862902147823,
0.1577270313329793,0.15454062665958576,0.062307154892441874,0.15454062665958576,0.053992435921456645,
0.15070124371526858,0.1489812119608362,0.04000140286475885,0.1489812119608362,0.05162840611809472,
0.15596572181938034,0.15121951219512195,0.03477410641237702,0.15121951219512195,0.050541978411744466,
0.1552294063202433,0.15258495306095465,0.035487963156707256,0.15258495306095465,0.05291624387633551,
0.1552246672815918,0.15206219528264595,0.045698098367941906,0.15206219528264595,0.05627249019529324,
0.15966052247712506,0.1579366131812757,0.09671757989642756,0.1579366131812757,0.06124545450174546,
0.15798451646765516,0.15955911297729958,0.04061310723345285,0.15955911297729958,0.05857091284914951,
0.15387647831800264,0.15295663600525625,0.03837969390832782,0.15295663600525625,0.05512979760379271,
0.15005246589716684,0.1486096537250787,0.05701829784477299,0.1486096537250787,0.0472492209905036,
0.15635784443854525,0.1572869657552429,0.03894613895572611,0.1572869657552429,0.05896237079237599,
0.15137369965324085,0.14990664177113897,0.03708506731690421,0.14990664177113897,0.05285999990931917,
0.15756052387881994,0.1574282312475195,0.0371597009495972,0.1574282312475195,0.05337734467554404,
0.14961994932657688,0.15002000266702226,0.036917223104574085,0.15002000266702226,0.049822701675869,
0.1581935824640169,0.15766539020203355,0.04035372558898836,0.15766539020203355,0.05766737717676343,
0.16279686878068197,0.15709168104020166,0.038060154721741214,0.15709168104020166,0.05602830750098396,
0.14715148332895772,0.14662641113153058,0.035112241357863685,0.14662641113153058,0.04852778424268384,
0.15853011408861767,0.15799946935526665,0.03861932068781932,0.15799946935526665,0.0545267186407338,
0.14601535610272703,0.14853057982525814,0.03724109981671882,0.14853057982525814,0.054186143187670975,
0.15448879458957698,0.1540909693674579,0.03699708656410664,0.1540909693674579,0.055540403921801394,
0.15911193339500462,0.1568653363287961,0.03951611120407112,0.1568653363287961,0.05777282774841934,
0.15902181097157964,0.15518836748182419,0.04614386205075842,0.15518836748182419,0.05754931034569331,
0.15934138892577346,0.15588899216571506,0.036507027172650273,0.15588899216571506,0.054770817563158734,
0.1590222105401498,0.15823367065317387,0.05034217191262054,0.15823367065317387,0.0530998987369351,
0.15332805071315372,0.15134706814580032,0.049933726298682084,0.15134706814580032,0.057242476308455574,
0.15554080955540808,0.15673523556735236,0.03850837506740716,0.15673523556735236,0.054099790275451594,
0.1579157251096637,0.15632061677522266,0.045127697427702985,0.15632061677522266,0.06182964925137908,
0.16034092422426421,0.15860966839792248,0.040144991881529576,0.15860966839792248,0.05879671687250439,
