Majority Class Accuracy,Accuracy,Precision,Recall,F Score,Support
0.6548743183934034,0.6548743183934034,0.42886037289122464,0.6548743183934034,0.518299629312725,
0.657776604172168,0.657776604172168,0.4326700609962689,0.657776604172168,0.5219883787807806,
0.650284053375611,0.650284053375611,0.42286935007461457,0.650284053375611,0.5124806838067021,
0.6504687706325102,0.6504687706325102,0.42310962156816917,0.6504687706325102,0.5127144834203929,
0.6478413982000782,0.6478413982000782,0.4196984772218324,0.6478413982000782,0.5093918355009955,
0.6534090909090909,0.6534090909090909,0.4269434400826446,0.6534090909090909,0.5164401749453296,
0.653517422748192,0.653517422748192,0.4270850218354391,0.653517422748192,0.5165775890351513,
0.6293390078467881,0.6293390078467881,0.39606758679757964,0.6293390078467881,0.4861696490296305,
0.6539379474940334,0.6539379474940334,0.42763483917270917,0.6539379474940334,0.5171111042232761,
0.642,0.642,0.412164,0.642,0.502026796589525,
0.6434323432343234,0.6434323432343234,0.4140051803200122,0.6434323432343234,0.5038299045584532,
0.6544720739487045,0.6544720739487045,0.42833369557871864,0.6544720739487045,0.5177889700566789,
0.6435577942735949,0.6435577942735949,0.41416663457029473,0.6435577942735949,0.5039879169607716,
0.6500662251655629,0.6500662251655629,0.4225860971010043,0.6500662251655629,0.5122050141455423,
0.6522772277227723,0.6522772277227723,0.4254655818057054,0.6522772277227723,0.5150050786478456,
0.654221635883905,0.654221635883905,0.4280059488586128,0.654221635883905,0.5174711049283491,
0.6536231884057971,0.6536231884057971,0.42722327242176017,0.6536231884057971,0.5167117580561166,
0.6533456027343236,0.6533456027343236,0.42686047661227666,0.6533456027343236,0.5163596478634951,
0.6440498277232971,0.6440498277232971,0.4148001805904087,0.6440498277232971,0.5046077966685836,
0.6473781779661016,0.6473781779661016,0.4190985053067096,0.6473781779661016,0.5088066734307968,
0.6484447385837194,0.6484447385837194,0.4204805789969082,0.6484447385837194,0.5101542916848629,
0.6397195025138925,0.6397195025138925,0.4092410418966222,0.6397195025138925,0.4991598151625386,
0.6394701986754967,0.6394701986754967,0.4089221349940792,0.6394701986754967,0.4988466826959602,
0.6468572934510476,0.6468572934510476,0.4184243580908147,0.6468572934510476,0.5081488963916134,
0.659290297237135,0.659290297237135,0.4346636960310298,0.659290297237135,0.523915190433866,
0.6508207485226527,0.6508207485226527,0.4235676467075859,0.6508207485226527,0.5131600715421631,
0.6406703615729744,0.6406703615729744,0.41045851219804574,0.6406703615729744,0.5003546377281092,
0.6351333421785856,0.6351333421785856,0.4033943623469403,0.6351333421785856,0.49340852142305897,
0.6369031917699816,0.6369031917699816,0.4056456756867899,0.6369031917699816,0.4956257373390123,
0.6555364920153095,0.6555364920153095,0.42972809236373793,0.6555364920153095,0.5191405860714353,
