Majority Class Accuracy,Accuracy,Precision,Recall,F Score,Support
0.012563800549666274,0.016228242376652272,0.012981020771435604,0.016228242376652272,0.010264968693335506,
0.014437590234938968,0.020737629610185063,0.014849229309129304,0.020737629610185063,0.01295482023814201,
0.015370345832781237,0.016960381608586192,0.022331692218940442,0.016960381608586192,0.009704246361507395,
0.014666666666666666,0.015733333333333332,0.019043838943263527,0.015733333333333332,0.011435699906292415,
0.013384070331977431,0.019551239994751345,0.019123154695242475,0.019551239994751345,0.012064287852110597,
0.014281935995768316,0.017455699550383497,0.014712009546457317,0.017455699550383497,0.011541827756489842,
0.013050355918797786,0.018455048774057473,0.016796451417546675,0.018455048774057473,0.012036976337725082,
0.015910898965791568,0.01988862370723946,0.02105263175533899,0.01988862370723946,0.011791025993038516,
0.017459682793549248,0.020525123284019727,0.018817039659157788,0.020525123284019727,0.013199571323656806,
0.016458196181698487,0.02014483212639895,0.015783580927383616,0.02014483212639895,0.013383930610349114,
0.015173505739543475,0.02071513392268109,0.017176383808060865,0.02071513392268109,0.013547681075931647,
0.015530402737562517,0.014740721242432218,0.014675821719996244,0.014740721242432218,0.009442815030762202,
0.014788169464428458,0.018118838262723154,0.015526971771863277,0.018118838262723154,0.01094416058834622,
0.013552631578947368,0.019473684210526317,0.013385885926275848,0.019473684210526317,0.01189625080793032,
0.014060220188353893,0.017111022682053324,0.011910768963771797,0.017111022682053324,0.010362866509516821,
0.013338615953512942,0.016508188061278396,0.013611562753907732,0.016508188061278396,0.010213165784425262,
0.014228723404255319,0.01848404255319149,0.015666371394873313,0.01848404255319149,0.010889911039493452,
0.016893229510360302,0.019004883199155338,0.011917488772404242,0.019004883199155338,0.01050751728404201,
0.016590848274016592,0.019935777361519937,0.016127985518868966,0.019935777361519937,0.012644254786817232,
0.014587987909055066,0.01826784071494283,0.012568972876058983,0.01826784071494283,0.0107153236961196,
0.015685231955336967,0.019008374318755815,0.01198869189054863,0.019008374318755815,0.01115978381244061,
0.01354906603525388,0.019337016574585635,0.02000237841733813,0.019337016574585635,0.011743573872265153,
0.01427061310782241,0.015988372093023256,0.018791083976872222,0.015988372093023256,0.010966317359698616,
0.016617920765753788,0.017947354427014093,0.01712766126577896,0.017947354427014093,0.011797703656972988,
0.015629139072847683,0.01814569536423841,0.015848913386107805,0.01814569536423841,0.012237947750116877,
0.014464168310322156,0.016173570019723867,0.011886176834754309,0.016173570019723867,0.009778782265056043,
0.013978636423579058,0.017011736779638666,0.015973790530925274,0.017011736779638666,0.0102669358406754,
0.014649597466015574,0.01887290484360565,0.01831090286265861,0.01887290484360565,0.012289672760606234,
0.010405690200210748,0.014752370916754479,0.015394423660924209,0.014752370916754479,0.009560275442141,
0.014058355437665782,0.017241379310344827,0.008298331572062176,0.017241379310344827,0.00748027582227275,
