Majority Class Accuracy,Accuracy,Precision,Recall,F Score,Support
0.2096069868995633,0.1783776630938203,0.0911520833950083,0.1783776630938203,0.11033878660613045,
0.2137748344370861,0.1580132450331126,0.08818841327653282,0.1580132450331126,0.10837428520052537,
0.20097522403795468,0.16789667896678967,0.09038061055886913,0.16789667896678967,0.10443956038635499,
0.2031022139732202,0.17075434177383003,0.08881250324808651,0.17075434177383003,0.10672062051162938,
0.21014492753623187,0.16600790513833993,0.08520660904949331,0.16600790513833993,0.10325351613713439,
0.20741922616673314,0.14506049727429862,0.08464210120218982,0.14506049727429862,0.10097793397121464,
0.2083989501312336,0.17230971128608924,0.08844776616494024,0.17230971128608924,0.10449057803868254,
0.2039905487004463,0.16566027828826463,0.08863921925982553,0.16566027828826463,0.10522376507627916,
0.20463523834606268,0.15999473268369765,0.08299513591988879,0.15999473268369765,0.10072996650330227,
0.2106164383561644,0.16003688092729187,0.09398369180350663,0.16003688092729187,0.11078578505024668,
0.20958958693053525,0.15128171071855492,0.0903942679890663,0.15128171071855492,0.10401877783954198,
0.20938291350126617,0.16699986671997868,0.0880031477244389,0.16699986671997868,0.10409706181490652,
0.20740251156642434,0.1629874421678784,0.09845311513241758,0.1629874421678784,0.11114603896666253,
0.20354450469514615,0.15910593836794074,0.08996468666336618,0.15910593836794074,0.10557609468894971,
0.20142838248908876,0.14402856764978178,0.07769839332208418,0.14402856764978178,0.09526109177646366,
0.20385784119434536,0.1466508125247721,0.08744700552774343,0.1466508125247721,0.10252948800395693,
0.2111417684929707,0.1660754171593746,0.08436148135269707,0.1660754171593746,0.10178127009623472,
0.20457873020098497,0.16704379076267803,0.08550466868697482,0.16704379076267803,0.10278032833949648,
0.20904105924836164,0.15260131068610405,0.09587229889719162,0.15260131068610405,0.10497096266175183,
0.21133678481348733,0.16646754281162884,0.08664348275772528,0.16646754281162884,0.10476329082743326,
0.2115511988342827,0.1665121208107034,0.09112182011841853,0.1665121208107034,0.1118066211015787,
0.2112508272667108,0.16201191264063533,0.08415842768592165,0.16201191264063533,0.10506345554938364,
0.20999868091280835,0.16422635536208943,0.09065410821749344,0.16422635536208943,0.10792335367761488,
0.21801635452387233,0.17436032709047744,0.09465834842902526,0.17436032709047744,0.10989217013718366,
0.21082015153529177,0.1498072577429217,0.0880824501058267,0.1498072577429217,0.10514103479674411,
0.20946480358555233,0.17321381492222515,0.08621295419925827,0.17321381492222515,0.10595342833490048,
0.20280089840137402,0.13185361342317348,0.08475075531810963,0.13185361342317348,0.09363979571587619,
0.2049887223033037,0.16054132944142233,0.08244808790863356,0.16054132944142233,0.100125298688019,
0.2116527942925089,0.150746465847536,0.09014876706962617,0.150746465847536,0.1057079818143086,
0.20160320641282564,0.15083500334001337,0.08794923874437152,0.15083500334001337,0.10188102577391861,
