Majority Class Accuracy,Accuracy,Precision,Recall,F Score,Support
0.42172017439556087,0.36424891002774473,0.2254508068755444,0.36424891002774473,0.26716640568584593,
0.41490340386384544,0.3611512682349849,0.22353857158634574,0.3611512682349849,0.259908652127766,
0.42195154243347016,0.36674169204289686,0.23351357147561427,0.36674169204289686,0.2703224626175797,
0.42041726807505575,0.3579582731924944,0.2266018665414912,0.3579582731924944,0.2635734936825923,
0.4164012738853503,0.357484076433121,0.22210912499937857,0.357484076433121,0.26193799627827374,
0.4228981272413335,0.3591446407225395,0.22610351929439487,0.3591446407225395,0.2668467090839508,
0.4158903380356668,0.3645195634815012,0.23366841527357018,0.3645195634815012,0.26627341585489306,
0.42547603414313856,0.3725541694024951,0.23778679341571465,0.3725541694024951,0.275782583141794,
0.42153644123440576,0.3582403151674327,0.2275935644601448,0.3582403151674327,0.2691612344695474,
0.43107769423558895,0.3673657828782482,0.230315551937548,0.3673657828782482,0.27243447443362734,
0.4244908754297805,0.3608833641893679,0.22871865248855125,0.3608833641893679,0.27119614266996817,
0.41714285714285715,0.34205980066445185,0.22338967162319473,0.34205980066445185,0.2598199441119172,
0.41816009557945044,0.3374485596707819,0.2139539369871754,0.3374485596707819,0.25277818107536376,
0.42421453924017355,0.3637439200736164,0.23149325054806275,0.3637439200736164,0.27188019630740956,
0.4353158380588158,0.37689568772253723,0.23587120329309255,0.37689568772253723,0.2799676257927351,
0.42519477089660634,0.3759408424666579,0.23220215771649325,0.3759408424666579,0.27342468143622045,
0.4281601674954201,0.35867573933525254,0.22610715392110972,0.35867573933525254,0.26718914110009107,
0.42111475409836063,0.36340983606557375,0.23026159466255203,0.36340983606557375,0.2706802939256961,
0.41753323680400156,0.36145847044886137,0.23130182486231993,0.36145847044886137,0.27100289470518485,
0.4222542973363076,0.36766828500196824,0.22977990227669598,0.36766828500196824,0.27029093943928023,
0.42585051884933667,0.35255484040457113,0.2269069299171638,0.35255484040457113,0.2672779497369633,
0.4235842771485676,0.36562291805463026,0.2280366149453105,0.36562291805463026,0.2675645343470701,
0.42685318342266965,0.3680219636553798,0.23013483291112966,0.3680219636553798,0.27049945486965926,
0.4233596151276226,0.3638914873713751,0.22967941525735028,0.3638914873713751,0.27099231938674645,
0.41907168506450326,0.3656071286075276,0.2274530807324056,0.3656071286075276,0.2684953361472431,
0.42878081279147234,0.37175216522318455,0.2356946425080868,0.37175216522318455,0.2779275480049374,
0.4241941902109033,0.3526992969889906,0.23400709871362804,0.3526992969889906,0.27369888921715185,
0.4231841720887,0.3574558491568185,0.2339287580452286,0.3574558491568185,0.26667478905475595,
0.4186046511627907,0.36191860465116277,0.2281254879675219,0.36191860465116277,0.2662708801814709,
0.4241106719367589,0.3619235836627141,0.22173941003338427,0.3619235836627141,0.26575828549634745,
