Majority Class Accuracy,Accuracy,Precision,Recall,F Score,Support
0.3842513474431445,0.31247535164979623,0.19261766271342398,0.31247535164979623,0.22907203600192394,
0.38269794721407624,0.3248467075446548,0.19058581895394403,0.3248467075446548,0.23004718610681163,
0.38194536096080245,0.3116008974528177,0.19418252879207132,0.3116008974528177,0.23038732093618805,
0.3793058112016829,0.32079936891927424,0.1908436810646516,0.32079936891927424,0.23014177851491593,
0.3727213114754098,0.30859016393442623,0.1977358942808135,0.30859016393442623,0.2286998466826347,
0.3803076114105429,0.325358222689628,0.1929559691936225,0.325358222689628,0.2335370414818646,
0.3877389584706658,0.3059986816084377,0.20070227893391493,0.3059986816084377,0.23369910422636128,
0.37526343519494204,0.3207323498419389,0.18441185741530922,0.3207323498419389,0.22439586065250133,
0.3743038981702466,0.3251127022010077,0.1960052532926532,0.3251127022010077,0.23127991352161995,
0.37996568562755706,0.3119968325194668,0.18770174881899368,0.3119968325194668,0.22552481573606753,
0.3755123628189872,0.31151659394420206,0.18658093969728373,0.31151659394420206,0.22385740434389534,
0.3870409792442789,0.3239755188930282,0.2030538141466913,0.3239755188930282,0.23635611073478316,
0.3820031712473573,0.3152748414376321,0.1967953946540604,0.3152748414376321,0.23427882428011462,
0.3807187375679618,0.32542103169340936,0.20044392083837043,0.32542103169340936,0.23426052248262472,
0.38304552590266877,0.32155939298796443,0.20391814249839096,0.32155939298796443,0.2356642598759481,
0.3881544156530936,0.32800105764145954,0.19604697490494358,0.32800105764145954,0.23487285886156808,
0.37778363420740546,0.31598366056133875,0.19361665957044644,0.31598366056133875,0.2300765547584508,
0.3876768478117149,0.32513552822953856,0.1961312698208335,0.32513552822953856,0.23370205311705677,
0.37872171496625645,0.3259229853116316,0.19417501675398302,0.3259229853116316,0.23191008299279917,
0.38118614833488124,0.31975587103622133,0.20358603373702394,0.31975587103622133,0.23582408022387397,
0.3791260189763464,0.3103033542696779,0.18855044113488528,0.3103033542696779,0.2252983725237294,
0.37785403193876205,0.31516431305265935,0.18946157107905573,0.31516431305265935,0.22601572422263738,
0.38324940365756693,0.323747680890538,0.19169831006486598,0.323747680890538,0.22982190195164628,
0.3831539790089013,0.31752358177228646,0.19154480618191821,0.31752358177228646,0.22996564885358528,
0.3740115972588297,0.31338956246705324,0.19782800750480156,0.31338956246705324,0.22999321196460287,
0.38792532768436383,0.3159009665033761,0.19737042637550453,0.3159009665033761,0.23478789165584515,
0.3713945488224398,0.3082826144482667,0.18514839454058374,0.3082826144482667,0.22249837014734142,
0.3759099933818663,0.31515552614162806,0.19182124815721768,0.31515552614162806,0.22878343766100945,
0.36723684210526314,0.30236842105263156,0.18833245519260955,0.30236842105263156,0.21750562049307687,
0.3657891255457071,0.3071834898796137,0.18136238929893278,0.3071834898796137,0.2168452063672364,
