Majority Class Accuracy,Accuracy,Precision,Recall,F Score,Support
0.1826429980276134,0.17646285338593032,0.06626863830656247,0.17646285338593032,0.07798691158618881,
0.19155077407504592,0.1811860404093414,0.07715680896397331,0.1811860404093414,0.08069220378606308,
0.18938495983142367,0.18306334782036085,0.07013848377060788,0.18306334782036085,0.08517560926103859,
0.1779036081116671,0.17263629180932316,0.0808741227127141,0.17263629180932316,0.07858600743877776,
0.1912313432835821,0.1857675906183369,0.08524004199830791,0.1857675906183369,0.08454761551842521,
0.18169690501600855,0.18183030949839915,0.06871173743134357,0.18183030949839915,0.08250013980470329,
0.1852634358906642,0.16809718737620494,0.06419570799364341,0.16809718737620494,0.08419638249777313,
0.1886842105263158,0.18210526315789474,0.0958715869774928,0.18210526315789474,0.08292211072741673,
0.18412406360888423,0.17531870153765278,0.07451845155386941,0.17531870153765278,0.08066419282856443,
0.1856080722251726,0.1810939989378651,0.07110734189813181,0.1810939989378651,0.0797397625967014,
0.18714228670304806,0.17875682150938374,0.06056972168901368,0.17875682150938374,0.07678409255563269,
0.1805168986083499,0.18170974155069583,0.06825961978554118,0.18170974155069583,0.08029771636446155,
0.18297816364114708,0.17048145224940806,0.07579529185409935,0.17048145224940806,0.0850864442594516,
0.19069644509052464,0.18593894542090658,0.06739894605312904,0.18593894542090658,0.08145531042054444,
0.18434343434343434,0.18128654970760233,0.05963750963403481,0.18128654970760233,0.07968038761511256,
0.18976377952755905,0.18569553805774278,0.08191828720426453,0.18569553805774278,0.0863204806885832,
0.1795751418392928,0.17614461010687427,0.09221634743519758,0.17614461010687427,0.07494519336333073,
0.18492063492063493,0.17063492063492064,0.06806666392151797,0.17063492063492064,0.08465825711043526,
0.186226188890369,0.1670440921806314,0.06271836164112626,0.1670440921806314,0.0820060496518914,
0.1892532595811932,0.18582905307520084,0.08036612827095532,0.18582905307520084,0.08204128526970693,
0.18408157859886107,0.1822275195338366,0.06299232171412307,0.1822275195338366,0.08201053788515537,
0.1865079365079365,0.18227513227513228,0.07000107694324095,0.18227513227513228,0.0824312851983507,
0.18320811915117965,0.17912218268090155,0.06960686524049968,0.17912218268090155,0.07989414665811058,
0.1860250494396836,0.17402768622280818,0.08417054584002301,0.17402768622280818,0.08524294046556506,
0.1828141499472017,0.1751583949313622,0.07157171698426718,0.1751583949313622,0.0790776898013459,
0.18393987341772153,0.17827004219409281,0.0674501420832154,0.17827004219409281,0.078693070433536,
0.1936251818542521,0.17603491601639995,0.07609646395030142,0.17603491601639995,0.09051187354236588,
0.18244224422442243,0.1743894389438944,0.06239617663271364,0.1743894389438944,0.07493575850627872,
0.1829787234042553,0.17513297872340425,0.053761398936522514,0.17513297872340425,0.07425512572148782,
0.1926923589811975,0.1869582611014802,0.07364988001572709,0.1869582611014802,0.0879858333842904,
