Majority Class Accuracy,Accuracy,Precision,Recall,F Score,Support
0.1607941099132264,0.12424401788062056,0.06494833594222202,0.12424401788062056,0.07826656284244551,
0.15855263157894736,0.12302631578947368,0.06680515100357748,0.12302631578947368,0.07895804883834341,
0.1643745040994446,0.12708278233271622,0.06911406710591833,0.12708278233271622,0.07860841152280175,
0.16162821532749932,0.12728719172633254,0.0697223888952108,0.12728719172633254,0.0806750087872956,
0.16743209552552157,0.1262301535231597,0.0651726616177858,0.1262301535231597,0.08085415144671852,
0.1646236984315276,0.12389613813101358,0.06236823314350343,0.12389613813101358,0.0777584629399991,
0.16095575685965605,0.12931600367598792,0.06663111590816559,0.12931600367598792,0.08121864487467187,
0.16275056418425593,0.1270410195141378,0.0657756817142164,0.1270410195141378,0.08070517617323779,
0.15816802023698576,0.11929170549860205,0.06354475771727142,0.11929170549860205,0.07810358110995523,
0.16320317670416942,0.12931833223031106,0.0703757690491385,0.12931833223031106,0.08381141958886039,
0.16403659992043496,0.12571277018963004,0.06798941541009339,0.12571277018963004,0.0826941888410922,
0.1601788532351394,0.1259863229879011,0.06662906507265853,0.1259863229879011,0.08007685782396645,
0.1638995882587329,0.12219418249435517,0.06011807774923515,0.12219418249435517,0.07464046345730362,
0.16973144595846013,0.12620717026061648,0.06392523909267095,0.12620717026061648,0.08023309021091414,
0.16035138324373935,0.12416415366461256,0.06908412099339668,0.12416415366461256,0.08205150651111859,
0.16409036860879905,0.12762584225128815,0.0661175284119259,0.12762584225128815,0.08056322414528476,
0.16675427069645204,0.12299605781865966,0.06762595353152437,0.12299605781865966,0.07609593235489691,
0.15790863480327436,0.11381040401373119,0.06197052545395583,0.11381040401373119,0.07295696477799282,
0.16981381222765085,0.12188036445266077,0.06414807716158034,0.12188036445266077,0.0788093215811871,
0.16495388669301714,0.127931488801054,0.06528741043958614,0.127931488801054,0.07785404777465148,
0.16035487288135594,0.12010063559322035,0.059534037397295986,0.12010063559322035,0.07349571889857656,
0.16878980891719744,0.13362526539278133,0.07264938877910347,0.13362526539278133,0.08327955356209815,
0.15936307408869588,0.1159363074088696,0.06425558822639205,0.1159363074088696,0.07619108969355953,
0.15892997639653816,0.12208234985575663,0.06703369729377588,0.12208234985575663,0.07894746802925937,
0.16400158583322322,0.12263776926126603,0.06293317959060628,0.12263776926126603,0.07745954511457424,
0.16908467422843576,0.1310999736217357,0.07229332992646548,0.1310999736217357,0.08331051504672621,
0.16629272799260922,0.1277550481720998,0.0682092708032798,0.1277550481720998,0.0799994005730089,
0.1646236984315276,0.1257413997627521,0.06849058626318626,0.1257413997627521,0.08051371294882488,
0.160457690260777,0.11748270356572645,0.06501383078948339,0.11748270356572645,0.07429277653287578,
0.1670416942422237,0.13117140966247517,0.07590854355010354,0.13117140966247517,0.08661066666234149,
