Majority Class Accuracy,Accuracy,Precision,Recall,F Score,Support
0.016297866702000795,0.016960381608586192,0.01989712078475448,0.016960381608586192,0.012834860862561975,
0.017048481619605753,0.02011188066062866,0.019102751822354422,0.02011188066062866,0.014382699689413846,
0.017657135327447622,0.018052444327315852,0.02144076152266558,0.018052444327315852,0.01365787909282989,
0.019978830378406986,0.016671077004498543,0.018184303038155807,0.016671077004498543,0.01267897856686934,
0.01781237630294234,0.02097902097902098,0.020592702955008306,0.02097902097902098,0.014107380427557449,
0.01869282778735251,0.02094657298157232,0.017595783213062686,0.02094657298157232,0.014122764152827913,
0.015997901914503017,0.021243115656963022,0.021438803387321122,0.021243115656963022,0.014694245317633317,
0.017379679144385027,0.019385026737967916,0.02594025585732343,0.019385026737967916,0.014436221641402985,
0.01811023622047244,0.018503937007874015,0.01512433136056278,0.018503937007874015,0.012601969155160495,
0.018369234835469803,0.020747984670278843,0.015607455829403347,0.020747984670278843,0.013604757079864435,
0.019319835913722376,0.02262802699483922,0.022553565188999116,0.02262802699483922,0.015558366297544772,
0.01792776166622726,0.018982335881887687,0.016183925334310335,0.018982335881887687,0.0125152034485989,
0.01928374655647383,0.01967729240456513,0.01908929009950996,0.01967729240456513,0.013402187136864498,
0.01820324777370351,0.02069146149816658,0.020133429628271853,0.02069146149816658,0.013806592438332604,
0.020103847690054587,0.020902676075089867,0.01918840957891847,0.020902676075089867,0.013351238481534482,
0.01914754098360656,0.022295081967213116,0.023379137141172037,0.022295081967213116,0.01581392169946569,
0.01791876825059729,0.021369790284045658,0.018782004535797946,0.021369790284045658,0.01377282471366599,
0.017885532591414944,0.021197668256491786,0.023236698717630247,0.021197668256491786,0.015795220104180423,
0.020167627029858564,0.017286537454164485,0.012954121352399336,0.017286537454164485,0.011024492152247286,
0.018346184525392183,0.02127093858016485,0.017086622073512935,0.02127093858016485,0.013116108510019533,
0.01978891820580475,0.02058047493403694,0.016895220969168536,0.02058047493403694,0.013551689807980312,
0.018950437317784258,0.018420355155049032,0.02026436605245929,0.018420355155049032,0.012463978830879078,
0.01672813487881981,0.020021074815595362,0.022724781363320557,0.020021074815595362,0.014473303138370992,
0.018877957989896305,0.02127093858016485,0.02048763784597488,0.02127093858016485,0.01497989076913303,
0.018770654329147388,0.017316589557171184,0.016876668412401832,0.017316589557171184,0.012067962494430122,
0.01766033727260656,0.021511087504979418,0.01854729047686916,0.021511087504979418,0.014705464058016572,
0.01992610187384534,0.020190023752969122,0.014100689361186174,0.020190023752969122,0.012916827105300222,
0.018815052041633307,0.01948225246864158,0.013974082833535531,0.01948225246864158,0.012620574309577566,
0.017742147456958863,0.019450650545406754,0.01731637570303457,0.019450650545406754,0.012586585893082692,
0.01839354241100966,0.018922852983988356,0.01691871651534493,0.018922852983988356,0.012774218588047925,
