Majority Class Accuracy,Accuracy,Precision,Recall,F Score,Support
0.018198724760892668,0.01899574920297556,0.018629865611448203,0.01899574920297556,0.017528919388782975,
0.019848141734381243,0.01971493272945251,0.01917129586165733,0.01971493272945251,0.01760014975072671,
0.01701398048008441,0.019388024268003165,0.02031887160159397,0.019388024268003165,0.017987942901351046,
0.019477938253610706,0.01894792632834239,0.019787188830163838,0.01894792632834239,0.017569145195686645,
0.018283731482717204,0.017883357800613908,0.018559337632454303,0.017883357800613908,0.016753402643838462,
0.01912676427911885,0.017280042210790134,0.018102940852846135,0.017280042210790134,0.016016733001555976,
0.012415054887611082,0.01803450078410873,0.016200459930490678,0.01803450078410873,0.015695662594147335,
0.015608465608465608,0.018121693121693122,0.01794702686425453,0.018121693121693122,0.016279715378922668,
0.02071240105540897,0.018601583113456464,0.01877977521309424,0.018601583113456464,0.017257316383918607,
0.015528358994604554,0.0189498618239242,0.019046088188249086,0.0189498618239242,0.017496060463234032,
0.01763854152955114,0.01763854152955114,0.01729072515008739,0.01763854152955114,0.016146372481473388,
0.01937624419376244,0.017650962176509622,0.017698496133021588,0.017650962176509622,0.016092242826224488,
0.020451527224435592,0.018193891102257637,0.017799494109348633,0.018193891102257637,0.016428517151539732,
0.01931161324224908,0.020625328428796635,0.019642754520939644,0.020625328428796635,0.018431350811140473,
0.021412421864609656,0.01795451522808884,0.019498081909142248,0.01795451522808884,0.01669966517237915,
0.017005009227524386,0.018982335881887687,0.019297164294802282,0.018982335881887687,0.017368148552198284,
0.018599707718878703,0.017935432443204464,0.015250078581895967,0.017935432443204464,0.015448430879112563,
0.01752536566082488,0.01950191066016603,0.01819128642522147,0.01950191066016603,0.017726966904316285,
0.01832700615263778,0.01832700615263778,0.019757265562038367,0.01832700615263778,0.01762777213499878,
0.01662303664921466,0.017277486910994764,0.01709436373712128,0.017277486910994764,0.015723543202709918,
0.01865079365079365,0.0167989417989418,0.0164974674876281,0.0167989417989418,0.01541624044969243,
0.017883163332891774,0.016426016690952443,0.017344936286161256,0.016426016690952443,0.015475153956409452,
0.019709681715275002,0.019576508190171794,0.017610386899709066,0.019576508190171794,0.017119047471831374,
0.015952537903757415,0.017007251153592615,0.015682469468419107,0.017007251153592615,0.014851997364710946,
0.018870414357350224,0.01741884402216944,0.016168058658156362,0.01741884402216944,0.015510451855796394,
0.018459915611814346,0.01661392405063291,0.017824459281225266,0.01661392405063291,0.01593006941512976,
0.020302547770700636,0.017914012738853503,0.017434131456637685,0.017914012738853503,0.015969625886193307,
0.01899070385126162,0.021646746347941566,0.020249100696846285,0.021646746347941566,0.01918923829223851,
0.017819429778247096,0.019535374868004225,0.019848320027699432,0.019535374868004225,0.018188164010774145,
0.01964949548592671,0.016330323951141795,0.016448235891556414,0.016330323951141795,0.01518287524861688,
