Majority Class Accuracy,Accuracy,Precision,Recall,F Score,Support
0.7950830564784053,0.7774086378737541,0.6469344221322101,0.7774086378737541,0.7001007886275424,
0.7940133910988578,0.7820664303531574,0.645419863423501,0.7820664303531574,0.7013615953546274,
0.7856953992596509,0.7785563194077207,0.6512359704840965,0.7785563194077207,0.6925951101617986,
0.7945060750132066,0.7872424722662441,0.6458950453844333,0.7872424722662441,0.7024640327433951,
0.7935938330675173,0.7812333864965444,0.6417420722128846,0.7812333864965444,0.6994394957807101,
0.7912350597609562,0.7815405046480743,0.6375278473842848,0.7815405046480743,0.6961209917331721,
0.7908298097251586,0.7795983086680761,0.6412587824701061,0.7795983086680761,0.697431962981207,
0.7885835095137421,0.77973044397463,0.6564213884527271,0.77973044397463,0.6943723558141904,
0.7847350382283154,0.7760348009491168,0.6355138818162231,0.7760348009491168,0.6901039744050819,
0.8002898168884205,0.786852852061652,0.6576291591511974,0.786852852061652,0.7094425732446604,
0.7907872029735828,0.7832204964821452,0.6469986486718028,0.7832204964821452,0.6977023624660963,
0.7866596082583377,0.7780571731074643,0.6366177423564195,0.7780571731074643,0.6915844306913321,
0.7945623342175067,0.7847480106100796,0.6472464835863632,0.7847480106100796,0.7023268409955683,
0.796267087276551,0.7810199789695058,0.6474403456215087,0.7810199789695058,0.7022746861035714,
0.7982145201522909,0.7887619797820664,0.6660341054492833,0.7887619797820664,0.7084929099765862,
0.7964777542372882,0.7807203389830508,0.643247749848969,0.7807203389830508,0.702041725091546,
0.7972222222222223,0.7855820105820106,0.6499858202815247,0.7855820105820106,0.7047015642666277,
0.7968853108090274,0.7883067176982975,0.6537563763109954,0.7883067176982975,0.7053349323518782,
0.7846642828764402,0.776188584293471,0.629022832457178,0.776188584293471,0.6884102360285507,
0.7883800952885125,0.7714399152991,0.629063495549095,0.7714399152991,0.690004061759765,
0.7888903549280908,0.7751682279984167,0.6352797586883397,0.7751682279984167,0.6933805364283315,
0.7834739061676331,0.7546125461254612,0.6241943102253432,0.7546125461254612,0.6789198816554459,
0.7921734531993654,0.7815970386039133,0.6316258700128833,0.7815970386039133,0.6965215249295447,
0.791135881104034,0.7810509554140127,0.6541435216576392,0.7810509554140127,0.6973294813101789,
0.7880289234065345,0.7781199785752544,0.6289952589394624,0.7781199785752544,0.6921524571321773,
0.7937284996030696,0.7811590367822175,0.6434236519221734,0.7811590367822175,0.6994198820335168,
0.797381298770004,0.7881232641185029,0.6535191890248655,0.7881232641185029,0.7064953583635115,
0.7948075909330522,0.7854507116499736,0.652124763083862,0.7854507116499736,0.7027331374670971,
0.7895433487756452,0.7825281270681668,0.6470262039800772,0.7825281270681668,0.6969024276531087,
0.7948548812664907,0.7841688654353562,0.6501847924788132,0.7841688654353562,0.7024166811007474,
