Majority Class Accuracy,Accuracy,Precision,Recall,F Score,Support
0.2333068362480127,0.190646528881823,0.10407096974392598,0.190646528881823,0.12434958975840103,
0.2334384858044164,0.1799421661409043,0.1060481200353883,0.1799421661409043,0.12426024300674098,
0.2402205303229194,0.1845628773956419,0.10436383271586469,0.1845628773956419,0.12692478116619477,
0.2304734120143217,0.17756265747248376,0.10138013356077544,0.17756265747248376,0.11774418112653243,
0.23768343815513626,0.18658280922431866,0.10847783435432977,0.18658280922431866,0.12586000894601604,
0.24013859275053304,0.1886993603411514,0.10721789634185841,0.1886993603411514,0.12768955467549156,
0.22354655012581115,0.16752747980399946,0.0912974391199526,0.16752747980399946,0.11085285420864131,
0.22961401659860362,0.17705177183506784,0.09647537742214572,0.17705177183506784,0.11680700787429334,
0.2374568622245819,0.1887443589062915,0.10242502842465048,0.1887443589062915,0.12337563369343058,
0.23255197987021586,0.17931399814594093,0.10090288793269862,0.17931399814594093,0.11909012811217706,
0.23866631523458093,0.18384290985767002,0.10495896649222433,0.18384290985767002,0.12377266707109008,
0.2367379255740301,0.1855370810240169,0.10107243985098278,0.1855370810240169,0.12265570539832087,
0.23808262711864406,0.18829449152542374,0.10167052112221187,0.18829449152542374,0.12366847781160542,
0.24484126984126983,0.18082010582010583,0.104646342215446,0.18082010582010583,0.1249944209458805,
0.23008614976805833,0.180649436713055,0.09746911682718089,0.180649436713055,0.11710838443822034,
0.23013662289428305,0.18145642658177477,0.10549395316316078,0.18145642658177477,0.12218282838273882,
0.23621529148572182,0.1855507303592578,0.10658247555312422,0.1855507303592578,0.12528003459232095,
0.22987595671681182,0.18395354974927422,0.09871841471990334,0.18395354974927422,0.11847792683784383,
0.23833377273925652,0.17940943843923016,0.10387915672553223,0.17940943843923016,0.12266036118873357,
0.24031007751937986,0.1857837340691105,0.10253096293723252,0.1857837340691105,0.12506181864699273,
0.2342366159947125,0.1845340383344349,0.09958118488878878,0.1845340383344349,0.123544627173204,
0.2384322978109844,0.18731157425612793,0.10005455584792122,0.18731157425612793,0.12238594526594077,
0.22434713795832234,0.1839883935637035,0.10272859418485486,0.1839883935637035,0.11824854189468399,
0.24157451290152712,0.19036334913112166,0.10711794489488169,0.19036334913112166,0.12705972225545822,
0.2357766604921937,0.19171738555173326,0.11138051868895443,0.19171738555173326,0.12910202612923652,
0.22902673515079677,0.18530225207427894,0.10020393585784898,0.18530225207427894,0.12186863902393767,
0.23212639894667544,0.17867017774851876,0.10176959106149246,0.17867017774851876,0.12064328965660576,
0.23414634146341465,0.18022412656558998,0.0988264135290416,0.18022412656558998,0.12098236662408726,
0.2367379255740301,0.18184217471628397,0.10855006334569353,0.18184217471628397,0.1255576738798921,
0.23504443560153868,0.18066056506167927,0.09958507716311842,0.18066056506167927,0.11957580316699774,
