Majority Class Accuracy,Accuracy,Precision,Recall,F Score,Support
0.16754826765405978,0.09349378471303887,0.07072311783000583,0.09349378471303887,0.06781003719790633,
0.16808964781216648,0.1456776947705443,0.06679976549798389,0.1456776947705443,0.07374641822579527,
0.16292657017660336,0.13597131854999336,0.0671014917364891,0.13597131854999336,0.06999312884416148,
0.16854081227675619,0.13811350707765577,0.0662322644499635,0.13811350707765577,0.07829173175875076,
0.16664451827242524,0.12691029900332226,0.06116593511083426,0.12691029900332226,0.06362268227358457,
0.1717436974789916,0.1561186974789916,0.0628195430853393,0.1561186974789916,0.06830225352707062,
0.17215489989462593,0.12710748155953636,0.08018592792311453,0.12710748155953636,0.08526237046520467,
0.17445236210081816,0.15109527579836368,0.062492667179811404,0.15109527579836368,0.07548815779202714,
0.1729021913415286,0.11758417958311064,0.06697926709489828,0.11758417958311064,0.07311524546005588,
0.17265429661797604,0.1260692196341624,0.06760307020715581,0.1260692196341624,0.06857682575668334,
0.16978398314014753,0.10787671232876712,0.060840692414622,0.10787671232876712,0.062250664042462614,
0.1749967204512659,0.125278761642398,0.06238426254922083,0.125278761642398,0.07167650143661825,
0.17070572569906792,0.11904127829560586,0.06303574411200313,0.11904127829560586,0.07028175757483696,
0.18203371970495258,0.13250790305584825,0.06267187738732544,0.13250790305584825,0.07215118285339266,
0.17417061611374407,0.14586624539231174,0.0757603652390112,0.14586624539231174,0.07820895763485457,
0.17089276281035393,0.13114104595879555,0.057216644874848996,0.13114104595879555,0.0706007654266333,
0.16856311193437418,0.11828526065096587,0.06147943858708402,0.11828526065096587,0.07064325020263516,
0.18323146425724157,0.1264948179643901,0.06260068955775244,0.1264948179643901,0.06451655437819014,
0.16655659754325716,0.13432835820895522,0.07336489614655442,0.13432835820895522,0.06778261302459651,
0.16793492521647863,0.1313303594856993,0.0614830717567001,0.1313303594856993,0.07571477220054246,
0.16845831148400628,0.11615102254850551,0.056502635793165085,0.11615102254850551,0.06494220062942876,
0.16776576101292534,0.12054866789765234,0.05991397040801342,0.12054866789765234,0.06871737614627262,
0.1624056166379653,0.1258444827129421,0.05888134903562969,0.1258444827129421,0.06605012689453199,
0.17163781624500665,0.12769640479360853,0.06254851981537692,0.12769640479360853,0.07859150186875163,
0.17153478491768454,0.12692511949017526,0.05980473709881278,0.12692511949017526,0.07519828439870584,
0.17168118237001848,0.1468725257323832,0.055514472881802265,0.1468725257323832,0.06682487255002975,
0.17117117117117117,0.15911499735029147,0.06686110462361279,0.15911499735029147,0.06447756341484975,
0.1650395778364116,0.13641160949868075,0.07054134569253317,0.13641160949868075,0.07744399720021615,
0.17500329945888873,0.14860762834895078,0.06722754695983767,0.14860762834895078,0.0769412942766818,
0.17744500397561622,0.15359130665253115,0.06574596227877476,0.15359130665253115,0.06967757085514477,
