Majority Class Accuracy,Accuracy,Precision,Recall,F Score,Support
0.012211308733740376,0.013273161667109106,0.003987185247055735,0.013273161667109106,0.004587946865281181,
0.01237854385731399,0.013576467456408892,0.004012734793923493,0.013576467456408892,0.0040186839932935025,
0.013536828135368282,0.013138686131386862,0.0015663391161961037,0.013138686131386862,0.002443607232611344,
0.012886940348080245,0.012886940348080245,0.003576592551777789,0.012886940348080245,0.003594646202416187,
0.012519768054823405,0.013705851344227728,0.003724459161500903,0.013705851344227728,0.003919716496521395,
0.015286454871726704,0.012627940980991625,0.003004143769613134,0.012627940980991625,0.0036007464354689774,
0.014521452145214522,0.013729372937293729,0.0041457716402709364,0.013729372937293729,0.004054003844728482,
0.013536601393087133,0.011959521619135235,0.003299708329809603,0.011959521619135235,0.0036960131748619133,
0.012232013678810995,0.012626594765224253,0.004444139708458895,0.012626594765224253,0.0033188085151708143,
0.015251989389920425,0.011936339522546418,0.0034644673425393655,0.011936339522546418,0.003201599513932954,
0.013696808510638299,0.013563829787234043,0.005928353024184518,0.013563829787234043,0.004598092852199599,
0.012159661644197727,0.013613534232090933,0.0019678930241105157,0.013613534232090933,0.0031042145519209995,
0.013143919277748274,0.012745618693574084,0.00519992811203863,0.012745618693574084,0.004798934131931431,
0.014388489208633094,0.014780902550686724,0.006300792285103484,0.014780902550686724,0.004943239522680132,
0.011947431302270013,0.011947431302270013,0.0029245583028824234,0.011947431302270013,0.0034686034406565063,
0.013816925734024179,0.011956954962136309,0.0029166032014360933,0.011956954962136309,0.002995621140272203,
0.012059493501272946,0.013533431595872973,0.0037827208043675507,0.013533431595872973,0.004513276618692799,
0.013888888888888888,0.013624338624338624,0.0036844681634987278,0.013624338624338624,0.0035048635954266277,
0.013460015835312747,0.013328054895750858,0.003246009067528456,0.013328054895750858,0.0031916117046134106,
0.0129973474801061,0.010212201591511936,0.002298616717244966,0.010212201591511936,0.0028425047200524934,
0.012529675547348984,0.0163545238723292,0.002031287853740927,0.0163545238723292,0.003142779632472358,
0.012955790036062509,0.011219447041538667,0.0022631957622633423,0.011219447041538667,0.0030623484369379428,
0.011874917535294894,0.010027708140915689,0.0016052816998107075,0.010027708140915689,0.002415178899956956,
0.013767540375959756,0.011914217633042097,0.0029175405215488477,0.011914217633042097,0.00355795803635561,
0.011681932828886235,0.015797159166334795,0.004015842527433859,0.015797159166334795,0.004792674869524971,
0.013098703360677429,0.012569462820852077,0.003142422402398686,0.012569462820852077,0.00411661500007774,
0.012433862433862434,0.01216931216931217,0.001929077275536639,0.01216931216931217,0.002754952530982274,
0.013171759747102213,0.011591148577449948,0.003214369630275316,0.011591148577449948,0.0032840125712253355,
0.015536537195523371,0.012903225806451613,0.0029624236314582924,0.012903225806451613,0.0037446388361237113,
0.013356254959005553,0.015472097328749008,0.00223813394411507,0.015472097328749008,0.003517754049416476,
