Majority Class Accuracy,Accuracy,Precision,Recall,F Score,Support
0.23910761154855642,0.23805774278215222,0.09457339761455874,0.23805774278215222,0.09441015628874391,
0.24003168735146554,0.22894111433852654,0.0785726879691249,0.22894111433852654,0.1132625559443166,
0.23578947368421052,0.23473684210526316,0.06287985108982479,0.23473684210526316,0.09076779612932827,
0.2331921651667549,0.2298835362625728,0.07226981666544904,0.2298835362625728,0.0974650084957333,
0.23840359455530594,0.1868640148011101,0.12054107946062122,0.1868640148011101,0.10375089728077608,
0.2304411568705851,0.22764227642276422,0.08513709447458644,0.22764227642276422,0.09543881893031105,
0.23570579691007526,0.2234253268189621,0.07894564554144376,0.2234253268189621,0.11007023319198744,
0.2286770530763137,0.22247161341431212,0.08360442374563362,0.22247161341431212,0.0977875249937319,
0.2450993290356532,0.23089067227996316,0.08317022579582553,0.23089067227996316,0.12073556399796538,
0.24260433174854729,0.24181193872160592,0.07017754786698585,0.24181193872160592,0.09572826458068309,
0.23370282396410663,0.22961203483768805,0.07608360199695002,0.22961203483768805,0.09385219265531992,
0.24794156706507303,0.24767596281540505,0.08160348965926392,0.24767596281540505,0.09975524381020869,
0.2384402582005006,0.23606902911342378,0.07509110678106579,0.23606902911342378,0.09809957333834489,
0.244053911205074,0.24114693446088795,0.07784877525324363,0.24114693446088795,0.09757319768476667,
0.2370134183605686,0.2064567556795536,0.08047275878581511,0.2064567556795536,0.11545942217319541,
0.2364694984782321,0.2339552732565833,0.07210176955856853,0.2339552732565833,0.09383821960963609,
0.23946235155944148,0.22602114054547828,0.08527000040709735,0.22602114054547828,0.11257974616322126,
0.23841673285676462,0.2324596240402436,0.07886352267453405,0.2324596240402436,0.10414234359170453,
0.22999212805038047,0.2278929414851745,0.10742284699306037,0.2278929414851745,0.08838952467593784,
0.2394796229921678,0.23616089207487057,0.09205337754113191,0.23616089207487057,0.10116764508732237,
0.2286693920611895,0.2153501252802321,0.07882610503418083,0.2153501252802321,0.10222668432384784,
0.23061708860759494,0.22969409282700423,0.06693569493101363,0.22969409282700423,0.087871599364598,
0.24345862664364457,0.2429273475893213,0.08259706169098871,0.2429273475893213,0.09902335772823562,
0.2286811440677966,0.2051112288135593,0.07423345056342961,0.2051112288135593,0.10873550540661177,
0.2341546975886151,0.21162208459612597,0.09285314159314459,0.21162208459612597,0.1122205131367177,
0.23885941644562333,0.21962864721485412,0.1045482772366166,0.21962864721485412,0.11524288762503429,
0.23900774379839873,0.2266701666885418,0.0980116325485424,0.2266701666885418,0.1101898314067284,
0.23759378702119258,0.2282479926286692,0.0753464625007632,0.2282479926286692,0.11009404566690704,
0.23681763846460352,0.23416124319298712,0.06964181698893947,0.23416124319298712,0.092336081663977,
0.24031316348195328,0.21868365180467092,0.08673026859478983,0.21868365180467092,0.1184548338834677,
