Majority Class Accuracy,Accuracy,Precision,Recall,F Score,Support
0.013024602026049204,0.01802394421786607,0.02615355924313057,0.01802394421786607,0.007216227602907826,
0.01854550271559147,0.01404159491323354,0.005898094989523929,0.01404159491323354,0.00378375169670089,
0.01722767028889478,0.015107341637953882,0.01986903010992265,0.015107341637953882,0.00637415641505758,
0.015723270440251572,0.014675052410901468,0.015620500279958583,0.014675052410901468,0.004878278874437634,
0.011512504962286622,0.013365091967712055,0.010035777017858526,0.013365091967712055,0.005478465459169531,
0.017027455121436115,0.013199577613516367,0.004389909350894905,0.013199577613516367,0.00432594697398776,
0.015018607123870282,0.015683147262094632,0.016774494848067454,0.015683147262094632,0.006315664652383078,
0.01791359325605901,0.013040042149631191,0.012580479866840005,0.013040042149631191,0.005816247432062742,
0.014750428025813249,0.01211642302120374,0.0066101991496650405,0.01211642302120374,0.0038405527361620915,
0.0176158940397351,0.013245033112582781,0.00800307498616255,0.013245033112582781,0.00549380123563726,
0.015342250196695516,0.015735641227380016,0.022411758465139757,0.015735641227380016,0.0054303169603338985,
0.015045532532664644,0.015309489243764022,0.011577332099429266,0.015309489243764022,0.005771580631876481,
0.014976805831676607,0.012591119946984758,0.013550839458530913,0.012591119946984758,0.004401833041445222,
0.015984147952443857,0.015191545574636724,0.028055955605094267,0.015191545574636724,0.008352930293875247,
0.015594026694859257,0.013347429628650721,0.01752935379717196,0.013347429628650721,0.005782682583398996,
0.013340377757231542,0.013472460705322943,0.010701734076239963,0.013472460705322943,0.006406133227320214,
0.013689614321442676,0.013952876135316572,0.019537031412651656,0.013952876135316572,0.006133061773802776,
0.019350563286944997,0.013121272365805169,0.00910613207005561,0.013121272365805169,0.005388929898939345,
0.01702520786590999,0.014385640754916194,0.007042421128428396,0.014385640754916194,0.005243964193557734,
0.018341412288746233,0.013887069304336435,0.011695184734055794,0.013887069304336435,0.005276278131053382,
0.019269102990033222,0.012624584717607974,0.009218455059828733,0.012624584717607974,0.00414740033903905,
0.015119363395225464,0.019628647214854113,0.01782155154526445,0.019628647214854113,0.00828696659286079,
0.01868659903897491,0.011211959423384944,0.018277265199608372,0.011211959423384944,0.005955311689854929,
0.014566929133858268,0.01036745406824147,0.007644158811143794,0.01036745406824147,0.004206575009941826,
0.015631209431712808,0.017750695456351835,0.016749100238842376,0.017750695456351835,0.006805502366465469,
0.016158696794534945,0.015764582238570676,0.0076560475296343885,0.015764582238570676,0.00540528634825734,
0.014502307185234015,0.012261041529334212,0.0051997531013267114,0.012261041529334212,0.003919839766391561,
0.015654019633855133,0.012868134783762272,0.009895063235320295,0.012868134783762272,0.005405775079456473,
0.01620067938332898,0.012803762738437419,0.006997183830516645,0.012803762738437419,0.004856970759317257,
0.0150066401062417,0.012881806108897742,0.015590515375869054,0.012881806108897742,0.005340896817023105,
