Majority Class Accuracy,Accuracy,Precision,Recall,F Score,Support
0.25411140583554376,0.1916445623342175,0.10722242990063309,0.1916445623342175,0.1246912096812097,
0.25188417294724313,0.2317863281766495,0.11473308674708303,0.2317863281766495,0.12756065537990838,
0.2544067350697185,0.17416469350171007,0.10382080598650323,0.17416469350171007,0.10925126195558013,
0.2560180875116372,0.23806357228354835,0.11039309977525205,0.23806357228354835,0.12884254164376485,
0.25349143610013175,0.18735177865612648,0.11613700834461381,0.18735177865612648,0.12631019008517716,
0.24728188809334395,0.15234685759745425,0.09930264849037265,0.15234685759745425,0.11243861750021049,
0.24572110919463977,0.2225023218787316,0.1198690454936793,0.2225023218787316,0.12963846711825125,
0.24890829694323144,0.20457853645626572,0.12114701882619003,0.20457853645626572,0.12901039109684834,
0.24886938015429635,0.1822293163075286,0.10880144440150401,0.1822293163075286,0.11866865809173742,
0.24976994873143157,0.21020113053766268,0.1462145583549749,0.21020113053766268,0.13153317705101847,
0.24973390101117615,0.21394358701436936,0.12390691163460413,0.21394358701436936,0.13133077992271563,
0.2512211221122112,0.22217821782178218,0.12125407565661588,0.22217821782178218,0.1315654669930497,
0.2501975243613379,0.22544113774032132,0.10834207369305102,0.22544113774032132,0.12069278809496871,
0.2578042328042328,0.21785714285714286,0.11845035663328123,0.21785714285714286,0.14095231569231761,
0.24877726371447456,0.22855254461335095,0.12872025195634837,0.22855254461335095,0.12677155153171435,
0.2528916929547844,0.23054679284963198,0.10605837957863008,0.23054679284963198,0.12017483447893285,
0.25371155885471897,0.21142629904559915,0.11446780165782161,0.21142629904559915,0.13636528358390512,
0.2534383762852183,0.22379489918547202,0.10780924096961628,0.22379489918547202,0.1254900244422405,
0.25204216073781294,0.23135704874835308,0.10632296059809973,0.23135704874835308,0.11586672630822153,
0.2547493403693931,0.21899736147757257,0.11836497105498361,0.21899736147757257,0.12287845288337153,
0.24933226495726496,0.22462606837606838,0.10569955805271554,0.22462606837606838,0.11729737544963809,
0.25857729500596105,0.1210756391575043,0.10253334689208611,0.1210756391575043,0.09792300977217647,
0.24821475800052897,0.17892092039143084,0.11635475503787523,0.17892092039143084,0.12616674609607237,
0.24754966887417218,0.18185430463576158,0.10200838476528826,0.18185430463576158,0.11264584271595142,
0.24950258654994031,0.2001591723040191,0.1035497839745407,0.2001591723040191,0.11945799606806234,
0.23899288162404428,0.18257316108621144,0.11434383028780415,0.18257316108621144,0.1263390402393217,
0.2570900936551906,0.23295079804775096,0.10453018028752482,0.23295079804775096,0.13222355917023468,
0.2528491916247018,0.19825072886297376,0.10480661992788338,0.19825072886297376,0.127042006286745,
0.2522820478899325,0.23177669003836487,0.10947326544916236,0.23177669003836487,0.13384553668921417,
0.24613350958360872,0.2235294117647059,0.1015250914346269,0.2235294117647059,0.11575062906322921,
