Majority Class Accuracy,Accuracy,Precision,Recall,F Score,Support
0.2343229929436826,0.2343229929436826,0.05490726502208513,0.2343229929436826,0.08896741831105197,
0.24093195657929573,0.24093195657929573,0.058048207701127646,0.24093195657929573,0.09355582696273057,
0.2344288364696528,0.2344288364696528,0.05495687936851521,0.2344288364696528,0.08904017428122721,
0.22791125114874622,0.22791125114874622,0.05194353840018688,0.22791125114874622,0.08460471121441751,
0.2280194506505454,0.2280194506505454,0.05199286987497651,0.2280194506505454,0.0846775999312278,
0.2342895263509006,0.2342895263509006,0.05489158215772935,0.2342895263509006,0.08894441860818969,
0.23294179754520258,0.23294179754520258,0.05426188104359015,0.23294179754520258,0.08802018254491172,
0.2356831106996429,0.2356831106996429,0.05554652866906013,0.2356831106996429,0.08990416424419642,
0.22998027613412228,0.22998027613412228,0.05289092741072713,0.22998027613412228,0.08600288709826381,
0.23396076352067868,0.23396076352067868,0.05473763886717893,0.23396076352067868,0.08871860513782316,
0.23785065191623864,0.23785065191623864,0.05657293261697972,0.23785065191623864,0.09140510210888966,
0.2306974263235098,0.2306974263235098,0.053221302512291235,0.2306974263235098,0.086489662485572,
0.22283609576427257,0.22283609576427257,0.049655925575464055,0.22283609576427257,0.08121436020324391,
0.23896479243300053,0.23896479243300053,0.05710417202254703,0.23896479243300053,0.09218045964068029,
0.2340482216597842,0.2340482216597842,0.05477857006210748,0.2340482216597842,0.08877865402768585,
0.22771368641845832,0.22771368641845832,0.05185352298228397,0.22771368641845832,0.08447168677178046,
0.2331571994715984,0.2331571994715984,0.05436227966543873,0.2331571994715984,0.08816763943596598,
0.23396926338102808,0.23396926338102808,0.05474161620706089,0.23396926338102808,0.08872444044038987,
0.24643855678338436,0.24643855678338436,0.06073196226947736,0.24643855678338436,0.09744878628627311,
0.24494086727989486,0.24494086727989486,0.059996028463827074,0.24494086727989486,0.09638374004849569,
0.2283401884038742,0.2283401884038742,0.05213924164031677,0.2283401884038742,0.08489381383518418,
0.2423844537815126,0.2423844537815126,0.05875022343496222,0.2423844537815126,0.09457655922229387,
0.23353610156043375,0.23353610156043375,0.054539110732045225,0.23353610156043375,0.08842726315517282,
0.23273793655025327,0.23273793655025327,0.05416694710966971,0.23273793655025327,0.08788071739116397,
0.24028127902348415,0.24028127902348415,0.05773509304916145,0.24028127902348415,0.09309999921085362,
0.23688056330543378,0.23688056330543378,0.05611240127189962,0.23688056330543378,0.0907321255367537,
0.23474116245200582,0.23474116245200582,0.05510341334931899,0.23474116245200582,0.08925500343714483,
0.24063534083388485,0.24063534083388485,0.05790536725823993,0.24063534083388485,0.09334792481297399,
0.24463291810230586,0.24463291810230586,0.05984526461924949,0.24463291810230586,0.09616532513135788,
0.2261019649495486,0.2261019649495486,0.0511220985540469,0.2261019649495486,0.08338963645026123,
