Majority Class Accuracy,Accuracy,Precision,Recall,F Score,Support
0.15116739216462208,0.15116739216462208,0.022851580453852646,0.15116739216462208,0.039701577041516424,
0.15753243314800106,0.15753243314800106,0.02481646749352942,0.15753243314800106,0.04287822402701767,
0.16066956636351654,0.16066956636351654,0.025814709555440445,0.16066956636351654,0.044482444105638584,
0.1623897353648757,0.1623897353648757,0.026370426151874363,0.1623897353648757,0.04537277876700563,
0.16105165807900648,0.150746465847536,0.03989052516842062,0.150746465847536,0.06160879588613047,
0.15758215652632968,0.15309489243764024,0.035990575282184044,0.15309489243764024,0.05541660575027424,
0.15270805812417437,0.15270805812417437,0.023319751016056215,0.15270805812417437,0.04046081026622636,
0.1514950166112957,0.1514950166112957,0.022950740058056755,0.1514950166112957,0.039862508698644446,
0.15668385561285203,0.15007272246463044,0.038387915544864995,0.15007272246463044,0.05985818364394043,
0.15452393477117307,0.15452393477117307,0.02387764641716575,0.15452393477117307,0.041363623045022974,
0.15101337925553054,0.15101337925553054,0.0228050407141747,0.15101337925553054,0.03962602194759002,
0.1630749014454665,0.1630749014454665,0.026593423481448608,0.1630749014454665,0.045729511398446256,
0.15820182999602175,0.15820182999602175,0.025027819014090166,0.15820182999602175,0.04321840695792397,
0.15217680734922115,0.15191053122087605,0.03695605838340793,0.15191053122087605,0.055485436253872436,
0.14736002127942546,0.14416810746109854,0.03717463095700788,0.14416810746109854,0.057320991841473386,
0.15247472059606174,0.15247472059606174,0.02324854042084709,0.15247472059606174,0.040345423644213056,
0.1610057925223802,0.1610057925223802,0.02592286522575974,0.1610057925223802,0.04465587578067151,
0.1523152447923577,0.15204988722303303,0.03149772968029007,0.15204988722303303,0.040770384543730685,
0.14510790414404873,0.14510790414404873,0.021056303845078433,0.14510790414404873,0.03677610427607294,
0.14961670631773724,0.14961670631773724,0.022388117852171655,0.14961670631773724,0.038948168690739006,
0.1589974804402599,0.1589974804402599,0.025280198786350832,0.1589974804402599,0.04362425149836879,
0.14883474576271186,0.14883474576271186,0.022151781546251078,0.14883474576271186,0.038563912917770435,
0.14977447598832583,0.14977447598832583,0.022432393657577588,0.14977447598832583,0.039020510762852165,
0.1668430801799418,0.1623445355914263,0.04013438142504312,0.1623445355914263,0.06149315536248106,
0.15081145269824514,0.15081145269824514,0.022744094264955033,0.15081145269824514,0.03952705582070493,
0.15606860158311345,0.15606860158311345,0.024357408400108603,0.15606860158311345,0.042138344327929525,
0.15276315789473685,0.15013157894736842,0.0350944872813765,0.15013157894736842,0.05391458431342661,
0.16153337739590218,0.16153337739590218,0.02609303201292696,0.16153337739590218,0.04492859614835381,
0.15687574592229148,0.15687574592229148,0.02460999965867535,0.15687574592229148,0.04254562297709097,
0.1607166381240943,0.1607166381240943,0.025829837769911088,0.1607166381240943,0.04450670718678812,
