Majority Class Accuracy,Accuracy,Precision,Recall,F Score,Support
0.1601153039832285,0.12028301886792453,0.0660717425794449,0.12028301886792453,0.0657426363832995,
0.1561505832449629,0.110949098621421,0.058887133004089015,0.110949098621421,0.07070701221023724,
0.1502168484689184,0.12419503219871206,0.051973947058667286,0.12419503219871207,0.05829893801454956,
0.15538217402803492,0.12020629463104998,0.05825081962719507,0.12020629463104998,0.0696417246843036,
0.15127934581904512,0.12727512529675547,0.051315526119963574,0.12727512529675547,0.06621440267520944,
0.1536430834213305,0.09569693769799366,0.05463746092370812,0.09569693769799366,0.057622919260983084,
0.15222266191795278,0.12346656113969133,0.06512295433100782,0.12346656113969133,0.07063993105152926,
0.15184496947172815,0.1258295726041943,0.06521406200389848,0.1258295726041943,0.06561363689163476,
0.15644736842105264,0.11460526315789474,0.05875162405837117,0.11460526315789474,0.06462799472794892,
0.15431445209105346,0.117787188988883,0.05733855587662603,0.117787188988883,0.061065209470674765,
0.1531448202959831,0.10821881606765328,0.05357831110722015,0.10821881606765328,0.06000033305921578,
0.15698294243070363,0.10940831556503199,0.06195376273385294,0.10940831556503199,0.06721536799708838,
0.15367336152219874,0.113107822410148,0.0516631874899454,0.113107822410148,0.05756371380016753,
0.14883474576271186,0.12089512711864407,0.05424496811155553,0.12089512711864407,0.06075140063495335,
0.14637700357663266,0.12240031792290369,0.05236491094524681,0.12240031792290369,0.05779367726082733,
0.1526969857218403,0.13061872025383395,0.05825512301648757,0.13061872025383395,0.06096071598496022,
0.15833666533386645,0.1366120218579235,0.06988749248953276,0.1366120218579235,0.0733213338700691,
0.1507357815192894,0.13244067347209335,0.05404347184745303,0.13244067347209335,0.06087462903812338,
0.1547255084407816,0.12627940980991625,0.05620851214401685,0.12627940980991625,0.0649809654032084,
0.1578112609040444,0.08749669574411842,0.05636428971212414,0.08749669574411842,0.05559340079550214,
0.14682065578122927,0.11323509889818134,0.0750677129461695,0.11323509889818134,0.06677449202198239,
0.16412163059354667,0.14685964679325456,0.05563878886909812,0.14685964679325456,0.062464475175665404,
0.15846560846560848,0.1335978835978836,0.06155185358240848,0.1335978835978836,0.06524207311338547,
0.14628676955546763,0.10552697533306951,0.06200784210079697,0.10552697533306951,0.06128454859468871,
0.16633663366336635,0.1192079207920792,0.06552280426400624,0.1192079207920792,0.07529945029793339,
0.15996827075621364,0.12466948704389212,0.0575938018691122,0.12466948704389212,0.06817514322109587,
0.15271582261873523,0.1262135922330097,0.06274621251844377,0.1262135922330097,0.06510903102737733,
0.15237970023665529,0.10452274520115698,0.06579565868116405,0.10452274520115698,0.06526080161547206,
0.1555761344093134,0.1338801428760418,0.05793182625755506,0.1338801428760418,0.06807000230901436,
0.14849373500399893,0.113703012529992,0.06025387415644265,0.113703012529992,0.05672982404429062,
