Majority Class Accuracy,Accuracy,Precision,Recall,F Score,Support
0.26258755120919786,0.22928505352187128,0.11105608064748107,0.22928505352187128,0.1336367782350191,
0.2707757144738575,0.18622415382589227,0.12937055342113796,0.18622415382589227,0.13716326615480778,
0.2647058823529412,0.20548844537815125,0.12198771990183285,0.20548844537815125,0.14397768059662916,
0.26707829742511824,0.22648449816079874,0.1227336904470214,0.22648449816079874,0.1494037080621201,
0.27016611295681064,0.21966777408637875,0.13158933949246585,0.21966777408637875,0.14258357418562975,
0.27509986684420773,0.2159786950732357,0.12723194193343834,0.2159786950732357,0.1518918291495786,
0.25958858659588585,0.21021897810218979,0.12280226122824688,0.21021897810218979,0.1355821462593757,
0.2703488372093023,0.2564746300211416,0.11998651574154691,0.2564746300211416,0.13748954366161378,
0.2666314677930306,0.22650475184794086,0.12383562566903486,0.22650475184794086,0.14505672807925202,
0.27155115511551153,0.19735973597359735,0.10890299659480071,0.19735973597359735,0.12508562640160692,
0.260233918128655,0.2420255183413078,0.13293129296038197,0.2420255183413078,0.14230206816146343,
0.2852777039596067,0.18256710071751261,0.12608337429556876,0.18256710071751261,0.1329230101888406,
0.26870793189916853,0.1975715982578857,0.11440692985253628,0.1975715982578857,0.12996197165289755,
0.2632560618172129,0.22235544897415402,0.10728228863714039,0.22235544897415402,0.13461163243553073,
0.27127447063523774,0.2315887601544813,0.1305392362632351,0.2315887601544813,0.14603773957854488,
0.26493230687549774,0.21900716750730023,0.12511139104196012,0.21900716750730023,0.13548195918483769,
0.26814006124350953,0.24683797097590202,0.12013149098656747,0.24683797097590202,0.1309520238733627,
0.26424050632911394,0.21189345991561181,0.11284598673380523,0.21189345991561181,0.13764343129796008,
0.2610362146444621,0.21451229183187945,0.12168410587140065,0.21451229183187945,0.13764978175796502,
0.270042194092827,0.21334388185654007,0.12785046220044763,0.21334388185654007,0.14461344800999323,
0.27282434596903365,0.20902295782167646,0.11791725441195926,0.20902295782167646,0.1318669926035218,
0.26709882259558143,0.1920889006482339,0.1331276932046436,0.1920889006482339,0.14382422238085854,
0.2662949688039294,0.24279835390946503,0.11144831629402975,0.24279835390946503,0.12744219202334117,
0.27625842251288146,0.20782137666798783,0.12128240808437285,0.20782137666798783,0.13984292643805044,
0.26769271244409365,0.2271770586687714,0.1347291682746566,0.2271770586687714,0.1518222550412215,
0.2629766949152542,0.22735699152542374,0.11819116968876991,0.22735699152542374,0.14306570079080927,
0.2709600634752711,0.18262364453848187,0.10830894464216145,0.18262364453848187,0.12223439547825278,
0.28378557246856384,0.16346790205162146,0.11470928063713816,0.16346790205162146,0.12364095408231518,
0.27835186396337475,0.23531720078482668,0.12417959038616394,0.23531720078482668,0.14120019431427083,
0.2629973474801061,0.20928381962864723,0.1161645027488791,0.20928381962864723,0.13473662207844359,
