Majority Class Accuracy,Accuracy,Precision,Recall,F Score,Support
0.021973631642029565,0.022106805167132773,0.026224660153490974,0.022106805167132773,0.010883117235902292,
0.020419057787268116,0.02268784198585346,0.02545634723080253,0.02268784198585346,0.012499146767939267,
0.02404862579281184,0.024577167019027485,0.018641438367851784,0.024577167019027485,0.011593321737724848,
0.019628507443024634,0.023712290870768014,0.022267159549174114,0.023712290870768014,0.012279131068516524,
0.024774774774774775,0.02490726020137785,0.018463186319777856,0.02490726020137785,0.011216517819923123,
0.020042194092827006,0.02465717299578059,0.02108829716756185,0.02465717299578059,0.01027796732539277,
0.024364546292637956,0.025549848544712234,0.03575359933455705,0.025549848544712234,0.011212203654644872,
0.016913037688107604,0.024503928618990544,0.011935566442319079,0.024503928618990544,0.009307005531057462,
0.026417098101685917,0.020841630160626578,0.02285643876697478,0.020841630160626578,0.010504714241263391,
0.026357615894039736,0.02543046357615894,0.026829392459968213,0.02543046357615894,0.011846852349953342,
0.021152829190904283,0.02234267583289265,0.023083583526613213,0.02234267583289265,0.01089615077516654,
0.02689873417721519,0.025184599156118145,0.02466986408559289,0.025184599156118145,0.012904412495983323,
0.022688072177258857,0.020034496484012208,0.021483581334234808,0.020034496484012208,0.009646681209457374,
0.019312169312169312,0.01984126984126984,0.01516138859410873,0.01984126984126984,0.008142471028725238,
0.023188021730488936,0.02265800980522062,0.01992952308220001,0.02265800980522062,0.010192654910673315,
0.021040095275903135,0.02143707820563716,0.015599456655250993,0.02143707820563716,0.007872658293070321,
0.021365840870363088,0.019923974308559446,0.019960227313140167,0.019923974308559446,0.009484440490114866,
0.022775144813059506,0.027909426013691417,0.026657520570557217,0.027909426013691417,0.010172189263369137,
0.020066006600660068,0.023234323432343235,0.0196668813794725,0.023234323432343235,0.01046619273774292,
0.022119205298013245,0.0247682119205298,0.03218637108503045,0.0247682119205298,0.012857970101958861,
0.02388535031847134,0.018710191082802547,0.01712070703929094,0.018710191082802547,0.009587734583394163,
0.0259997360432889,0.02679160617658704,0.029171868802889925,0.02679160617658704,0.012674042105419198,
0.02309011742974007,0.026520649162158596,0.03561720117572852,0.026520649162158596,0.010473179076648945,
0.02356055592322965,0.020516214427531435,0.029121990972904695,0.020516214427531435,0.010454685548356359,
0.023538746363395927,0.021951864586088336,0.02106994233706441,0.021951864586088336,0.009122496274588483,
0.02344573234984194,0.02410432033719705,0.01886318096655182,0.02410432033719705,0.01245362977704369,
0.021450190814580865,0.02223976839057771,0.022468867599562216,0.02223976839057771,0.0107117905113788,
0.026987503323584152,0.023796862536559427,0.019593074751619147,0.023796862536559427,0.010799830956371546,
0.021544929059379925,0.02141355754072517,0.019254487852627653,0.02141355754072517,0.009173370765758583,
0.02455860878799947,0.02044338245055091,0.02286495609910354,0.02044338245055091,0.009147910304317932,
