Majority Class Accuracy,Accuracy,Precision,Recall,F Score,Support
0.014304635761589404,0.013642384105960265,0.0033633306737635,0.013642384105960265,0.0037642719921362018,
0.013923551819256535,0.013266780507027454,0.002416602000578374,0.013266780507027454,0.0034729178748719855,
0.01019732485763475,0.012183816713018143,0.004767186356520861,0.012183816713018143,0.003880976418041371,
0.012506652474720596,0.015566790846194785,0.008130191800635149,0.015566790846194785,0.005606840325865755,
0.011904761904761904,0.013624338624338624,0.007183557739585144,0.013624338624338624,0.00460879285503471,
0.013064133016627079,0.012932172077065188,0.004226033145521673,0.012932172077065188,0.004817722230992477,
0.012813738441215323,0.013474240422721268,0.0029130827965130634,0.013474240422721268,0.003751286007598582,
0.013171899946780202,0.014502394890899415,0.002972316770609026,0.014502394890899415,0.0041165587734759,
0.011086181866173947,0.013725748977167744,0.002848305062898387,0.013725748977167744,0.003608839607296151,
0.015482334259626836,0.012703453751488685,0.002693066807308978,0.012703453751488685,0.00352355775736502,
0.011914217633042097,0.012576118612655547,0.004084222137508998,0.012576118612655547,0.003418341188684536,
0.010714285714285714,0.014947089947089947,0.0021972136180908714,0.014947089947089947,0.003220069902327438,
0.012898131087128192,0.015267175572519083,0.005570193662848781,0.015267175572519083,0.004448567552113815,
0.009425195805124121,0.012876675959113236,0.003067035325644758,0.012876675959113236,0.0036149683941052195,
0.013258072985035443,0.01338934103439223,0.004386924668684564,0.01338934103439223,0.003574544912667542,
0.012828990874222986,0.014019309615130274,0.003646134683033423,0.014019309615130274,0.0036323103515399436,
0.013620735255223487,0.01507537688442211,0.004445130455389861,0.01507537688442211,0.004374664504852513,
0.014767932489451477,0.01595464135021097,0.007016361773047618,0.01595464135021097,0.005246439348691309,
0.012864721485411141,0.014721485411140583,0.004590806462643756,0.014721485411140583,0.004385044724130793,
0.011705240755520084,0.012902367650971002,0.0034027549470308643,0.012902367650971002,0.003957921497496328,
0.012542909955109585,0.015051491946131503,0.0037731199303306746,0.015051491946131503,0.004434250247787024,
0.01349563376554644,0.015744906059804182,0.002897750675900135,0.015744906059804182,0.003910799726174098,
0.013275499474237645,0.01629863301787592,0.003854925068894906,0.01629863301787592,0.004529564857195904,
0.0115698133052853,0.012358664212463844,0.002683067785704765,0.012358664212463844,0.003541188557242807,
0.011286089238845144,0.013910761154855643,0.0023333513904196857,0.013910761154855643,0.0033350806803710783,
0.012664907651715039,0.01424802110817942,0.015317599987132582,0.01424802110817942,0.004258317830002935,
0.011620229763633963,0.013204806549584048,0.004529678821526795,0.013204806549584048,0.004267492857371458,
0.01013424585417215,0.014609107659910503,0.003059640305582618,0.014609107659910503,0.0038887982162112505,
0.013958388201211482,0.016196997629707666,0.00410629741282827,0.016196997629707666,0.004051543296329908,
0.012417437252311756,0.015323645970937912,0.004504169805286956,0.015323645970937912,0.004452307416466551,
