Majority Class Accuracy,Accuracy,Precision,Recall,F Score,Support
0.10338420703384207,0.11532846715328467,0.11269288873677719,0.11532846715328467,0.09338444766723146,
0.10065876152832674,0.12582345191040845,0.13581277527497976,0.12582345191040845,0.09631186048396972,
0.10583749671312122,0.1266105706021562,0.11704434791051652,0.1266105706021562,0.1030708102893863,
0.10496435172960127,0.12714549775547926,0.12873942375582076,0.12714549775547926,0.10106766893982358,
0.0974871727404289,0.11945796605709776,0.113584274432578,0.11945796605709776,0.0952596209567709,
0.1051650692225772,0.12606496272630457,0.11646626427745474,0.12606496272630457,0.1010944110277695,
0.09922358205026978,0.12830635609948676,0.12522088037523263,0.12830635609948676,0.10633156644351122,
0.1017734250926416,0.12427210164107994,0.11341206819588819,0.12427210164107994,0.10144901053046723,
0.09640154030009294,0.12030274863895897,0.10198026845093153,0.12030274863895897,0.09267230193251089,
0.09805220617463893,0.12071021597985955,0.10758027351813408,0.12071021597985955,0.08867929723828825,
0.09873617693522907,0.12980516061084782,0.11015352663502095,0.12980516061084782,0.09884883184395359,
0.09827814569536424,0.12026490066225165,0.1162329228190959,0.12026490066225165,0.0938073073132375,
0.09919429401664245,0.11583674547615903,0.11530137551824689,0.11583674547615903,0.0991976126290511,
0.09509404182559517,0.12113639352887018,0.1111085323882227,0.12113639352887018,0.09404280906251657,
0.1032888654074759,0.1133271694624224,0.12613486499659748,0.1133271694624224,0.09282098738382026,
0.10182010023740438,0.11646003692957003,0.10882034974341258,0.11646003692957003,0.09676809076718444,
0.09299548951976652,0.11674184133722473,0.11369063705537759,0.11674184133722473,0.09559581588959452,
0.10364479787939032,0.11504307488402916,0.10973945062184523,0.11504307488402916,0.0966365397818077,
0.10052770448548813,0.11622691292875989,0.11324264127266642,0.11622691292875989,0.09486547595104597,
0.09940278699402787,0.12422030524220305,0.12103483813533124,0.12422030524220305,0.10224679547946001,
0.10026385224274406,0.12717678100263852,0.11958281150129892,0.12717678100263852,0.10193898002473785,
0.10113396624472573,0.11656118143459916,0.0995405837980128,0.11656118143459916,0.09003175436126801,
0.10418604651162791,0.1174750830564784,0.09501333885300718,0.1174750830564784,0.08902280334799093,
0.09592868547099521,0.12573177221926557,0.10396582244519077,0.12573177221926557,0.0898213923204928,
0.09638395792241947,0.11886916502301118,0.10783429765015058,0.11886916502301118,0.09854855119486707,
0.0980521189786786,0.11858383785206633,0.09977156403712911,0.11858383785206633,0.09080983176750515,
0.10202998540533369,0.12392198487461854,0.11066442035152498,0.12392198487461854,0.09739219968144454,
0.09900471451021477,0.12205343111576741,0.11200353048080326,0.12205343111576741,0.0919738299237394,
0.1083554376657825,0.12029177718832891,0.15167901037783676,0.12029177718832891,0.09635032819500289,
0.10087140216530235,0.12001584367573277,0.11126518149513313,0.12001584367573277,0.10181638569606082,
