Majority Class Accuracy,Accuracy,Precision,Recall,F Score,Support
0.020137784843667197,0.0196078431372549,0.014518162454753212,0.0196078431372549,0.009773894560575815,
0.021112734032664986,0.02456513079272341,0.015653019437736136,0.02456513079272341,0.011786108112832983,
0.021605342411941862,0.021343459473615295,0.02618735427729867,0.021343459473615295,0.011971797542101084,
0.020565211622661537,0.025341647870505506,0.014914617023449794,0.025341647870505506,0.012200056318696851,
0.02146996838777661,0.023182297154899896,0.015621452443481556,0.023182297154899896,0.011675306403812086,
0.019584491200211725,0.026200873362445413,0.022061544877566265,0.026200873362445413,0.01425538674352708,
0.021430449645017093,0.021298974493820667,0.019193500871824767,0.021298974493820667,0.012332101865338545,
0.021870882740447958,0.025296442687747035,0.02466025058871329,0.025296442687747035,0.013067368307024173,
0.02109033028253084,0.02148826104257859,0.020791819579232793,0.02148826104257859,0.01266223052258556,
0.021070765968725154,0.02544394381129075,0.020526789103452077,0.02544394381129075,0.012743624370134803,
0.018172241243086647,0.02278114300763761,0.014434891051117055,0.02278114300763761,0.010109129472223383,
0.02137485156353081,0.021638738619870694,0.022803666135223218,0.021638738619870694,0.011140022574278109,
0.01971608832807571,0.022082018927444796,0.013995381357608805,0.022082018927444796,0.010535232275304158,
0.018594766901314917,0.025102935316775137,0.016630170019579383,0.025102935316775137,0.012144889040129019,
0.022361240516438174,0.024224677226141356,0.012010672185644432,0.024224677226141356,0.010772665620207442,
0.02253558249868213,0.02319451765946231,0.029010738634373333,0.02319451765946231,0.013929490146346358,
0.021841485744179965,0.023934083180748102,0.024469204527159623,0.023934083180748102,0.011639236129831363,
0.01923842377603821,0.023086108531245854,0.02298249077015984,0.023086108531245854,0.012707369059134308,
0.019576719576719578,0.02433862433862434,0.014208241699097892,0.02433862433862434,0.011051006997092756,
0.02066225165562914,0.022649006622516555,0.01772732119853344,0.022649006622516555,0.012141884090182116,
0.019973368841544607,0.020639147802929428,0.016230856319861875,0.020639147802929428,0.010975760061784655,
0.02141355754072517,0.02627430373095113,0.035111828236982376,0.02627430373095113,0.014432362119067274,
0.01877313590692755,0.027102062400846113,0.018104098683154587,0.027102062400846113,0.013396943010362757,
0.02531477799867462,0.0243870112657389,0.022975463544167553,0.0243870112657389,0.013365715709908346,
0.022113992365407398,0.0272475977359484,0.025049719933271295,0.0272475977359484,0.013746414824470999,
0.018632725364125444,0.024012596772077156,0.015797446561824083,0.024012596772077156,0.011991463860972534,
0.020483679133077838,0.022994581736487378,0.017821935325910646,0.022994581736487378,0.012318876871561336,
0.022763366860772894,0.02382212811011117,0.017674325299016032,0.02382212811011117,0.012802745047920675,
0.018320811915117963,0.023197574798998286,0.022963030911614203,0.023197574798998286,0.012438241502215206,
0.021493963115297863,0.023749502454557515,0.02378365105887753,0.023749502454557515,0.014892088312049261,
