Majority Class Accuracy,Accuracy,Precision,Recall,F Score,Support
0.7882978723404256,0.7869680851063829,0.6573972568874363,0.7869680851063829,0.6961601793857507,
0.794350580781415,0.7881467793030623,0.638246954668879,0.7881467793030623,0.700980134082516,
0.79445178335535,0.7915455746367239,0.6500177342921032,0.7915455746367239,0.7037627824587822,
0.7932946145723336,0.7868268215417107,0.6525741043414002,0.7868268215417107,0.7029611338396836,
0.790924680121356,0.7745679989447303,0.6602472310198024,0.7745679989447303,0.6942898243479814,
0.7981208404019313,0.78950802557745,0.6475190985358462,0.78950802557745,0.7068948511488363,
0.7901513140430051,0.7852402442261747,0.6370329376674574,0.7852402442261747,0.6968733360552153,
0.7977230606301298,0.7912364310299179,0.6478952540460247,0.7912364310299179,0.7070347664582438,
0.7958459313789931,0.7912449060076245,0.660366047468104,0.7912449060076245,0.705886037466138,
0.7891558356308258,0.7831167126165157,0.6605950895187487,0.7831167126165157,0.6974115504660401,
0.7856670633346555,0.7707259024196748,0.633729391118805,0.7707259024196748,0.6881075642422003,
0.7911826821541711,0.7532998944033791,0.6469336252844039,0.7532998944033791,0.693450499199909,
0.7919312169312169,0.7404761904761905,0.6485251319512143,0.7404761904761905,0.6909545804653163,
0.794272895223014,0.7909738717339667,0.6792265968583353,0.7909738717339667,0.703653250101634,
0.7817774261603375,0.7770305907172996,0.6325905522055648,0.7770305907172996,0.6867449686655738,
0.7930344275420337,0.7891646650653856,0.6550724137699758,0.7891646650653856,0.7021117183605079,
0.7986001056524036,0.7952984680401479,0.6749302043164308,0.7952984680401479,0.7099637322153582,
0.7895296306138719,0.7824873770927452,0.6561014118998046,0.7824873770927452,0.6979430813910519,
0.7969904963041182,0.7472280887011615,0.6633749533229965,0.7472280887011615,0.698103711865605,
0.793860809738026,0.7897591955543795,0.6442939170913655,0.7897591955543795,0.7019343828629339,
0.7921444576248847,0.7889811519704758,0.6450124807788158,0.7889811519704758,0.700268397243032,
0.7978415372466439,0.7946828112661226,0.6730129850869543,0.7946828112661226,0.7091853357683384,
0.7874243620099973,0.7816364114706656,0.6382572024260611,0.7816364114706656,0.694302926867657,
0.7949801849405548,0.7870541611624835,0.6538773696918977,0.7870541611624835,0.7027622084357539,
0.7943839391156017,0.7908410969689017,0.6506273366286466,0.7908410969689017,0.703447434161941,
0.8060316195031221,0.8015145476285372,0.6702353956230922,0.8015145476285372,0.719272986100968,
0.7848621420996819,0.7823435843054083,0.6509450399169198,0.7823435843054083,0.6908663051607187,
0.794763290134885,0.6921449352023274,0.6607343623685965,0.6921449352023274,0.6713406850754338,
0.7953340402969247,0.7896341463414634,0.6576199540666146,0.7896341463414634,0.7042799490037196,
0.7862333201215485,0.7825340203461487,0.6483179085129411,0.7825340203461487,0.6925776365403348,
