Majority Class Accuracy,Accuracy,Precision,Recall,F Score,Support
0.554673020916071,0.5370664548583531,0.3476790839049104,0.5370664548583531,0.39759464619907636,
0.5530815109343936,0.5361166335321405,0.349810679272202,0.5361166335321405,0.40282121151492734,
0.5495840485936881,0.4477749900963951,0.3533143190985132,0.4477749900963951,0.38034359652609817,
0.5543334216803605,0.3566127749801219,0.3547707037595933,0.3566127749801219,0.34523225951731584,
0.5551025775907417,0.5336664913203577,0.3587890828554869,0.5336664913203577,0.40989450423375107,
0.5621693121693122,0.5255291005291005,0.35470178686341713,0.5255291005291005,0.41354229773420403,
0.5493386243386243,0.5091269841269841,0.3494333589662383,0.5091269841269841,0.4006749605882673,
0.5548309821666223,0.4311951024753793,0.32702797333017264,0.4311951024753793,0.3671297056765118,
0.555363551774558,0.5355576232885817,0.3506214195520557,0.5355576232885817,0.40298422965781355,
0.5572499014065991,0.4595767056658341,0.3304571786849034,0.4595767056658341,0.37846014363672986,
0.554673020916071,0.534154090548054,0.3457465109344865,0.534154090548054,0.4035744261380204,
0.5477487050073051,0.497410014610174,0.3412173191594397,0.497410014610174,0.3948788214709445,
0.5393643676645127,0.5321113015956745,0.3453659493800459,0.5321113015956745,0.3822448089620103,
0.545550289626119,0.49710373880989994,0.34605982601356816,0.49710373880989994,0.3975379575937332,
0.5550099535500995,0.5378898473788984,0.3602459092790722,0.5378898473788984,0.4040411822472521,
0.5494592455816407,0.48470060670007914,0.3489666098080492,0.48470060670007914,0.4000386354088577,
0.5293028178330467,0.47413679058076463,0.3375106424749609,0.47413679058076463,0.3855974664469152,
0.5414589346628181,0.5034111781684597,0.34262162076768377,0.5034111781684597,0.386179376756958,
0.5555993173165288,0.5221215701719837,0.34744781986235057,0.5221215701719837,0.39956728444521544,
0.5439915578419734,0.4652420524996702,0.342494580785931,0.4652420524996702,0.38865924993586065,
0.5490144198968118,0.47109406006085464,0.35684021113017167,0.47109406006085464,0.39019411804993825,
0.5544423938834695,0.41879778539414714,0.34046775470687546,0.41879778539414714,0.3668295920274704,
0.5439957911350782,0.5226884124687623,0.3349767914689859,0.5226884124687623,0.38949342301842405,
0.5520296178765041,0.5107761470316012,0.3485568716375556,0.5107761470316012,0.4042299165098491,
0.5463958582238152,0.5349794238683128,0.3423314167026548,0.5349794238683128,0.39189093912022555,
0.5531436135009927,0.5237590999338186,0.35078535190058885,0.5237590999338186,0.40204431452050493,
0.5502316346790205,0.5315684976836532,0.3371181399541425,0.5315684976836532,0.3953247239113926,
0.5614867536575722,0.5446157901673916,0.3559949205080636,0.5446157901673916,0.40837319118302334,
0.5502863993605968,0.48421473291594513,0.35378207372183107,0.48421473291594513,0.3990905290952432,
0.5563564875491481,0.5119266055045871,0.3502311035645827,0.5119266055045871,0.39598779650723726,
