Majority Class Accuracy,Accuracy,Precision,Recall,F Score,Support
0.28886526707414295,0.2840818495880946,0.12150281779997196,0.2840818495880946,0.13540605074468476,
0.27286076625283673,0.27259377920170874,0.07457926444763655,0.27259377920170874,0.11711648653458594,
0.2657333333333333,0.2650666666666667,0.09308521809277584,0.2650666666666667,0.1130123603527337,
0.2717046056114346,0.27051349920592904,0.08759586680740167,0.27051349920592904,0.11763599464612036,
0.2640486579399709,0.2631230992992199,0.11641929172005966,0.2631230992992199,0.11087759058724989,
0.26727804359383306,0.24880382775119617,0.10038330314688687,0.24880382775119617,0.14137897623545215,
0.2649561286891784,0.2644243552246743,0.08989165434657247,0.2644243552246743,0.11284739996728563,
0.2636208481029277,0.2566627281081791,0.09695163633761444,0.2566627281081791,0.13518534655842354,
0.26854658057715114,0.26788773224403745,0.08742602846956272,0.26788773224403745,0.11409962161471845,
0.271489024067707,0.27043110288283523,0.1619181285100157,0.27043110288283523,0.1172284855560783,
0.26770519701531614,0.2670506610812934,0.07913698977368593,0.2670506610812934,0.1132465229053123,
0.26211920529801325,0.23973509933774834,0.09767544844987452,0.23973509933774834,0.12175848630209503,
0.2680683311432326,0.2671484888304862,0.08814052121466175,0.2671484888304862,0.11391649123054676,
0.2747616525423729,0.2746292372881356,0.07558769961173649,0.2746292372881356,0.1185470495887001,
0.2724151591179189,0.27215106298692726,0.10987828394701019,0.27215106298692726,0.117612216049891,
0.2642809807819748,0.26388336646785954,0.10637595544451103,0.26388336646785954,0.11170592119352239,
0.2775488501927423,0.27701714741459527,0.11229888499116325,0.27701714741459527,0.12423525486901536,
0.2732211474758182,0.26858354312972044,0.10453320731434522,0.26858354312972044,0.1232967888475459,
0.269891204613973,0.2683182592738236,0.09561384163104816,0.2683182592738236,0.11642904813850981,
0.2642904290429043,0.2631023102310231,0.09896697375672771,0.2631023102310231,0.11268267383953248,
0.275144813059505,0.267114270668773,0.09602972106745572,0.267114270668773,0.13137995790408752,
0.26618990862137465,0.2649980135081446,0.08088939124594993,0.2649980135081446,0.1129175822082036,
0.2686842105263158,0.2675,0.08894883648666217,0.2675,0.11512489929271942,
0.26879724174512665,0.26786898289351546,0.09023474014842753,0.26786898289351546,0.11460664059717945,
0.26517150395778366,0.26451187335092347,0.07488799206760798,0.26451187335092347,0.11147513779098801,
0.2759580957432701,0.27516244529903194,0.09537378037278621,0.27516244529903194,0.12192020233062822,
0.2695044807590933,0.26607801792303637,0.09423603327380818,0.26607801792303637,0.11959514060199353,
0.2614915882898397,0.2595045701417406,0.08313901047638189,0.2595045701417406,0.11121364677918552,
0.26297169811320753,0.26284067085953877,0.11360938000368385,0.26284067085953877,0.11107878690862516,
0.27216112362528155,0.2668610043725984,0.16614040455885226,0.2668610043725984,0.13031598651974435,
