Majority Class Accuracy,Accuracy,Precision,Recall,F Score,Support
0.19835913722376605,0.15270610030435358,0.08175848915674032,0.15270610030435358,0.09273833479540647,
0.20482876262957617,0.18462144075580633,0.07786420210627647,0.18462144075580633,0.08452057055958785,
0.20476190476190476,0.14497354497354498,0.09144859637095558,0.14497354497354498,0.09627856612602227,
0.19540836521968596,0.14051985750098958,0.06526870452417481,0.14051985750098958,0.08347392253887737,
0.1971644361998145,0.12004770107327414,0.0821439902698589,0.12004770107327414,0.08193946853522004,
0.20131492439184748,0.1618671926364234,0.08331608828331699,0.1618671926364234,0.09363498002782424,
0.20537019805928486,0.12348797022464443,0.0767874160356353,0.12348797022464443,0.08278105872831347,
0.1914669475902028,0.1682907558598894,0.07564370677324661,0.1682907558598894,0.08345127423545591,
0.20152591423309654,0.16574585635359115,0.07704886918859723,0.16574585635359115,0.09723309435612316,
0.1971608832807571,0.1328864353312303,0.08654348731468106,0.1328864353312303,0.0917530693121767,
0.19631006105654367,0.14773028935492435,0.07948802382000048,0.14773028935492435,0.08150220650009188,
0.2038115404976178,0.1658284806776072,0.0804489047946703,0.1658284806776072,0.08759978349523215,
0.19656765676567656,0.14706270627062706,0.08409284650401871,0.14706270627062706,0.08702819211180375,
0.2019014921431401,0.1509309388617457,0.09393163555009237,0.1509309388617457,0.09837360445818531,
0.19449565446405057,0.12009481169344219,0.08005680847382782,0.12009481169344219,0.08048192546578607,
0.20249469214437368,0.18046709129511676,0.06918821331039667,0.18046709129511676,0.08392729520539426,
0.19646596858638743,0.17028795811518324,0.07997131677927628,0.17028795811518324,0.09320760803003006,
0.2018348623853211,0.18060288335517694,0.08010484590158187,0.18060288335517694,0.08532636325030564,
0.20438527799530148,0.14004176455233622,0.07783384604824473,0.14004176455233622,0.09331546406750829,
0.20153297211576582,0.15884762785780362,0.0790663815052969,0.15884762785780362,0.08751746532005893,
0.2053747859307074,0.1434593597681465,0.08008643500244739,0.1434593597681465,0.08840966695102134,
0.1859760115987874,0.09872149729800975,0.06790471908654747,0.09872149729800975,0.07111916258519492,
0.20613107822410148,0.17071881606765327,0.08961518793092307,0.17071881606765327,0.10104682307275084,
0.2034614876469811,0.17624521072796934,0.07827593301313453,0.17624521072796934,0.08957990355508844,
0.20922220749966874,0.10242480455810256,0.07396495281789897,0.10242480455810256,0.07541785209124478,
0.2002388535031847,0.1604299363057325,0.08705356630664271,0.1604299363057325,0.09401212373943585,
0.20234333859926276,0.15310689836756186,0.07686935505533488,0.15310689836756186,0.08158567718397262,
0.19418114797261718,0.14257503949447078,0.07139546147848702,0.14257503949447078,0.08286966010387303,
0.20270988310308183,0.1592720510095643,0.08915015875270596,0.1592720510095643,0.09966521149464708,
0.2,0.13880499015101772,0.07159984696294368,0.13880499015101772,0.08306463066212096,
