Majority Class Accuracy,Accuracy,Precision,Recall,F Score,Support
0.010183838116651236,0.013225763787858748,0.007271870747346429,0.013225763787858748,0.005746132119955559,
0.009722769675469714,0.013270266719222178,0.023884061981332957,0.013270266719222178,0.0056861514364583195,
0.016201859229747675,0.014342629482071713,0.009813471040815832,0.014342629482071713,0.00652200669093756,
0.012506582411795681,0.013428120063191154,0.005358015522277634,0.013428120063191154,0.004990688693440596,
0.013140430050438015,0.012211308733740376,0.00800995532560517,0.012211308733740376,0.004477321128809857,
0.013502779984114376,0.014429441355573206,0.020850384124777094,0.014429441355573206,0.0067266358263968215,
0.010651045133803754,0.01251497803221941,0.003980204966046907,0.01251497803221941,0.004428328938547116,
0.011186576108669596,0.013850046610733786,0.010086401309345894,0.013850046610733786,0.006383039951026016,
0.011480601741884403,0.013328054895750858,0.019137741143410554,0.013328054895750858,0.00479038298037183,
0.016188470650171097,0.013556198999736773,0.017878004443987107,0.013556198999736773,0.006589893607217577,
0.01187178472497032,0.014773776546629732,0.013570555714998236,0.014773776546629732,0.005612866095424548,
0.010301109350237718,0.012546222926571579,0.009971230935268803,0.012546222926571579,0.004853485563997585,
0.0133422281521014,0.01160773849232822,0.011641898299776098,0.01160773849232822,0.004862925848288956,
0.012956107879428873,0.012295081967213115,0.0077442433475577,0.012295081967213115,0.00592516262815751,
0.010377860564129857,0.012506652474720596,0.012391893135207417,0.012506652474720596,0.005084233605332891,
0.014742993757471111,0.014211714703147828,0.006689781767914661,0.014211714703147828,0.005850791292010997,
0.012554513017047707,0.012554513017047707,0.015282608404797096,0.012554513017047707,0.0066666570648251915,
0.010971579643093192,0.013086582947785856,0.0067571837318877465,0.013086582947785856,0.004684376879773282,
0.011583011583011582,0.012248701903874318,0.012865011443868434,0.012248701903874318,0.00501863543790183,
0.010765393199422345,0.013653669423657607,0.02093337530352702,0.013653669423657607,0.005288097720601652,
0.009949588750331653,0.014460068983815336,0.007024017838939882,0.014460068983815336,0.005422467145671489,
0.011243386243386243,0.014021164021164021,0.008447935136480848,0.014021164021164021,0.005954199914931131,
0.01241087932400317,0.014787430683918669,0.01239160264602008,0.014787430683918669,0.006659050202361784,
0.01350635593220339,0.012976694915254237,0.008180964723455654,0.012976694915254237,0.0039695970846881715,
0.01078663509602736,0.011970534069981584,0.009756687364377143,0.011970534069981584,0.005289776977680196,
0.012813667912439935,0.01401494927923118,0.011751415814924476,0.01401494927923118,0.006098337373662304,
0.013656854945637762,0.01405462741978255,0.012334914396551355,0.01405462741978255,0.006489149839569135,
0.0106143027729866,0.014196629958869576,0.010504697261147776,0.014196629958869576,0.006532959180136643,
0.013250298131707963,0.012587783225122565,0.009635949914962768,0.012587783225122565,0.005637697377162321,
0.01276595744680851,0.009574468085106383,0.006403913191216104,0.009574468085106383,0.004694080571362381,
