Majority Class Accuracy,Accuracy,Precision,Recall,F Score,Support
0.037880794701986756,0.0390728476821192,0.04065424358735578,0.0390728476821192,0.020926457773783675,
0.037730835658296796,0.04756210973827554,0.04350923218385748,0.04756210973827554,0.024395251648783922,
0.04394726328405913,0.045545345585297645,0.05081315667017758,0.045545345585297645,0.030138779204996777,
0.04277305428384565,0.041465009810333554,0.03526469101788765,0.041465009810333554,0.022016118109950227,
0.040120230005227395,0.035023523261892314,0.04053291264009084,0.035023523261892314,0.022905500904772044,
0.04167217885963752,0.0502711998941659,0.04939041645688198,0.0502711998941659,0.027168435484310086,
0.040867279894875166,0.040867279894875166,0.03268878753061779,0.040867279894875166,0.02257728466547786,
0.039527788831410005,0.03912985807136225,0.032529366526504046,0.03912985807136225,0.019456355052751114,
0.038083864118895965,0.033572186836518046,0.040138937186450854,0.033572186836518046,0.020137722598339874,
0.04316069057104914,0.040903054448871184,0.03626900289686334,0.040903054448871184,0.0161246322901996,
0.04293499933537153,0.05091054100757676,0.04507300522658772,0.05091054100757676,0.02917763746186862,
0.03888374553630472,0.04576114270599127,0.04586395999359173,0.04576114270599127,0.0242933616612753,
0.04280258132490452,0.04583168708020545,0.03757477205915639,0.04583168708020545,0.024921424182995096,
0.03748027354024198,0.03734876380852183,0.035300502305452945,0.03734876380852183,0.021081547438091864,
0.04024727081415231,0.0347231356043667,0.03994860591122479,0.0347231356043667,0.01899958442868017,
0.04107779685642583,0.040285299167877424,0.03751413050860803,0.040285299167877424,0.021822912224784507,
0.04395315173049085,0.04658507698381366,0.03996785929725024,0.04658507698381366,0.027834542490701625,
0.04122481442205726,0.04705726405090138,0.04520438408323762,0.04705726405090138,0.02501329227758073,
0.04089121887287025,0.03905635648754915,0.03349545396788232,0.03905635648754915,0.018810830795407945,
0.041616806275761205,0.04188272836059035,0.035934933321452,0.04188272836059035,0.02070966702532699,
0.03857331571994716,0.04557463672391017,0.04846470722347594,0.04557463672391017,0.028666178490190826,
0.04320169626292075,0.04161144977471508,0.04975795089920469,0.04161144977471508,0.02404060536774892,
0.039010843692144935,0.04562285109759323,0.043106796034556555,0.04562285109759323,0.027935484114472147,
0.047841151385927504,0.03997867803837953,0.04118404613457537,0.03997867803837953,0.023806699380860316,
0.03753138628254262,0.04506409409277124,0.05333561502895929,0.04506409409277124,0.027525527165880387,
0.043553084458565,0.03719883505427588,0.045110007462945766,0.03719883505427588,0.0205654379702036,
0.042119205298013246,0.04728476821192053,0.04167367696618502,0.04728476821192053,0.027082994592828626,
0.041198996434702234,0.04463224613759408,0.02949528961289382,0.04463224613759408,0.0237766708309062,
0.044035018946818244,0.04076832614660917,0.027083526515310773,0.04076832614660917,0.021671851491102352,
0.043731008059188795,0.039106883339939225,0.04166633019028119,0.039106883339939225,0.023208895428227384,
