Majority Class Accuracy,Accuracy,Precision,Recall,F Score,Support
0.01511735844052513,0.014189099588913937,0.009674374827446748,0.014189099588913937,0.0054106987237290205,
0.013250298131707963,0.016165363720683716,0.012997017197600555,0.016165363720683716,0.005242293676667902,
0.015635264748390488,0.017343318880567598,0.00927480423371368,0.017343318880567598,0.007735952167450221,
0.017382143797735054,0.01540690018435607,0.02167820559155823,0.01540690018435607,0.007575617157405876,
0.015833223380393193,0.01332629634516427,0.006066905315226509,0.01332629634516427,0.004780476979221108,
0.015085924176833267,0.01770956316410862,0.00814397123268507,0.01770956316410862,0.006666945351166266,
0.013164823591363875,0.015139547130068457,0.023509953424930518,0.015139547130068457,0.005593794597292375,
0.017622896515171592,0.016695375645952033,0.025523600353829383,0.016695375645952033,0.006736552515309885,
0.017826260476253825,0.01569775176267128,0.014368315000416517,0.01569775176267128,0.007825793082637861,
0.017729558084149246,0.015083355385022493,0.009771239296643537,0.015083355385022493,0.005695510803073078,
0.015506958250497018,0.014976805831676607,0.018638846866558437,0.014976805831676607,0.006629917963385172,
0.01840168243953733,0.015509989484752892,0.019850376780284267,0.015509989484752892,0.006878449120919651,
0.016096847146468005,0.01662897432486364,0.006622453949317032,0.01662897432486364,0.0057243277765542284,
0.01726886291179596,0.017401700318809776,0.023306984652807953,0.017401700318809776,0.007249276022085559,
0.015602274229802988,0.01824672748909163,0.008081819159307219,0.01824672748909163,0.0065970732913526444,
0.014506254990684057,0.01903114186851211,0.008006335025761736,0.01903114186851211,0.006913587983915719,
0.016494305537374,0.018196098965833223,0.013186730771535426,0.018196098965833223,0.00899516739091421,
0.017495395948434623,0.017232307287555905,0.012368182955951261,0.017232307287555905,0.006710815265717359,
0.014295168762409001,0.013898080741230973,0.009265795885386872,0.013898080741230973,0.0061856427787340545,
0.017636220057909976,0.01605685706764938,0.024700059220596995,0.01605685706764938,0.006817882815549868,
0.012621614514856692,0.017223244806731527,0.03126963811480662,0.017223244806731527,0.0078080483856200105,
0.01796328094043059,0.017302866199973583,0.014043105488968873,0.017302866199973583,0.006950788080267509,
0.01648278612255749,0.016615711817094245,0.011109897964489683,0.016615711817094245,0.006515105104205463,
0.01768617021276596,0.01449468085106383,0.006412849719092349,0.01449468085106383,0.004197302384824569,
0.020013253810470512,0.016964877402253147,0.015284420513714096,0.016964877402253147,0.007239849662289423,
0.017960908610670893,0.014527205493924987,0.039965241586157996,0.014527205493924987,0.00667224729171411,
0.015513126491646777,0.018032352161230444,0.01060427399890592,0.018032352161230444,0.00787635458275616,
0.018102536997885835,0.015724101479915435,0.013189811218505817,0.015724101479915435,0.0064924966079157554,
0.015276301806588736,0.016339001062699258,0.01286700877059046,0.016339001062699258,0.006871731266015636,
0.018596676338696914,0.017937219730941704,0.020139685614433262,0.017937219730941704,0.007025534011665849,
