Majority Class Accuracy,Accuracy,Precision,Recall,F Score,Support
0.1765715795034337,0.17472266244057053,0.08605809154244735,0.17472266244057053,0.06445446908663971,
0.18315595848114571,0.18171068190776507,0.06405344583927632,0.18171068190776507,0.06197078080482606,
0.17800498099357714,0.17525232664831564,0.05685672308276849,0.17525232664831564,0.05752498592567563,
0.183223249669749,0.1690885072655218,0.05998460656983716,0.1690885072655218,0.07817394573269491,
0.18716010080912587,0.18424194190210905,0.05766056616189457,0.18424194190210905,0.06519818793731344,
0.18468708388814914,0.18189081225033288,0.06895974267688586,0.18189081225033288,0.06446954252882382,
0.17935791987264527,0.17630671265587688,0.05382513002902213,0.17630671265587688,0.05916949291418827,
0.17114270668773038,0.14652448657187994,0.05998846108814092,0.14652448657187994,0.07640930632952914,
0.18451205057289607,0.1780587383116028,0.0806056460094697,0.1780587383116028,0.06629917104518247,
0.17985800683670786,0.17801735471995792,0.05756865546675265,0.17801735471995792,0.05874196703111217,
0.18579881656804734,0.17764628533859303,0.07541781709006931,0.17764628533859303,0.07147069958260781,
0.1733631932551706,0.1707284942695297,0.04658587329455324,0.1707284942695297,0.05776282821273086,
0.17139448568398727,0.16370625662778368,0.04895606558758033,0.16370625662778368,0.062307018806793034,
0.17745330176269403,0.1699552749276506,0.04999585901903477,0.1699552749276506,0.07570470960301531,
0.18816990869392616,0.18406775175334128,0.05484492564801422,0.18406775175334128,0.06516766831374537,
0.1829316475701304,0.16804951929408665,0.05902704005834082,0.16804951929408665,0.06743836148992827,
0.18427291886195996,0.18242887249736564,0.04779317373665984,0.18242887249736564,0.05868231124396997,
0.1718231310582924,0.17009693267826317,0.03807788957040581,0.17009693267826317,0.0524770545210982,
0.1871375856615709,0.18516078017923038,0.07145337489944538,0.18516078017923038,0.061676556986211814,
0.18198700092850512,0.1582437989123226,0.0629559555321467,0.1582437989123226,0.07016874166206212,
0.17660218449796025,0.17489143308330043,0.05561240783399846,0.17489143308330043,0.06067685792015404,
0.1756084794556399,0.17416906568961005,0.054832861300048476,0.17416906568961005,0.05799777756291094,
0.17182539682539683,0.1712962962962963,0.06491467964752344,0.1712962962962963,0.05428508777473888,
0.1780749371110817,0.17132265325036408,0.05730749387254226,0.17132265325036408,0.06986308148032926,
0.1714663143989432,0.17120211360634083,0.08329104371450394,0.17120211360634083,0.054425023345718075,
0.1834319526627219,0.18211702827087442,0.053450143153785344,0.18211702827087442,0.059454662105443166,
0.17975751186083289,0.1793621507643648,0.04719213708094527,0.1793621507643648,0.056334979417359245,
0.1733935209771641,0.17219861922464152,0.05827002355668452,0.17219861922464152,0.05740921136061944,
0.1745126641029041,0.17305397162180083,0.05904561289851737,0.17305397162180083,0.05619968330427184,
0.18015045532532664,0.17328758083674278,0.0554732854172115,0.17328758083674278,0.07677923775727474,
