Majority Class Accuracy,Accuracy,Precision,Recall,F Score,Support
0.032473606842175595,0.04075905385540558,0.024194902941661663,0.04075905385540558,0.021499980749562157,
0.03240432057607681,0.03467128950526737,0.035701206428944865,0.03467128950526737,0.020799888735685498,
0.0368809272918862,0.04399367755532139,0.029691543624058566,0.04399367755532139,0.020438197826444564,
0.034877599368254804,0.0413266649118189,0.036598419181598174,0.0413266649118189,0.025390182237541418,
0.03369450317124736,0.03514799154334038,0.020860021847403747,0.03514799154334038,0.019480249999521974,
0.03490678302261008,0.0391379082374719,0.027867222104864735,0.0391379082374719,0.0200217284488924,
0.03290700772715161,0.03876898481215028,0.02884490528716255,0.03876898481215028,0.020675004440682678,
0.03369434416365824,0.03877523733119401,0.03514114844970981,0.03877523733119401,0.023595677765940272,
0.0338016967126193,0.041489925768822905,0.032832727846664404,0.041489925768822905,0.025423963058966038,
0.03465085638998682,0.04453227931488801,0.03216217945908204,0.04453227931488801,0.024730603431506543,
0.028556319407720784,0.03833950290851401,0.033687905743435026,0.03833950290851401,0.0216532140687719,
0.030371055064043313,0.0381618909282979,0.03436946527432799,0.0381618909282979,0.0252479942823403,
0.03925701488604927,0.038598340139639045,0.03453528434370256,0.038598340139639045,0.023659134275033435,
0.0362405416168857,0.04433824505509093,0.030743989950216318,0.04433824505509093,0.025360736831947173,
0.03343505373490779,0.04073238689133608,0.028723681482511032,0.04073238689133608,0.021344204548491848,
0.035941644562334216,0.03793103448275862,0.029857049825880336,0.03793103448275862,0.020849632980013258,
0.03434156650376437,0.03486989829612997,0.03228047301757163,0.03486989829612997,0.020957416244344943,
0.031151003167898626,0.0381467793030623,0.03903110234751427,0.0381467793030623,0.023330570914738794,
0.0328476821192053,0.04423841059602649,0.03186686538867099,0.04423841059602649,0.022353938262107246,
0.03235177604648092,0.04040670804172719,0.03133979847912839,0.04040670804172719,0.022087847180889384,
0.03345186355854076,0.03871987356775978,0.03800627614767774,0.03871987356775978,0.02398066751941893,
0.03663821405121471,0.04149704530531845,0.0606806188855285,0.04149704530531845,0.025513453823572514,
0.03040230638186345,0.039182282793867124,0.03267141291750409,0.039182282793867124,0.02425424059160657,
0.033426183844011144,0.03753813503117124,0.03380632151060807,0.03753813503117124,0.022590307772593424,
0.030327004219409284,0.041666666666666664,0.024657299183030414,0.041666666666666664,0.022649921004693527,
0.03246323042268451,0.033920763217172384,0.025582932972581015,0.033920763217172384,0.019472690344668152,
0.02995118089457712,0.039715001979152925,0.03090136032916382,0.039715001979152925,0.02202890104239679,
0.03432796408766834,0.04106152627409559,0.02970050722833118,0.04106152627409559,0.024314834837518697,
0.03351437276460458,0.04066763809776129,0.029822180562230825,0.04066763809776129,0.02311249503811858,
0.03616042077580539,0.04299802761341223,0.03861819005332047,0.04299802761341223,0.024327764711488085,
