Majority Class Accuracy,Accuracy,Precision,Recall,F Score,Support
0.3370458764253514,0.27234155396446563,0.1777773432428193,0.27234155396446563,0.20199072855850414,
0.34225595951524834,0.2863230789719004,0.17973398075970873,0.2863230789719004,0.2065665999709966,
0.3442840111273016,0.23605775599417142,0.1820886002141284,0.23605775599417142,0.1910409585268877,
0.34118581259925884,0.3172313393329804,0.16277103926446096,0.3172313393329804,0.18932382365776126,
0.3471392539492898,0.29072082835523694,0.17566724495636177,0.29072082835523694,0.19653068854181344,
0.3448595654478007,0.2527821939586645,0.16630935351885018,0.2527821939586645,0.18815936164989952,
0.34611848154472613,0.22041245238407986,0.1685423334318236,0.22041245238407986,0.1781095248443788,
0.3467216385157601,0.28035643037637986,0.18213192496059305,0.28035643037637986,0.19202956884167668,
0.3413173652694611,0.3170991350632069,0.15022189582012893,0.3170991350632069,0.18584811446222338,
0.34898626553302814,0.2578155657292348,0.18083165545818639,0.2578155657292348,0.1966228077204843,
0.34927152317880794,0.3,0.1797441650943204,0.3,0.21302118545408547,
0.33460929250263993,0.30425026399155225,0.16562586698349574,0.30425026399155225,0.18429210000174842,
0.34010822225155074,0.25155074567770885,0.17656859628385616,0.25155074567770885,0.19746874536465153,
0.3512874408828166,0.3000525486074619,0.18055613189197164,0.3000525486074619,0.20643303110935404,
0.3409420767911334,0.3061089853542684,0.17048711056026838,0.3061089853542684,0.20810827732652845,
0.3344257996853697,0.2962768746722601,0.1626242996439042,0.2962768746722601,0.1945233187281306,
0.3478318002628121,0.28396846254927727,0.17307245282632558,0.28396846254927727,0.2053109849035271,
0.34432717678100266,0.32097625329815305,0.16316663658740693,0.32097625329815305,0.1896065175607283,
0.3486955370149649,0.30552244735796585,0.18395276826947307,0.30552244735796585,0.21945737467335855,
0.3474159691776272,0.3237677693636243,0.17258665265119047,0.3237677693636243,0.20368646085548436,
0.352384758859579,0.28816946442845726,0.17745148095491844,0.28816946442845726,0.20670582385709987,
0.3391200636098595,0.3004240657301882,0.1774304153817518,0.3004240657301882,0.20809807482951162,
0.3516035751840168,0.29258675078864355,0.1868431281663481,0.29258675078864355,0.20237799885876526,
0.33745677041766425,0.30061186485767494,0.16027429779044142,0.30061186485767494,0.19292032759489353,
0.35043189368770766,0.3096345514950166,0.1713813928655789,0.3096345514950166,0.20561698861211927,
0.34896661367249604,0.2742448330683625,0.1789393506817641,0.2742448330683625,0.19720768458286167,
0.34798194370685076,0.2298194370685077,0.17468633876541886,0.2298194370685077,0.1893657968239721,
0.33871182824376583,0.29883984531270835,0.1722169447456713,0.29883984531270835,0.20292893074308055,
0.34502693469977663,0.26041256076731045,0.18518887474597565,0.26041256076731045,0.19209580922065828,
0.35046113306982873,0.27575757575757576,0.16428161742350036,0.27575757575757576,0.19450681057284216,
