Majority Class Accuracy,Accuracy,Precision,Recall,F Score,Support
0.1676829268292683,0.10087486744432662,0.06888264546701263,0.10087486744432662,0.07150388882548184,
0.16706539074960128,0.12706007442849548,0.05858225000976497,0.12706007442849548,0.06094409423726711,
0.16195237468754112,0.11393237731877384,0.05426542079798206,0.11393237731877384,0.06666416670678599,
0.1570957095709571,0.1256765676567657,0.05701420271664954,0.1256765676567657,0.0578273720317055,
0.166821499668215,0.08520238885202389,0.05516969053456564,0.08520238885202389,0.058881830837623376,
0.15781846923988935,0.12264523778158345,0.05637866405039028,0.12264523778158344,0.06517081938977175,
0.16792377927749108,0.11750694720127035,0.08053728055647544,0.11750694720127035,0.07087586318724097,
0.17232307287555906,0.1402262562483557,0.06379157852119005,0.1402262562483557,0.07514810768301643,
0.16404077849860982,0.13650205216470276,0.060700152802506326,0.13650205216470276,0.07151686629285584,
0.17223684210526316,0.11552631578947369,0.061110790665288524,0.11552631578947369,0.0684479132572391,
0.16288933068257125,0.11517561298873426,0.0750025844969532,0.11517561298873426,0.07625581203372547,
0.158172000526801,0.09298037666271566,0.06336300910617558,0.09298037666271566,0.0675683952523307,
0.15632852797249042,0.13675439756645946,0.06344920827675572,0.13675439756645946,0.07205381529276975,
0.1658774006840305,0.11444356748224152,0.055139788045486186,0.11444356748224152,0.06901154561007267,
0.1658562228939414,0.1341832041004074,0.055466111280012616,0.1341832041004074,0.0707766086087704,
0.16217999472156241,0.10332541567695962,0.06023481218695735,0.10332541567695962,0.06265052907002525,
0.16633558469076942,0.12766520990597272,0.06003161204583122,0.12766520990597272,0.07220106791533565,
0.1645418326693227,0.13771580345285525,0.05993812227502925,0.13771580345285525,0.07197450973642798,
0.1662262156448203,0.1286997885835095,0.0638029177067775,0.1286997885835095,0.07615621915608488,
0.1585253456221198,0.13416721527320605,0.05564207007643996,0.13416721527320605,0.0692587269017088,
0.15940502830064499,0.13610635777280505,0.07119020159613737,0.13610635777280505,0.0740700266531415,
0.16439082593132706,0.13615272438022008,0.07859365491051616,0.13615272438022008,0.07889281321884037,
0.16273242779902414,0.13991823816431492,0.06606876746303098,0.13991823816431492,0.07157623469220792,
0.16671091053889037,0.12211308733740377,0.05844688064454879,0.12211308733740377,0.07212119266989875,
0.155,0.11473684210526315,0.05010524538210323,0.11473684210526315,0.057366943053824504,
0.16016915554380864,0.14365005946874587,0.057984474049252874,0.14365005946874587,0.05721682275116684,
0.15905200789993418,0.12797893350888742,0.061844415780224156,0.12797893350888742,0.0610240344993592,
0.16062722361312426,0.13427329028857557,0.05882407498481633,0.13427329028857557,0.07034424674325138,
0.16524478277989238,0.1011943824648904,0.061200279152505414,0.1011943824648904,0.0681701654588214,
0.16792079207920793,0.1318811881188119,0.06155653949967302,0.1318811881188119,0.0773762304008437,
