Majority Class Accuracy,Accuracy,Precision,Recall,F Score,Support
0.2019256132946452,0.1899235030335004,0.059980749898098415,0.1899235030335004,0.07860066589144468,
0.2018348623853211,0.1937242387980322,0.05827604699235246,0.1937242387980322,0.08726851213640988,
0.18941687508226931,0.179939449782809,0.11629480151038044,0.179939449782809,0.0778983307457617,
0.20247603833865815,0.2012779552715655,0.047824147697184426,0.2012779552715655,0.06885582876357596,
0.19671479666180952,0.19472777851371043,0.07163184887668705,0.19472777851371043,0.06735849227138423,
0.2013396375098503,0.17494089834515367,0.06374111549401254,0.17494089834515367,0.0878762436394512,
0.20248853962017027,0.1985592665356909,0.06182478006205889,0.1985592665356909,0.0815782586106252,
0.19655081621906267,0.19062664560294892,0.05621854083864385,0.19062664560294892,0.08260866457416072,
0.19605767958724699,0.19513163116814394,0.0506249892899366,0.19513163116814394,0.06572761404045788,
0.20076912876276357,0.198116960615303,0.07107500890292132,0.198116960615303,0.08760090142081722,
0.20234760570895025,0.20048019207683074,0.06431582360195327,0.20048019207683074,0.0748726889145053,
0.19692144373673037,0.17661889596602973,0.07255899786613565,0.17661889596602973,0.1024027657434294,
0.19065941355977178,0.18720976515855114,0.05727366807561129,0.18720976515855114,0.06841469852816942,
0.19364619035064592,0.19193250725019773,0.04424872504132134,0.19193250725019773,0.06401670084828398,
0.1913907284768212,0.1891390728476821,0.08803819899011471,0.1891390728476821,0.0660293042969684,
0.19950124688279303,0.19950124688279303,0.0566839139520674,0.19950124688279303,0.06795365301551254,
0.18954509177972864,0.18488959829741952,0.06040126813233726,0.18488959829741952,0.07287905847058679,
0.1994456177402323,0.16578669482576558,0.0577243169944221,0.16578669482576558,0.07689780500500105,
0.19997367035281727,0.19931542917324907,0.049212301522060485,0.19931542917324907,0.06744453251145197,
0.1997615578222281,0.1973771360445092,0.06489335205093459,0.1973771360445092,0.0727181596534686,
0.20044955705407907,0.20097844770593679,0.07000934068852492,0.20097844770593679,0.07097729771842806,
0.20534179558376306,0.20269734232447442,0.06596978376849418,0.20269734232447442,0.07442051759891519,
0.19780800211276905,0.19543113693384392,0.057584501709439434,0.19543113693384392,0.06909129878751841,
0.18531328987628043,0.18345084475189571,0.06819111178577611,0.18345084475189571,0.06004628046488631,
0.1990233601689323,0.19572390128019004,0.04906452066654784,0.19572390128019004,0.06843107919722059,
0.19778042013476022,0.19540229885057472,0.06515634724589948,0.19540229885057472,0.07010743957805729,
0.19011003579477662,0.1889168765743073,0.07830451903488694,0.1889168765743073,0.06489224119694623,
0.1987896329430338,0.1733982370740692,0.06727962652940789,0.1733982370740692,0.07845953260941688,
0.1976436325125761,0.19221604447974583,0.05632239012887381,0.19221604447974583,0.08309845888083497,
0.19788359788359788,0.16468253968253968,0.06761365194295825,0.16468253968253968,0.08389668072776081,
