Majority Class Accuracy,Accuracy,Precision,Recall,F Score,Support
0.014285714285714285,0.015343915343915344,0.016432729815218705,0.015343915343915344,0.004748436690556071,
0.012950971322849213,0.018633540372670808,0.004401522056549092,0.018633540372670808,0.004911444227408915,
0.014816774705648895,0.016139701018653262,0.005794589615758414,0.016139701018653262,0.005826629336859097,
0.013391673296207902,0.017369398037655793,0.0054143765091004626,0.017369398037655793,0.005486710448100899,
0.013062409288824383,0.019659585697321548,0.005089610692399695,0.019659585697321548,0.006227049155112469,
0.01754617414248021,0.016886543535620052,0.01278843805787188,0.016886543535620052,0.006458751281011275,
0.01511735844052513,0.016310834106882378,0.004470737069058725,0.016310834106882378,0.005782661441257039,
0.012728719172633254,0.017767170511800583,0.016901399447168324,0.017767170511800583,0.005471684152108235,
0.011084718923198733,0.017022961203483768,0.006555766442859683,0.017022961203483768,0.004976227512794697,
0.013482846081965025,0.016419703644373247,0.005968171580456392,0.016419703644373247,0.006092388819555421,
0.013185654008438819,0.0167457805907173,0.0058552807210207275,0.0167457805907173,0.006009039686256433,
0.010187880391638,0.016671077004498543,0.0037490249095056562,0.016671077004498543,0.00494446830156607,
0.012752391073326248,0.016206163655685443,0.0033458724931902427,0.016206163655685443,0.004551178942915468,
0.012903225806451613,0.015141540487162607,0.018440278066130123,0.015141540487162607,0.0053653939127918,
0.014438998542853358,0.017485759703271958,0.0031538522089020063,0.017485759703271958,0.004562556398151792,
0.011774044185738854,0.016271993649953697,0.006168354477441918,0.016271993649953697,0.004701700772119824,
0.011876167600747264,0.016012810248198558,0.006159181431108977,0.016012810248198558,0.00452279130158207,
0.012417437252311756,0.012813738441215323,0.007866204482500588,0.012813738441215323,0.004416589684390158,
0.012725344644750796,0.017629904559915165,0.004656465116436382,0.017629904559915165,0.005388438604827058,
0.012805280528052805,0.0165016501650165,0.024509840650598375,0.0165016501650165,0.00643175576851294,
0.01449466332850178,0.014758202661747266,0.004329196642395915,0.014758202661747266,0.00530055621128086,
0.013007698433766923,0.015529599150517654,0.005687619462043661,0.015529599150517654,0.006170726900957704,
0.01154765065038492,0.017122378550570746,0.0032586871368498415,0.017122378550570746,0.00475840806298202,
0.010318825241434052,0.0177272125942585,0.007656753233195908,0.0177272125942585,0.00614297346578972,
0.011752277829129803,0.0159778159249967,0.0038800216205154983,0.0159778159249967,0.004687982562780529,
0.012362089591918118,0.016881563206167752,0.0057192591509536705,0.016881563206167752,0.005939361546884129,
0.011827242524916943,0.01621262458471761,0.004645499839082726,0.01621262458471761,0.005574611515487287,
0.013577643026627999,0.014500395465330872,0.005324115476038548,0.014500395465330872,0.0055596414175080825,
0.011815675462780622,0.016016804516213734,0.008448968214731858,0.016016804516213734,0.006353579710083536,
0.01202113606340819,0.015059445178335535,0.0033624617398195743,0.015059445178335535,0.004415398389575343,
