Majority Class Accuracy,Accuracy,Precision,Recall,F Score,Support
0.015942606616181746,0.013418360568619636,0.008700248883446487,0.013418360568619636,0.006081647569182319,
0.011336672818349592,0.01515950435011864,0.014554880440448897,0.01515950435011864,0.007622820776273831,
0.01281543136477738,0.014929316950720042,0.006917219013663789,0.014929316950720042,0.005937221442360161,
0.012788398154251812,0.012656558998022413,0.015123510493092936,0.012656558998022413,0.005910525071628105,
0.012124406958355299,0.013442277279915656,0.009309784691479151,0.013442277279915656,0.00576142080000935,
0.013301725273278019,0.011853022520742789,0.009455303451759193,0.011853022520742789,0.005126148904753012,
0.014206787687450671,0.016574585635359115,0.013175838637426105,0.016574585635359115,0.007837930553190979,
0.010329757647993643,0.014302741358760428,0.00990785855131431,0.014302741358760428,0.006547728937668759,
0.013161393246477,0.015554373836745546,0.011746687975974585,0.015554373836745546,0.006796388805043406,
0.013131715081575806,0.012203209974797718,0.009944586122808376,0.012203209974797718,0.005312911589084861,
0.012554513017047707,0.014140346240253733,0.006719949265264524,0.014140346240253733,0.005440925546782879,
0.012749003984063745,0.013280212483399735,0.021198176713657542,0.013280212483399735,0.007000532263919425,
0.013644191283613724,0.013644191283613724,0.01791630330332523,0.013644191283613724,0.007899184653084921,
0.013373940677966102,0.016287076271186442,0.01107797902085761,0.016287076271186442,0.006636794961996964,
0.012183816713018143,0.012183816713018143,0.01656355454332903,0.012183816713018143,0.005924842127311274,
0.01685541216750066,0.012378193310508295,0.01221139661093357,0.012378193310508295,0.0066946274155874575,
0.012596128347918324,0.018032352161230444,0.01388435952965839,0.018032352161230444,0.0075091801242058035,
0.01532567049808429,0.014929316950720042,0.0108813140129095,0.014929316950720042,0.006544770632210062,
0.012825598307549915,0.017188946185376173,0.011662051883479699,0.017188946185376173,0.007598312060750185,
0.012370048690617187,0.01434399263060929,0.010041393323928444,0.01434399263060929,0.006009251413835612,
0.014783526927138331,0.013727560718057022,0.007164102285511611,0.013727560718057022,0.00529327056875919,
0.010297029702970298,0.015049504950495049,0.007284224206077098,0.015049504950495049,0.006146867648318771,
0.011903187409072874,0.014416082528766036,0.020942238637495458,0.014416082528766036,0.00574360564286429,
0.012335958005249344,0.013910761154855643,0.00786734518621749,0.013910761154855643,0.006124476446350708,
0.013696826023969445,0.01093112076912946,0.008285972018620791,0.01093112076912946,0.004759570716862439,
0.010452500661550675,0.015480285789891506,0.010438500673728247,0.015480285789891506,0.006479385128365467,
0.012347318109399893,0.014073287307488051,0.00839441334453707,0.014073287307488051,0.006199253984771369,
0.013276686139139671,0.016728624535315983,0.011928254591685568,0.016728624535315983,0.007581005937307017,
0.012032262329763321,0.014941160914980827,0.011501599940833688,0.014941160914980827,0.006980757231968367,
0.01490371933526774,0.01622263255077816,0.011775459313155478,0.01622263255077816,0.006612741874138359,
