Majority Class Accuracy,Accuracy,Precision,Recall,F Score,Support
0.013292569453675395,0.009570650006646284,0.0065564709643846225,0.009570650006646284,0.003063363184002829,
0.010935441370223979,0.010671936758893281,0.005043869713970617,0.010671936758893281,0.0032983323814998887,
0.013713080168776372,0.010548523206751054,0.0038048369638027475,0.010548523206751054,0.002713285514216038,
0.012721971905645375,0.00993904055128545,0.0265015760371254,0.00993904055128545,0.003899987133120654,
0.012577783662121011,0.011253806434529326,0.012597808224969458,0.011253806434529326,0.004737763208882445,
0.01371139510117146,0.010649627263045794,0.010548368764632358,0.010649627263045794,0.00416591818534082,
0.012886940348080245,0.011824099907001461,0.0212607743330091,0.011824099907001461,0.004096179126402594,
0.009326152633652962,0.011296466570340207,0.013048503577694081,0.011296466570340207,0.004795632403612304,
0.012496711391739017,0.009865824782951855,0.011023727080902488,0.009865824782951855,0.0033389666761072805,
0.011657173135514638,0.007815604715856404,0.0037726183354332065,0.007815604715856404,0.0022040727795761537,
0.011189556414013587,0.010789929399227387,0.007128462745979579,0.010789929399227387,0.003327933249918221,
0.01428760418044715,0.00965736208493187,0.00462100785736091,0.00965736208493187,0.003567335054869247,
0.013714888566530397,0.01054991428194646,0.011802358854893974,0.01054991428194646,0.0033126269231356607,
0.012773242033184093,0.012246510402949697,0.009149273073467705,0.012246510402949697,0.005031525282781534,
0.011093502377179081,0.009376650818806127,0.00850591985902445,0.009376650818806127,0.0032259263149792662,
0.011786518341941464,0.007681101840815786,0.0035870331515553875,0.007681101840815786,0.0022576533001306257,
0.013305229877486497,0.01106573573969174,0.010255948224639226,0.01106573573969174,0.0043049358657533355,
0.013640577406965965,0.012845980664812608,0.0032121680882910173,0.012845980664812608,0.0032167043572204654,
0.011268725971099033,0.00994299350391091,0.010642261380439624,0.00994299350391091,0.004367212895421299,
0.0136986301369863,0.010142255005268703,0.005568000758048225,0.010142255005268703,0.0037913364650555142,
0.013206550449022716,0.010036978341257264,0.009095226593756469,0.010036978341257264,0.0031563736357818686,
0.012278848692896752,0.010562450488513335,0.017697768732155415,0.010562450488513335,0.00402268537473218,
0.011764705882352941,0.008957219251336898,0.0014351530210435363,0.008957219251336898,0.001748726237656777,
0.012537943777220536,0.012669922132770225,0.01878992112685076,0.012669922132770225,0.0046030977057162775,
0.016443041304919758,0.012628255722178374,0.02080374359017842,0.012628255722178374,0.004377054944608814,
0.01359556494192186,0.010295670538542767,0.006087200091714289,0.010295670538542767,0.004163672192665726,
0.01273209549071618,0.010079575596816976,0.008963664982312476,0.010079575596816976,0.002842436469611695,
0.013543721236028929,0.010650887573964497,0.015163349539684784,0.010650887573964497,0.004965093315528396,
0.013292971834693341,0.009739405106607002,0.007611258115996996,0.009739405106607002,0.0030624034888108594,
0.013727560718057022,0.011615628299894404,0.014006008490362702,0.011615628299894404,0.004859314358089232,
