Majority Class Accuracy,Accuracy,Precision,Recall,F Score,Support
0.09863049776139057,0.10956017908875428,0.11279376483192857,0.10956017908875428,0.07805499196880898,
0.0975609756097561,0.10115953618552578,0.10032350927099488,0.10115953618552578,0.071187737953935,
0.10095011876484561,0.10807600950118765,0.11021845464187574,0.10807600950118765,0.08975014419013744,
0.1062203479177649,0.10121244069583553,0.09519028242880744,0.10121244069583553,0.06497808872477574,
0.09828269484808455,0.11122853368560105,0.11291824301352898,0.11122853368560105,0.076941105478429,
0.09929736179239029,0.10274426620707941,0.08782575190420584,0.10274426620707941,0.07733956207964784,
0.10193275086047128,0.11570029123643102,0.11323781299883748,0.11570029123643102,0.09241608753358951,
0.10030475685702929,0.11249503113820061,0.1075806446286045,0.11249503113820061,0.093847973591056,
0.09840179632809404,0.1035530313036587,0.09938124662318289,0.1035530313036587,0.06701883807911045,
0.09847689075630252,0.0976890756302521,0.08840274532023477,0.0976890756302521,0.07210785271383424,
0.10568360398114196,0.10424305919329492,0.09453341853184427,0.10424305919329492,0.0716432978990025,
0.1,0.10464807436918991,0.10146535696607718,0.10464807436918991,0.07789173495184172,
0.09477037430315902,0.11322006902044067,0.10259389093150159,0.11322006902044067,0.08517206923565918,
0.10238000265922084,0.11368169126445951,0.10214981796461685,0.11368169126445951,0.08017491546359232,
0.09588134021983843,0.107535425771421,0.09910001872171577,0.107535425771421,0.07065418195495698,
0.10757235364080878,0.09488568785516056,0.09612184341575229,0.09488568785516056,0.06698239448508449,
0.10527019796682718,0.11396468699839486,0.1127427368884502,0.11396468699839486,0.09100251539962835,
0.10096727176361468,0.11567510268981052,0.1166012765961937,0.11567510268981052,0.09599686220109663,
0.09465184008472333,0.10180037066454858,0.09064607337721957,0.10180037066454858,0.07382807113172647,
0.10350738396624473,0.11550632911392406,0.10038421689497182,0.11550632911392406,0.08467109994580138,
0.09730018711574445,0.10866078588612671,0.11127546867931148,0.10866078588612671,0.08368597169067275,
0.09740603493912123,0.10428798305982001,0.10586118857062002,0.10428798305982001,0.07922567518445026,
0.10127422352004248,0.09769046986992301,0.09823278319227521,0.09769046986992301,0.05815983864370462,
0.0925023059691659,0.11529845829490051,0.11254307109693043,0.11529845829490051,0.08150303349406204,
0.0976707252514558,0.11408152461619905,0.11099550192860712,0.11408152461619905,0.08599713795985392,
0.1011014948859166,0.0978232362968791,0.09549297332721544,0.0978232362968791,0.07373093093138175,
0.09612097304404997,0.10953320184089414,0.1095988294859903,0.10953320184089414,0.09103516994947837,
0.09990797949257263,0.10924148810306297,0.10834662108852955,0.10924148810306297,0.08060351316524696,
0.09496763967771761,0.10645885616166953,0.10355274696752399,0.10645885616166953,0.08214660785278019,
0.10307104257282193,0.09331751680506128,0.09269548098838773,0.09331751680506128,0.0703400535436947,
