Majority Class Accuracy,Accuracy,Precision,Recall,F Score,Support
0.015237842851464158,0.019080429309659468,0.008006135144896658,0.019080429309659468,0.006830136448192613,
0.016120507399577166,0.01757399577167019,0.006025665086115297,0.01757399577167019,0.006336278789147097,
0.013769363166953529,0.01933006752283861,0.006995582009567942,0.01933006752283861,0.008203593362598304,
0.014703934295933236,0.017750695456351835,0.007010235535145351,0.017750695456351835,0.006343263610917349,
0.014002642007926024,0.020739762219286657,0.006028929875971693,0.020739762219286657,0.006822588350457151,
0.012402691647974667,0.020319303338171262,0.005701978400941866,0.020319303338171262,0.006951820205825551,
0.015449623663013336,0.018222633038425987,0.004944190162856718,0.018222633038425987,0.006076710639023963,
0.017191219254165564,0.017455699550383497,0.00658903655190845,0.017455699550383497,0.006451421976522842,
0.015791551519936834,0.01973943939992104,0.008798590403725567,0.01973943939992104,0.007767727246460723,
0.0160758993279747,0.019765449993411517,0.006244095870502686,0.019765449993411517,0.007583649851338653,
0.015103338632750398,0.019475357710651828,0.007518245722092938,0.019475357710651828,0.006524064312201497,
0.01303145978675793,0.018165065157298935,0.011698601060831572,0.018165065157298935,0.007472568694889965,
0.015306801543990417,0.019432982829761747,0.005226633437506608,0.019432982829761747,0.006410879409670063,
0.015712383488681758,0.016245006657789614,0.012564599377580553,0.016245006657789614,0.005670543683209562,
0.01633513371097352,0.019891977341588724,0.007026759601195455,0.019891977341588724,0.007013156405055868,
0.016281512605042018,0.019170168067226892,0.006093214229530126,0.019170168067226892,0.006624546636009189,
0.012546222926571579,0.02033808769149498,0.006517921923817524,0.02033808769149498,0.0073322472062587575,
0.016037859865912975,0.020770343105034835,0.007705314806804893,0.020770343105034835,0.008109042965436132,
0.014812855442401799,0.018912842216638012,0.006933512676457107,0.018912842216638012,0.007097742684292752,
0.014345331246739697,0.018518518518518517,0.00723120449568385,0.018518518518518517,0.005739993764663032,
0.016020124453859395,0.0164173176221369,0.008348372797376769,0.0164173176221369,0.005668409885780797,
0.014257425742574258,0.01887788778877888,0.006604774376984426,0.01887788778877888,0.006260191926319788,
0.017462627331657626,0.016139701018653262,0.004203194300174407,0.016139701018653262,0.005002994999302134,
0.013606340819022457,0.018758256274768823,0.005618570922836986,0.018758256274768823,0.005943940760697883,
0.017341805665872387,0.020254169976171566,0.007486393975991778,0.020254169976171566,0.007210937647605975,
0.015030593242883746,0.01675977653631285,0.0052062226657682,0.01675977653631285,0.0060260481350493215,
0.017369398037655793,0.017899761336515514,0.00791297957520195,0.017899761336515514,0.005851110452851104,
0.017142857142857144,0.017807308970099668,0.007225040218602044,0.017807308970099668,0.005609327889569708,
0.013070186903672723,0.018951771010325448,0.005648556393249517,0.018951771010325448,0.006391267913861206,
0.01424426272751253,0.019783698232656292,0.005872546580613948,0.019783698232656292,0.006331153185129231,
