Majority Class Accuracy,Accuracy,Precision,Recall,F Score,Support
0.6527759461954371,0.5679810101542925,0.45839533675145816,0.5679810101542925,0.5052576190520907,
0.6485740570377185,0.6337232224996714,0.4624295634979596,0.6337232224996714,0.5167211842859694,
0.6539620170268501,0.637721021611002,0.4529096916727198,0.637721021611002,0.5177331082489898,
0.6557377049180327,0.6426493918561608,0.46101325501711554,0.6426493918561608,0.5216186231719792,
0.6452770027899561,0.6264115849608077,0.4438929917502607,0.6264115849608077,0.5076515069000339,
0.6473551637279596,0.6352909982765478,0.45680368350371464,0.6352909982765478,0.5119170469083848,
0.6458305975049244,0.6278397898883782,0.44433380347761775,0.6278397898883782,0.5087810891915348,
0.6437310880147349,0.5962373371924746,0.460114925790174,0.5962373371924746,0.5094085999389734,
0.6478012488375182,0.6374385545370002,0.46242476164195195,0.6374385545370002,0.5129598360835625,
0.6497085320614733,0.6033386327503975,0.45722858864023774,0.6033386327503975,0.5152234989861156,
0.6413820492454329,0.6025946518400848,0.4519974428636745,0.6025946518400848,0.5095391300577121,
0.6435643564356436,0.6295709570957095,0.4458243443967338,0.6295709570957095,0.5073835762454961,
0.6527080581241743,0.6404227212681638,0.45856589163590766,0.6404227212681638,0.5178624253993278,
0.6552456839309428,0.502921646746348,0.44453941669082825,0.502921646746348,0.4688892547057573,
0.6452850152096283,0.49001454834016667,0.4514873441488904,0.49001454834016667,0.45969470526104905,
0.6497508523472332,0.6317859952793077,0.460167616841338,0.6317859952793077,0.5126867335328893,
0.637629276054097,0.6296738265712013,0.44122844529893296,0.6296738265712013,0.49920066994116297,
0.6386875741204375,0.6140466464619845,0.4333257739988149,0.6140466464619845,0.4997417421328552,
0.6397984886649875,0.6196473551637279,0.43854189537654514,0.6196473551637279,0.4995982649779403,
0.6423482849604222,0.6277044854881266,0.4485592101717181,0.6277044854881266,0.5042350156520872,
0.6421471172962226,0.4599072233267064,0.45840065566206856,0.4599072233267064,0.44285655893963993,
0.6366040729965617,0.5993123512298334,0.4455350915265381,0.5993123512298334,0.497578263605481,
0.6381849542258193,0.6250497545442484,0.44931619505226383,0.6250497545442484,0.5030323639215946,
0.6475951374207188,0.6076902748414377,0.45656637272969086,0.6076902748414377,0.5137274047914648,
0.6467642019243443,0.6338473705021748,0.45032141220390187,0.6338473705021748,0.5085431817446306,
0.6438374241224597,0.5196621799947215,0.4413012700055873,0.5196621799947215,0.45739871163667295,
0.6486847376151689,0.64067298704767,0.4568714813477619,0.64067298704767,0.5110617918431359,
0.643339066014023,0.49437756316973147,0.4260150112688488,0.49437756316973147,0.45506028198147974,
0.6484840460744076,0.6419965576592083,0.4594118805033571,0.6419965576592083,0.5129075878536509,
0.6359799525191242,0.6151411237140596,0.4360628260382257,0.6151411237140596,0.498486020720676,
