Majority Class Accuracy,Accuracy,Precision,Recall,F Score,Support
0.8158667972575906,0.7688540646425074,0.7310042918486969,0.7688540646425074,0.7462693526192818,
0.8305418719211822,0.7724137931034483,0.7442744339303606,0.7724137931034483,0.7567263191048934,
0.7953861584754263,0.7231695085255767,0.6775978254593202,0.7231695085255767,0.6969413923588949,
0.8173741362290227,0.7690029615004936,0.7188948122256521,0.7690029615004936,0.738788777321716,
0.8007736943907157,0.7553191489361702,0.7110449148779504,0.7553191489361702,0.7278489606503681,
0.7980952380952381,0.7542857142857143,0.7136288050573766,0.7542857142857143,0.7290226371899297,
0.8199802176063303,0.7675568743818002,0.7329318801544916,0.7675568743818002,0.7474859100600795,
0.7892204042348412,0.7410972088546679,0.6951327709883892,0.7410972088546679,0.7123314405439842,
0.8147429679922406,0.7555771096023278,0.719184075127986,0.7555771096023278,0.7346716109619161,
0.8126213592233009,0.7669902912621359,0.7255547498852943,0.7669902912621359,0.7418452961993157,
0.7946428571428571,0.7103174603174603,0.6608315915675127,0.7103174603174603,0.68251394272776,
0.8056365403304179,0.7444120505344995,0.6976660482970903,0.7444120505344995,0.7170442165698048,
0.7965116279069767,0.752906976744186,0.7039326463801883,0.752906976744186,0.7218211187345713,
0.8046875,0.7529296875,0.7063791521764472,0.7529296875,0.7247869978639364,
0.8141592920353983,0.7640117994100295,0.7241608362076835,0.7640117994100295,0.7403366977985143,
0.7916251246261217,0.7577268195413759,0.7097170867238842,0.7577268195413759,0.7254955922971982,
0.8011869436201781,0.7556874381800198,0.7196938136192708,0.7556874381800198,0.7338500760348565,
0.8227228207639569,0.7639569049951028,0.7159831404551026,0.7639569049951028,0.7363115304247951,
0.8070866141732284,0.7509842519685039,0.6972333810574319,0.7509842519685039,0.7189393338349906,
0.8145161290322581,0.7620967741935484,0.720275832718229,0.7620967741935484,0.7373651044689683,
0.8046198267564967,0.7718960538979788,0.7345449050330545,0.7718960538979788,0.747982491922992,
0.7923604309500489,0.7286973555337904,0.6724038648671837,0.7286973555337904,0.6951973556873682,
0.809432146294514,0.7516843118383061,0.7155931777378521,0.7516843118383061,0.7307686900765611,
0.8023255813953488,0.7587209302325582,0.705451542081743,0.7587209302325582,0.7250445343234522,
0.8,0.7388349514563107,0.7013780260707635,0.7388349514563107,0.7170396755939739,
0.7933723196881092,0.7192982456140351,0.6739132761739615,0.7192982456140351,0.6932323183100718,
0.8009661835748793,0.7458937198067633,0.6956509126978496,0.7458937198067633,0.7156012599933701,
0.804496578690127,0.7419354838709677,0.699666295884316,0.7419354838709677,0.7173634613970308,
0.8163064833005894,0.7455795677799607,0.7199408334713722,0.7455795677799607,0.7315335147834805,
0.8088803088803089,0.7731660231660231,0.7373119127217489,0.7731660231660231,0.7507713159698919,
