Majority Class Accuracy,Accuracy,Precision,Recall,F Score,Support
0.8321951219512195,0.7697560975609756,0.7416369083743825,0.7697560975609756,0.754238102718788,
0.8132183908045977,0.7605363984674329,0.7214271077797061,0.7605363984674329,0.7374980252822985,
0.8097087378640777,0.7427184466019418,0.7197618084773624,0.7427184466019418,0.7301016593410941,
0.815354713313897,0.7482993197278912,0.7271213362473925,0.7482993197278912,0.7367644482374118,
0.7977977977977978,0.7357357357357357,0.7039472460117685,0.7357357357357357,0.7174826185821377,
0.7786116322701688,0.702626641651032,0.6550085463529274,0.702626641651032,0.6748408420214496,
0.7898406374501992,0.7420318725099602,0.710191404922944,0.7420318725099602,0.7229164305262867,
0.7955911823647295,0.7274549098196392,0.6910910800367165,0.7274549098196392,0.7065944188170568,
0.8109161793372319,0.7524366471734892,0.7251599264201192,0.7524366471734892,0.7370309190484629,
0.7895256916996047,0.7045454545454546,0.6787909212608008,0.7045454545454546,0.6904464928211631,
0.7817307692307692,0.7413461538461539,0.7102255955105842,0.7413461538461539,0.7221236984927298,
0.8110236220472441,0.7381889763779528,0.7043682439481844,0.7381889763779528,0.71934951916567,
0.8029556650246306,0.722167487684729,0.7057174063259256,0.722167487684729,0.7134145422055684,
0.8046647230320699,0.7444120505344995,0.7049872256854224,0.7444120505344995,0.7214521298929019,
0.7879684418145957,0.7189349112426036,0.6872852996734928,0.7189349112426036,0.7008705045373533,
0.7928994082840237,0.7366863905325444,0.6960462458520977,0.7366863905325444,0.7123505696449284,
0.8081791626095424,0.7332035053554041,0.7012055635475638,0.7332035053554041,0.7154553433483851,
0.8066465256797583,0.7321248741188319,0.6978080311944703,0.7321248741188319,0.7129752379302021,
0.7986381322957199,0.72568093385214,0.689099047579758,0.72568093385214,0.7049679945928129,
0.8122605363984674,0.7576628352490421,0.7273697482507724,0.7576628352490421,0.7402680015706836,
0.7947976878612717,0.7341040462427746,0.700889989907331,0.7341040462427746,0.7148436342077961,
0.7842761265580057,0.7171620325982742,0.6883680543092859,0.7171620325982742,0.7007451438552289,
0.8148854961832062,0.7538167938931297,0.7189604529748221,0.7538167938931297,0.7339481495522023,
0.8,0.7553398058252427,0.7154418571530299,0.7553398058252427,0.7307409353652128,
0.8183574879227054,0.7574879227053141,0.7310133415007125,0.7574879227053141,0.7427268618862277,
0.80078125,0.7412109375,0.7061746452715213,0.7412109375,0.7208661328761852,
0.824732229795521,0.7283349561830574,0.7178670499999226,0.7283349561830574,0.7229523246264797,
0.8238141335914811,0.7628267182962246,0.7343704861324404,0.7628267182962246,0.7469543335679676,
0.806640625,0.744140625,0.7224018106389578,0.744140625,0.7321343369169352,
0.8258317025440313,0.7524461839530333,0.7253955110591092,0.7524461839530333,0.7377503990022617,
