Majority Class Accuracy,Accuracy,Precision,Recall,F Score,Support
0.7863984674329502,0.7758620689655172,0.7465845498491662,0.7758620689655172,0.7553112252027478,
0.794234592445328,0.7783300198807157,0.7500315102402156,0.7783300198807157,0.759444864653999,
0.8001949317738791,0.8021442495126706,0.775155704334906,0.8021442495126706,0.7817941239513118,
0.8165225744476465,0.7829010566762729,0.7524300198415195,0.7829010566762729,0.7642861068539605,
0.7908113391984359,0.7565982404692082,0.7260217788077026,0.7565982404692082,0.7375103284048653,
0.8032945736434108,0.7839147286821705,0.761242889941849,0.7839147286821705,0.7698597182021243,
0.8295114656031904,0.7956131605184447,0.7724762243051754,0.7956131605184447,0.7821386803936524,
0.8097087378640777,0.7883495145631068,0.7618598683878594,0.7883495145631068,0.7716110882941158,
0.8156312625250501,0.8026052104208417,0.7818822659879278,0.8026052104208417,0.789724405155439,
0.8175675675675675,0.7693050193050193,0.7531964656964657,0.7693050193050193,0.7604758732701131,
0.8128654970760234,0.7923976608187134,0.7661446400736487,0.7923976608187134,0.7758033275146488,
0.8112488083889419,0.776930409914204,0.7491367979014747,0.776930409914204,0.7601465033591113,
0.803729146221786,0.7762512266928361,0.7505685491028814,0.7762512266928361,0.7604618464106117,
0.8143540669856459,0.7980861244019138,0.7673246495388056,0.7980861244019138,0.7774600484405775,
0.8198019801980198,0.7841584158415842,0.7591854185418542,0.7841584158415842,0.7694572618854392,
0.7948226270373921,0.7622243528283796,0.7279810063403559,0.7622243528283796,0.7403662156136824,
0.8058350100603622,0.7796780684104627,0.7547477894930256,0.7796780684104627,0.7643773456018322,
0.792507204610951,0.7694524495677233,0.7386662925777625,0.7694524495677233,0.7492564732954515,
0.8296438883541867,0.7998075072184793,0.7795874742532638,0.7998075072184793,0.7880913811083129,
0.8099331423113658,0.7917860553963706,0.7727842716813096,0.7917860553963706,0.7803738572793014,
0.8211538461538461,0.8048076923076923,0.7889705119708319,0.8048076923076923,0.7955562471017537,
0.7975285171102662,0.7671102661596958,0.7427345692406622,0.7671102661596958,0.7523454839579984,
0.8232421875,0.7890625,0.7426280763047243,0.7890625,0.7595094520071543,
0.7951690821256039,0.7739130434782608,0.7495861786620814,0.7739130434782608,0.7586554575520603,
0.7936046511627907,0.7800387596899225,0.7581662027383012,0.7800387596899225,0.7661816737543865,
0.7958579881656804,0.7731755424063116,0.7513285008042762,0.7731755424063116,0.7598353270046684,
0.8156638013371538,0.7908309455587392,0.7675340683023911,0.7908309455587392,0.7767155569583948,
0.8178217821782178,0.7871287128712872,0.7626818253302285,0.7871287128712872,0.7725290501400371,
0.8152069297401348,0.78055822906641,0.7529779513091854,0.78055822906641,0.7639928265771245,
0.7817652764306499,0.7701260911736179,0.7388772725113975,0.7701260911736179,0.7478035838277399,
