Majority Class Accuracy,Accuracy,Precision,Recall,F Score,Support
0.7973231357552581,0.7418738049713193,0.7298476626804884,0.7418738049713193,0.7354234449453287,
0.792694965449161,0.7403751233958539,0.7362495774909995,0.7403751233958539,0.7382559282267184,
0.8035892323030908,0.7308075772681955,0.7409605121853748,0.7308075772681955,0.7356189025233671,
0.7891221374045801,0.7442748091603053,0.7366053530570509,0.7442748091603053,0.7402231913041741,
0.7988338192419825,0.7638483965014577,0.7496720337084796,0.7638483965014577,0.755944853759039,
0.7917888563049853,0.7556207233626588,0.7471514306965757,0.7556207233626588,0.7510916468972846,
0.8100289296046287,0.781099324975892,0.7704545669613985,0.781099324975892,0.7752888341146397,
0.8072763028515241,0.7531956735496559,0.7409612058487117,0.7531956735496559,0.7466401939564985,
0.7940594059405941,0.7554455445544555,0.7445022881577313,0.7554455445544555,0.749503876360139,
0.7847222222222222,0.7440476190476191,0.7431916380734528,0.7440476190476191,0.7436167227833895,
0.7990196078431373,0.7578431372549019,0.7547442002680302,0.7578431372549019,0.756257783228372,
0.812984496124031,0.7412790697674418,0.7568733604568928,0.7412790697674418,0.7484609592793423,
0.7849462365591398,0.7262952101661779,0.724485127890812,0.7262952101661779,0.7253796895574113,
0.8269419862340216,0.7581120943952803,0.7708350934962432,0.7581120943952803,0.7640812246275246,
0.8167641325536062,0.7573099415204678,0.7647380626675976,0.7573099415204678,0.7608692905814709,
0.7915465898174832,0.7684918347742555,0.7462681859863639,0.7684918347742555,0.7548603389592256,
0.7990338164251207,0.7478260869565218,0.7409650693833914,0.7478260869565218,0.7442428133953027,
0.8107843137254902,0.7549019607843137,0.7635787406544876,0.7549019607843137,0.7590137267717856,
0.8116504854368932,0.7854368932038835,0.7867116764403262,0.7854368932038835,0.7860671885025801,
0.8353293413173652,0.7475049900199601,0.7723650258096478,0.7475049900199601,0.7587305782541724,
0.7863501483679525,0.7527200791295747,0.7493880656963459,0.7527200791295747,0.7510062232064757,
0.8067961165048544,0.7378640776699029,0.7477275680346602,0.7378640776699029,0.7425388290952862,
0.8202898550724638,0.7690821256038647,0.7637035004092637,0.7690821256038647,0.7663071391450603,
0.796828543111992,0.7145688800792864,0.7217295539497164,0.7145688800792864,0.7180277246736241,
0.8248803827751197,0.7598086124401914,0.7644182578234995,0.7598086124401914,0.7620606692984782,
0.8026948989412896,0.7844080846968239,0.7812476910155828,0.7844080846968239,0.7827774306870621,
0.7935420743639922,0.761252446183953,0.7553977515426649,0.761252446183953,0.7581778231606138,
0.7923604309500489,0.752203721841332,0.7534973417881706,0.752203721841332,0.7528440492282836,
0.8156370656370656,0.7760617760617761,0.7715083088738222,0.7760617760617761,0.7737104955321273,
0.7928994082840237,0.7544378698224852,0.7444614892567751,0.7544378698224852,0.7490560404533061,
