Majority Class Accuracy,Accuracy,Precision,Recall,F Score,Support
0.8209393346379648,0.8160469667318982,0.7303975197182903,0.8160469667318982,0.7447324597869747,
0.8017751479289941,0.7978303747534516,0.6757302526533296,0.7978303747534516,0.7134301193410911,
0.811284046692607,0.8073929961089494,0.7057507438773174,0.8073929961089494,0.7283790106939371,
0.8255698711595639,0.8206144697720515,0.7456547382852242,0.8206144697720515,0.7545368312344835,
0.816125860373648,0.8141592920353983,0.7449441582647236,0.8141592920353983,0.7413070270452355,
0.8111332007952287,0.8111332007952287,0.7543934788065196,0.8111332007952287,0.7338053578011843,
0.8086785009861933,0.8057199211045365,0.7091548229734771,0.8057199211045365,0.7252884858490781,
0.7869822485207101,0.7850098619329389,0.6909105851413544,0.7850098619329389,0.6958247638032969,
0.8087804878048781,0.8087804878048781,0.7526940023595695,0.8087804878048781,0.7337532211703975,
0.8174681059862611,0.8155053974484789,0.7379485618937516,0.8155053974484789,0.7397706869784931,
0.801175318315377,0.7982370225269344,0.6991695112692626,0.7982370225269344,0.7148739640760907,
0.8090107737512243,0.8060724779627816,0.7191856391277249,0.8060724779627816,0.7274767801032695,
0.833984375,0.828125,0.6947138998035364,0.828125,0.7555755876068376,
0.8019138755980861,0.7913875598086124,0.6687211408928322,0.7913875598086124,0.7118977567980159,
0.8071017274472169,0.809021113243762,0.7645704251832396,0.809021113243762,0.7370750587015659,
0.7944664031620553,0.7984189723320159,0.7887737587200605,0.7984189723320159,0.716243815608956,
0.7948717948717948,0.7948717948717948,0.7353135313531353,0.7948717948717948,0.707699553930125,
0.8072763028515241,0.7984267453294002,0.6903277025104168,0.7984267453294002,0.7219767609775944,
0.8001968503937008,0.797244094488189,0.7078710183570649,0.797244094488189,0.7152799250964456,
0.8141592920353983,0.8072763028515241,0.6966087625494018,0.8072763028515241,0.7308667162061744,
0.8062622309197651,0.8111545988258317,0.8198085469426315,0.8111545988258317,0.732987094437112,
0.8124383020730503,0.8124383020730503,0.7548431343965514,0.8124383020730503,0.732046122684843,
0.8063241106719368,0.8033596837944664,0.7371760867570986,0.8033596837944664,0.7335911084586758,
0.7847976307996052,0.7808489634748272,0.6699252994651618,0.7808489634748272,0.6918148144912597,
0.7916260954235638,0.7877312560856865,0.6898972578148114,0.7877312560856865,0.7029045399506075,
0.8062317429406037,0.807205452775073,0.7579092318063182,0.807205452775073,0.7323644129551821,
0.8103112840466926,0.806420233463035,0.7212087150341616,0.806420233463035,0.7304318943848201,
0.78702807357212,0.7860600193610843,0.6906797369649466,0.7860600193610843,0.6945630926868855,
0.7767857142857143,0.7648809523809523,0.6013070137693631,0.7648809523809523,0.673301614068899,
0.7988223748773308,0.7958783120706575,0.6960636112618022,0.7958783120706575,0.7116241736624502,
