Majority Class Accuracy,Accuracy,Precision,Recall,F Score,Support
0.8215725806451613,0.7439516129032258,0.7506413561152845,0.7439516129032258,0.7471996278644728,
0.823766364551863,0.7502517623363545,0.755790735846672,0.7502517623363545,0.7529525043488099,
0.8147410358565738,0.7749003984063745,0.7786336644005626,0.7749003984063745,0.7767167976226479,
0.8077294685990338,0.7565217391304347,0.755588470620583,0.7565217391304347,0.7560523420270966,
0.7868369351669942,0.7554027504911591,0.7393714109117743,0.7554027504911591,0.7462342450702345,
0.7980198019801981,0.7485148514851485,0.7410891857938706,0.7485148514851485,0.744618300771059,
0.8292201382033564,0.7601184600197434,0.7797835281236003,0.7601184600197434,0.7690043874958145,
0.8067307692307693,0.7721153846153846,0.7595275621790063,0.7721153846153846,0.7651923502789516,
0.8211788211788211,0.7652347652347652,0.7778599116336218,0.7652347652347652,0.7710842369570238,
0.7944936086529006,0.7256637168141593,0.7192629167045215,0.7256637168141593,0.7223554394205807,
0.7978825794032723,0.7459095283926853,0.7413694863379453,0.7459095283926853,0.743572526189945,
0.81237721021611,0.7721021611001965,0.7619079483823417,0.7721021611001965,0.766634365562021,
0.810891089108911,0.7415841584158416,0.7451906397536306,0.7415841584158416,0.743354696249439,
0.8259149357072205,0.781404549950544,0.7668217866880789,0.781404549950544,0.773457029519865,
0.8015794669299111,0.7640671273445212,0.7409762542337789,0.7640671273445212,0.7505185188543323,
0.8025291828793775,0.7607003891050583,0.7377733453952268,0.7607003891050583,0.7474147530738785,
0.7872549019607843,0.7627450980392156,0.7461352825153731,0.7627450980392156,0.7530582864213646,
0.7829010566762729,0.7675312199807877,0.7530029405576785,0.7675312199807877,0.7590303849925844,
0.8058536585365854,0.7609756097560976,0.7436996144134222,0.7609756097560976,0.7513445257507243,
0.8103616813294232,0.7595307917888563,0.7528218317565121,0.7595307917888563,0.7560367802848034,
0.8073485600794439,0.7725918570009931,0.7595503826200116,0.7725918570009931,0.7653992460672356,
0.7988505747126436,0.7452107279693486,0.7331967737061701,0.7452107279693486,0.7387592649117402,
0.828080229226361,0.778414517669532,0.778414517669532,0.778414517669532,0.778414517669532,
0.7907662082514735,0.7465618860510805,0.7314762517930394,0.7465618860510805,0.7381916578599949,
0.8080614203454894,0.7504798464491362,0.7368049537700462,0.7504798464491362,0.7431297715813243,
0.8038461538461539,0.7567307692307692,0.7499206564423956,0.7567307692307692,0.7531697436895244,
0.7757100881488737,0.7443682664054848,0.732910678432575,0.7443682664054848,0.7380260243911541,
0.810891089108911,0.7841584158415842,0.7755027356446202,0.7841584158415842,0.7794977601046363,
0.8146718146718147,0.777992277992278,0.7815615820878979,0.777992277992278,0.77972907309642,
0.8089780324737345,0.7765042979942693,0.7601259729719305,0.7765042979942693,0.7672256032856177,
