Majority Class Accuracy,Accuracy,Precision,Recall,F Score,Support
0.8079268292682927,0.7276422764227642,0.7115504793908946,0.7276422764227642,0.7191045856070427,
0.8148148148148148,0.6998050682261209,0.7138594328410636,0.6998050682261209,0.7065358639423812,
0.7935420743639922,0.7221135029354208,0.7005428428645563,0.7221135029354208,0.7102635986039916,
0.8334956183057449,0.7400194741966893,0.7454033883262882,0.7400194741966893,0.742665586418606,
0.7869177403369673,0.7185332011892963,0.6827797889452807,0.7185332011892963,0.6978760007187561,
0.8197674418604651,0.7383720930232558,0.73166228318594,0.7383720930232558,0.7349328529315428,
0.8206364513018322,0.7473481195756991,0.7494607435170247,0.7473481195756991,0.748394424947228,
0.8003952569169961,0.7045454545454546,0.6890071219103477,0.7045454545454546,0.6963872758106788,
0.806420233463035,0.7324902723735408,0.7148262400582314,0.7324902723735408,0.723007603723655,
0.7980487804878049,0.7336585365853658,0.7182805452612829,0.7336585365853658,0.7253561848287541,
0.8123195380173244,0.7314725697786333,0.7188541751134938,0.7314725697786333,0.7248630532801607,
0.8242718446601942,0.7252427184466019,0.724644393679802,0.7252427184466019,0.7249430267241462,
0.7980582524271844,0.7106796116504854,0.7096380431708926,0.7106796116504854,0.7101565419361046,
0.8266405484818805,0.7238001958863859,0.7274566548968014,0.7238001958863859,0.7256092334460282,
0.8009852216748768,0.7241379310344828,0.7125239176818776,0.7241379310344828,0.7180355712450286,
0.7953890489913544,0.7137367915465899,0.692566214061291,0.7137367915465899,0.7022802463358542,
0.8102955195424214,0.7235462345090562,0.7043422418064934,0.7235462345090562,0.7133452633088139,
0.8071017274472169,0.736084452975048,0.7188548830768401,0.736084452975048,0.7268224804484381,
0.7967086156824782,0.7028073572120038,0.6958252958986435,0.7028073572120038,0.6992254449457876,
0.8088669950738916,0.7270935960591133,0.7119507801016611,0.7270935960591133,0.7190954063544148,
0.8272200772200772,0.7673745173745173,0.762700675426528,0.7673745173745173,0.7649826018957955,
0.8172147001934236,0.7340425531914894,0.7256500708082376,0.7340425531914894,0.7297174654134785,
0.8123791102514507,0.7263056092843327,0.7179738731222337,0.7263056092843327,0.7220134079921774,
0.7824390243902439,0.7024390243902439,0.6837904452711335,0.7024390243902439,0.6923342523341782,
0.764265668849392,0.7174929840972872,0.6920330643695929,0.7174929840972872,0.7022710620068872,
0.803960396039604,0.700990099009901,0.7066134169526679,0.700990099009901,0.7037461861446093,
0.8076923076923077,0.7230769230769231,0.7241291872899425,0.7230769230769231,0.7236007548212909,
0.8060724779627816,0.6963761018609207,0.7043456675390419,0.6963761018609207,0.7002576161254497,
0.804496578690127,0.7360703812316716,0.7161161988507037,0.7360703812316716,0.7251955499233179,
0.8001978239366964,0.731948565776459,0.705824440682182,0.731948565776459,0.7173888096121738,
