Majority Class Accuracy,Accuracy,Precision,Recall,F Score,Support
0.7978410206084396,0.7899901864573111,0.7759779784782984,0.7899901864573111,0.781719187302624,
0.8045409674234946,0.7818361303060217,0.759784559819753,0.7818361303060217,0.7684160453667072,
0.830078125,0.7880859375,0.7572525985614866,0.7880859375,0.77000855923122,
0.8191387559808613,0.7971291866028708,0.7770217811007039,0.7971291866028708,0.7851413658112223,
0.8378640776699029,0.8,0.7911967029534773,0.8,0.7953359075600975,
0.7919132149901381,0.7741617357001972,0.7528890406109342,0.7741617357001972,0.7609782940665855,
0.8234732824427481,0.7805343511450382,0.7517106997687153,0.7805343511450382,0.7637028474326938,
0.8039024390243903,0.76,0.7169383659818442,0.76,0.7332933292453244,
0.8081510934393639,0.7862823061630219,0.7639529205499435,0.7862823061630219,0.7726478919606041,
0.8232421875,0.7744140625,0.746628897530692,0.7744140625,0.7585053192361697,
0.80039331366765,0.7846607669616519,0.7569613943545247,0.7846607669616519,0.7663406728901913,
0.8276863504356244,0.8063891577928364,0.7829179398594389,0.8063891577928364,0.7920430104431841,
0.8078770413064361,0.7684918347742555,0.7403605655958437,0.7684918347742555,0.7517139898906388,
0.8158148505303761,0.793635486981678,0.7666157652702729,0.793635486981678,0.7766298756167778,
0.8168604651162791,0.7839147286821705,0.7700282302529692,0.7839147286821705,0.776213187161567,
0.8072407045009785,0.7964774951076321,0.7781467598891861,0.7964774951076321,0.7852369703169101,
0.8125,0.7666015625,0.7436806127652896,0.7666015625,0.7535316515408242,
0.8065447545717036,0.7844080846968239,0.7582724082064477,0.7844080846968239,0.767961924579566,
0.8100393700787402,0.7903543307086615,0.770968317346019,0.7903543307086615,0.7787313968665857,
0.8163869693978283,0.7847976307996052,0.7608858765044287,0.7847976307996052,0.7705921930495585,
0.7893700787401575,0.7529527559055118,0.7149697719905302,0.7529527559055118,0.7285583506759521,
0.8220918866080157,0.7878787878787878,0.7647850473988853,0.7878787878787878,0.7743827646773921,
0.7982541222114452,0.7875848690591658,0.7651584098535332,0.7875848690591658,0.7731304678124745,
0.8,0.7774509803921569,0.7567089580930411,0.7774509803921569,0.7649265766912826,
0.8060135790494666,0.7778855480116392,0.7639555797877249,0.7778855480116392,0.770061652000822,
0.8116947472745293,0.7631318136769079,0.7416917502722981,0.7631318136769079,0.7510495906254318,
0.7932692307692307,0.775,0.7567519599975308,0.775,0.764044086359684,
0.8049261083743843,0.7704433497536946,0.7447113829103685,0.7704433497536946,0.7550132716422794,
0.8,0.7768115942028986,0.7496727853152434,0.7768115942028986,0.7596040014651745,
0.8096153846153846,0.7971153846153847,0.7677201199236019,0.7971153846153847,0.7770648910900335,
