Majority Class Accuracy,Accuracy,Precision,Recall,F Score,Support
0.8051434223541049,0.7408506429277942,0.7368330437561597,0.7408506429277942,0.7387987743722357,
0.7945472249269717,0.7322297955209348,0.7250908947692492,0.7322297955209348,0.7285148094444629,
0.8253189401373896,0.7595682041216879,0.7611600337531315,0.7595682041216879,0.760357994695131,
0.7948207171314741,0.7559760956175299,0.7520174242362161,0.7559760956175299,0.7539354421094869,
0.8088669950738916,0.7950738916256158,0.7823832930542179,0.7950738916256158,0.7878224019329617,
0.7987987987987988,0.7477477477477478,0.7420785865230309,0.7477477477477478,0.7448081836141538,
0.7859922178988327,0.7480544747081712,0.7316722055556538,0.7480544747081712,0.7387713020808858,
0.8159448818897638,0.7765748031496063,0.7714648950131233,0.7765748031496063,0.773925845262588,
0.816147859922179,0.7655642023346303,0.7717695315804933,0.7655642023346303,0.7685462578025796,
0.7771317829457365,0.7306201550387597,0.7205341983489478,0.7306201550387597,0.7251916316883247,
0.8056092843326886,0.7524177949709865,0.7409979109119132,0.7524177949709865,0.7463160225844351,
0.8044530493707648,0.7560503388189739,0.756963726897205,0.7560503388189739,0.7565042424261924,
0.7917077986179665,0.7551826258637709,0.752617577386275,0.7551826258637709,0.7538732973966245,
0.815028901734104,0.766859344894027,0.7696673589737174,0.766859344894027,0.768237893525368,
0.8102466793168881,0.7808349146110057,0.7635040913205441,0.7808349146110057,0.7708887470307101,
0.7968901846452867,0.7376093294460642,0.739476005023069,0.7376093294460642,0.7385321161355173,
0.8133462282398453,0.7688588007736944,0.769320009704414,0.7688588007736944,0.7690886817137332,
0.8048309178743961,0.7371980676328502,0.7430555507437201,0.7371980676328502,0.7400351478370509,
0.8072407045009785,0.7632093933463796,0.7641237912078123,0.7632093933463796,0.7636636658032455,
0.8179162609542356,0.7439143135345667,0.7444459487826108,0.7439143135345667,0.7441794997447322,
0.8184523809523809,0.7361111111111112,0.7372300307597998,0.7361111111111112,0.7366680737301252,
0.7905405405405406,0.7384169884169884,0.7397447246711952,0.7384169884169884,0.7390748861934804,
0.8197845249755142,0.7600391772771793,0.7554186997073612,0.7600391772771793,0.7576729182891628,
0.8268482490272373,0.77431906614786,0.7792944957600558,0.77431906614786,0.776734443944124,
0.796875,0.736328125,0.7344340327594452,0.736328125,0.7353705016972488,
0.8111545988258317,0.7514677103718199,0.7583184464179213,0.7514677103718199,0.754758797929731,
0.8063872255489022,0.7524950099800399,0.7505511662700008,0.7524950099800399,0.7515114832064267,
0.8109404990403071,0.7284069097888676,0.7432861983904869,0.7284069097888676,0.735345917396834,
0.8068627450980392,0.746078431372549,0.745587846789201,0.746078431372549,0.7458324620281332,
0.8029268292682927,0.751219512195122,0.7553857374571743,0.751219512195122,0.7532463150883097,
