Majority Class Accuracy,Accuracy,Precision,Recall,F Score,Support
0.8145631067961165,0.7883495145631068,0.7772230866949986,0.7883495145631068,0.782235409109323,
0.7954990215264188,0.7729941291585127,0.7447937260468812,0.7729941291585127,0.7548477519723319,
0.8104639684106614,0.7808489634748272,0.7632167602691993,0.7808489634748272,0.7707134628640274,
0.8410852713178295,0.7965116279069767,0.7830411182213898,0.7965116279069767,0.789253527722949,
0.810546875,0.767578125,0.7526034393708286,0.767578125,0.759330040823306,
0.7962598425196851,0.7588582677165354,0.733483069956902,0.7588582677165354,0.7437104657352424,
0.8143418467583498,0.7770137524557956,0.7579090658302771,0.7770137524557956,0.7661398416063664,
0.8027750247770069,0.7839444995044599,0.7621031406992242,0.7839444995044599,0.7704714211258463,
0.7915492957746478,0.7812206572769953,0.7531487441736168,0.7812206572769953,0.7618258588748296,
0.8033106134371957,0.7867575462512172,0.7644371840667906,0.7867575462512172,0.7728036836051153,
0.8238188976377953,0.7903543307086615,0.779674609938069,0.7903543307086615,0.7845782374833732,
0.8106448311156602,0.7830092118730808,0.7667651580157453,0.7830092118730808,0.7737261062998533,
0.7895771878072763,0.7649950835791544,0.7421544599459899,0.7649950835791544,0.7509695897043035,
0.8151425762045231,0.7748279252704031,0.7572854171376642,0.7748279252704031,0.7649974040137717,
0.822265625,0.7939453125,0.7755216773140005,0.7939453125,0.7833163040673935,
0.7902439024390244,0.7560975609756098,0.730649230852709,0.7560975609756098,0.7406770882380638,
0.812992125984252,0.7982283464566929,0.7841382877887706,0.7982283464566929,0.7900866193818503,
0.8121927236971485,0.7689282202556539,0.7522634291466581,0.7689282202556539,0.7596717544952708,
0.7986381322957199,0.7684824902723736,0.7516975025125658,0.7684824902723736,0.758854758366642,
0.8184494602551521,0.7919528949950932,0.7761229534016837,0.7919528949950932,0.7829384562503626,
0.8131115459882583,0.7886497064579256,0.7733156635064413,0.7886497064579256,0.7798950669574594,
0.8171206225680934,0.7714007782101168,0.767132025265828,0.7714007782101168,0.7692068470181792,
0.8099415204678363,0.7904483430799221,0.7663194806801096,0.7904483430799221,0.7753642552928247,
0.8228346456692913,0.8021653543307087,0.7836343751791993,0.8021653543307087,0.7912276899205921,
0.7891089108910891,0.7752475247524753,0.7479566404916355,0.7752475247524753,0.7569293411393171,
0.7982873453853473,0.764034253092293,0.7472567597642844,0.764034253092293,0.7544913523606137,
0.8112094395280236,0.7807276302851525,0.7670745595041605,0.7807276302851525,0.7731213685695434,
0.8255360623781677,0.7884990253411306,0.7880329397298396,0.7884990253411306,0.7882651951567082,
0.8111954459203036,0.7941176470588235,0.7749232170744405,0.7941176470588235,0.7825321931551941,
0.7938856015779092,0.7731755424063116,0.7460967718784042,0.7731755424063116,0.7557371328894203,
