Majority Class Accuracy,Accuracy,Precision,Recall,F Score,Support
0.8147783251231527,0.7990147783251231,0.7449919313877745,0.7990147783251231,0.7576498825344875,
0.8148873653281097,0.7727717923604309,0.6968520728642927,0.7727717923604309,0.7263884448419693,
0.8048309178743961,0.7874396135265701,0.7329548704475185,0.7874396135265701,0.7457332277748157,
0.8147086914995224,0.7822349570200573,0.7283013331205063,0.7822349570200573,0.746719944615965,
0.8090551181102362,0.780511811023622,0.72355721848955,0.780511811023622,0.7414574692354211,
0.8369876072449952,0.8217349857006673,0.7744212052064223,0.8217349857006673,0.7872748702979845,
0.7817307692307692,0.75,0.6793325781424939,0.75,0.6999708940321714,
0.8241758241758241,0.7972027972027972,0.7421801279138853,0.7972027972027972,0.7601647115817156,
0.805984555984556,0.7857142857142857,0.7335244743621706,0.7857142857142857,0.747304341919818,
0.7872340425531915,0.758220502901354,0.6846977512643619,0.758220502901354,0.7058901203013599,
0.7947725072604066,0.7599225556631172,0.6910715615459082,0.7599225556631172,0.7135133631478392,
0.7957610789980732,0.7726396917148363,0.713109375771948,0.7726396917148363,0.7286408145861368,
0.8029126213592233,0.7873786407766991,0.7372233009708739,0.7873786407766991,0.7485315285659095,
0.8,0.7764705882352941,0.7189122978931897,0.7764705882352941,0.7345436061288214,
0.7945472249269717,0.7672833495618305,0.703191158979834,0.7672833495618305,0.7214401945090272,
0.8076545632973503,0.7850834151128557,0.7275337614261238,0.7850834151128557,0.7434198727005986,
0.8031496062992126,0.7687007874015748,0.7020118765706891,0.7687007874015748,0.72436055960227,
0.803729146221786,0.7762512266928361,0.7126302700871635,0.7762512266928361,0.7317131323192564,
0.7990291262135922,0.7708737864077669,0.7017992988695029,0.7708737864077669,0.722454177369498,
0.7880539499036608,0.7610789980732178,0.6822594273248499,0.7610789980732178,0.7046682754949025,
0.8088235294117647,0.7794117647058824,0.7144515701017248,0.7794117647058824,0.7351534288974692,
0.8147058823529412,0.7794117647058824,0.7311011739836784,0.7794117647058824,0.7483507783753485,
0.8305418719211822,0.8068965517241379,0.7419267126755735,0.8068965517241379,0.7628000571070154,
0.8162859980139027,0.7805362462760675,0.7145457479909274,0.7805362462760675,0.7382233781757751,
0.8149951314508277,0.7955209347614411,0.7364107189982619,0.7955209347614411,0.7519604535801088,
0.8155053974484789,0.7752698724239451,0.7166832575262172,0.7752698724239451,0.7384106342383837,
0.8044103547459253,0.7861936720997124,0.718677982648741,0.7861936720997124,0.7345946743199409,
0.8204878048780487,0.7892682926829269,0.730800052957474,0.7892682926829269,0.7508126367393242,
0.7928015564202334,0.7752918287937743,0.7110059289075996,0.7752918287937743,0.7242660838922549,
0.8123809523809524,0.7742857142857142,0.7143488119885635,0.7742857142857142,0.7359127975532516,
