Majority Class Accuracy,Accuracy,Precision,Recall,F Score,Support
0.8140655105973025,0.7726396917148363,0.7406227345253347,0.7726396917148363,0.753465876422593,
0.8091451292246521,0.7385685884691849,0.7070690520096643,0.7385685884691849,0.7209881739027267,
0.8065447545717036,0.7728585178055823,0.7288429250486879,0.7728585178055823,0.7442287580882384,
0.8115799803729146,0.7576054955839058,0.7081553944881572,0.7576054955839058,0.728159652120761,
0.8080708661417323,0.7431102362204725,0.7053153901317656,0.7431102362204725,0.7215024511343281,
0.7934458788480635,0.7527308838133069,0.6961244101980597,0.7527308838133069,0.7157661089540766,
0.8279569892473119,0.7712609970674487,0.7325937179804262,0.7712609970674487,0.7491568914956012,
0.8097087378640777,0.7640776699029126,0.7160801189539053,0.7640776699029126,0.7345175879016421,
0.8099808061420346,0.7869481765834933,0.7476166310863737,0.7869481765834933,0.7602159053632701,
0.8261700095510984,0.7612225405921681,0.7158266254695731,0.7612225405921681,0.7356551506519817,
0.8309037900874635,0.7764820213799806,0.738090138076843,0.7764820213799806,0.7544788678635835,
0.8091908091908092,0.7392607392607392,0.7036488196074878,0.7392607392607392,0.7192172913511458,
0.7996108949416343,0.7538910505836576,0.7094647367768367,0.7538910505836576,0.7263039889533338,
0.8115234375,0.755859375,0.7083670359264551,0.755859375,0.7277788415858765,
0.8110687022900763,0.7528625954198473,0.7095643777687904,0.7528625954198473,0.7275551831865201,
0.7996051332675223,0.7532082922013821,0.7083698307210103,0.7532082922013821,0.7254186436938711,
0.7926711668273867,0.7531340405014465,0.7027375015901672,0.7531340405014465,0.720228157808357,
0.7834645669291339,0.7421259842519685,0.6944095112379572,0.7421259842519685,0.7109796211167283,
0.7923076923076923,0.7557692307692307,0.715735686632842,0.7557692307692307,0.7299571847206757,
0.8073572120038722,0.7647628267182962,0.7074657183435918,0.7647628267182962,0.728605002536451,
0.8092042186001918,0.7603068072866731,0.7240635943630636,0.7603068072866731,0.7387404356667748,
0.8005865102639296,0.718475073313783,0.6672603516617834,0.718475073313783,0.6897793327305614,
0.8083252662149081,0.7734753146176185,0.7294813874825001,0.7734753146176185,0.7451123643233477,
0.8046647230320699,0.7482993197278912,0.7032859842480221,0.7482993197278912,0.7215612183644885,
0.7788554801163918,0.7274490785645005,0.678724343957619,0.7274490785645005,0.696740914646367,
0.7862903225806451,0.7298387096774194,0.692341570017288,0.7298387096774194,0.7073962851615159,
0.801363193768257,0.75365141187926,0.7027661213073905,0.75365141187926,0.722088500348596,
0.811078140454995,0.7527200791295747,0.7201352437551952,0.7527200791295747,0.7340453404946031,
0.7946954813359528,0.74950884086444,0.7081504734083601,0.74950884086444,0.7237904958476653,
0.8180058083252663,0.7637947725072604,0.7318028538879946,0.7637947725072604,0.7454194580646967,
