Majority Class Accuracy,Accuracy,Precision,Recall,F Score,Support
0.834774255523535,0.7742555235350624,0.7390960638977392,0.7742555235350624,0.7545948676109743,
0.8078078078078078,0.7517517517517518,0.7146386570902699,0.7517517517517518,0.7300595949582238,
0.8076923076923077,0.7567307692307692,0.7050028402969579,0.7567307692307692,0.7253545992220664,
0.7824427480916031,0.7442748091603053,0.6964497236114767,0.7442748091603053,0.7124932913213944,
0.8096153846153846,0.760576923076923,0.7223086027731347,0.760576923076923,0.7377111815622971,
0.8137254901960784,0.7666666666666667,0.7253513740297882,0.7666666666666667,0.74177011967271,
0.8023369036027264,0.7458617332035054,0.7171034623739719,0.7458617332035054,0.729356380736688,
0.8079150579150579,0.7335907335907336,0.6849870131671402,0.7335907335907336,0.7061556019194625,
0.8021868787276342,0.7693836978131213,0.7346517805027964,0.7693836978131213,0.7473535646717293,
0.8037848605577689,0.7639442231075697,0.7241412959531863,0.7639442231075697,0.7390405355309795,
0.7976190476190477,0.748015873015873,0.7073254860256758,0.748015873015873,0.7232572892756687,
0.8312439729990356,0.7762777242044359,0.746105229257381,0.7762777242044359,0.7592679821170546,
0.7942913385826772,0.7411417322834646,0.694839707536558,0.7411417322834646,0.7128930471221238,
0.7992277992277992,0.7393822393822393,0.687252809869547,0.7393822393822393,0.7083412072231948,
0.8066350710900474,0.7744075829383886,0.7328277490628663,0.7744075829383886,0.7473526014050342,
0.8005808325266215,0.7492739593417231,0.7117270605880424,0.7492739593417231,0.7268121337167807,
0.810515873015873,0.7628968253968254,0.7271026364079042,0.7628968253968254,0.7415657731884594,
0.826171875,0.7763671875,0.743122126604331,0.7763671875,0.7571367591997255,
0.8043912175648703,0.7345309381237525,0.6977726886874108,0.7345309381237525,0.7137001391593668,
0.7944936086529006,0.7649950835791544,0.7320520085106855,0.7649950835791544,0.7438064460297871,
0.7922330097087379,0.7640776699029126,0.7098418220308721,0.7640776699029126,0.7257270467666167,
0.8094768015794669,0.7670286278381047,0.7113498630459271,0.7670286278381047,0.7320128509036796,
0.8107317073170732,0.7658536585365854,0.7374753281377849,0.7658536585365854,0.749224978084876,
0.8184494602551521,0.7634936211972522,0.7262545782394701,0.7634936211972522,0.7419117758582782,
0.7901828681424446,0.7410972088546679,0.6908112667644922,0.7410972088546679,0.7095697787734088,
0.7829457364341085,0.7354651162790697,0.6675425751343189,0.7354651162790697,0.6917555924267735,
0.8268858800773694,0.7562862669245648,0.7237148055231054,0.7562862669245648,0.7383709515568417,
0.7958984375,0.751953125,0.7127249028092328,0.751953125,0.7276258752990099,
0.8241758241758241,0.7642357642357642,0.71496894183178,0.7642357642357642,0.7359991488641124,
0.8182701652089407,0.7521865889212828,0.7182788378154495,0.7521865889212828,0.7331728691804563,
