Majority Class Accuracy,Accuracy,Precision,Recall,F Score,Support
0.8078048780487805,0.7785365853658537,0.7678171865472302,0.7785365853658537,0.772681250191443,
0.8248031496062992,0.7765748031496063,0.7639240058696569,0.7765748031496063,0.7697791622416226,
0.810077519379845,0.7713178294573644,0.7605011718045791,0.7713178294573644,0.7654788363825985,
0.7894230769230769,0.7701923076923077,0.7667461604660399,0.7701923076923077,0.7684081061276701,
0.8184466019417476,0.7834951456310679,0.7730508285486002,0.7834951456310679,0.7778585605157665,
0.8077294685990338,0.7574879227053141,0.7377572040348969,0.7574879227053141,0.7464643760835213,
0.817738791423002,0.8021442495126706,0.7919727516665463,0.8021442495126706,0.7965099843830442,
0.8258754863813229,0.7821011673151751,0.768337178586226,0.7821011673151751,0.7746244041107224,
0.8125623130608175,0.765702891326022,0.7613668594476914,0.765702891326022,0.7634733191471167,
0.7794970986460348,0.7659574468085106,0.7390722246345347,0.7659574468085106,0.7478219219522033,
0.8163869693978283,0.771964461994077,0.7647754463878567,0.771964461994077,0.7681985247365262,
0.8185328185328186,0.7683397683397684,0.7806703188038886,0.7683397683397684,0.7740279252478733,
0.8235877106045589,0.7978196233894945,0.7906778706250129,0.7978196233894945,0.794026349268975,
0.8073572120038722,0.7686350435624395,0.750116289043832,0.7686350435624395,0.7581246772325573,
0.8317307692307693,0.7740384615384616,0.7806546212627647,0.7740384615384616,0.7772291883651549,
0.8116760828625236,0.7787193973634652,0.7547635654229271,0.7787193973634652,0.7645016711291016,
0.8045862412761715,0.7786640079760718,0.7650122396553471,0.7786640079760718,0.7709783569502106,
0.8033268101761253,0.7592954990215264,0.7473893123421678,0.7592954990215264,0.7528492632466871,
0.7882703777335984,0.7405566600397614,0.7311258371149028,0.7405566600397614,0.7355255317297624,
0.811411992263056,0.7669245647969052,0.7581197614442295,0.7669245647969052,0.7622611088213952,
0.7978410206084396,0.7536800785083415,0.7469503479715885,0.7536800785083415,0.7501524560941701,
0.8262586377097729,0.7818361303060217,0.7734088766847561,0.7818361303060217,0.7773972541449711,
0.7937262357414449,0.7309885931558935,0.7230874123065388,0.7309885931558935,0.7268605692392136,
0.8048309178743961,0.77487922705314,0.7617644150634234,0.77487922705314,0.7675805427286257,
0.7933398628795298,0.7571008814887366,0.7477142726591796,0.7571008814887366,0.7520483727233576,
0.7986314760508308,0.7634408602150538,0.7442999929231243,0.7634408602150538,0.7524002282376057,
0.8199004975124378,0.7711442786069652,0.7611130418379973,0.7711442786069652,0.765824627545934,
0.8149606299212598,0.7726377952755905,0.7731050194703091,0.7726377952755905,0.7728706471733345,
0.815354713313897,0.7706511175898931,0.751357172155389,0.7706511175898931,0.7598299589251964,
0.8211538461538461,0.7778846153846154,0.7679426573426573,0.7778846153846154,0.7725890169210006,
