Majority Class Accuracy,Accuracy,Precision,Recall,F Score,Support
0.8,0.7833333333333333,0.7696118037255162,0.7833333333333333,0.7754425522402222,
0.7982541222114452,0.7672162948593598,0.7605312006387602,0.7672162948593598,0.7636811199389327,
0.7928642220019821,0.7670961347869177,0.7486506919039082,0.7670961347869177,0.7562325891943781,
0.80893536121673,0.7633079847908745,0.7500324811694628,0.7633079847908745,0.7560895094074579,
0.8156862745098039,0.7774509803921569,0.7677457442882665,0.7774509803921569,0.7722553485806911,
0.7957610789980732,0.75626204238921,0.7463813168654635,0.75626204238921,0.7509454758697538,
0.7986512524084779,0.766859344894027,0.7543201790321965,0.766859344894027,0.7599179227654687,
0.8027750247770069,0.7740336967294351,0.7620441829892536,0.7740336967294351,0.7674032370434652,
0.8214990138067061,0.7938856015779092,0.7863005724731803,0.7938856015779092,0.7898484025574327,
0.7934782608695652,0.782608695652174,0.7669249101488301,0.782608695652174,0.7732373162210465,
0.8017492711370262,0.7900874635568513,0.7900874635568513,0.7900874635568513,0.7900874635568513,
0.8063872255489022,0.7664670658682635,0.7572542737280727,0.7664670658682635,0.761548525145945,
0.8003913894324853,0.7906066536203522,0.7749069143780836,0.7906066536203522,0.7812128178031681,
0.8071359691417551,0.7560270009643202,0.7518273152572809,0.7560270009643202,0.7538714617959045,
0.8009950248756219,0.7940298507462686,0.7801657379134667,0.7940298507462686,0.7858463182439426,
0.7838616714697406,0.7684918347742555,0.7449935722767224,0.7684918347742555,0.7533826533077628,
0.8130393096836049,0.7574304889741131,0.7491692389927164,0.7574304889741131,0.753106408757093,
0.7982456140350878,0.7680311890838206,0.7503740874729322,0.7680311890838206,0.757835785700811,
0.7928642220019821,0.759167492566898,0.7510793578187036,0.759167492566898,0.7548465469645509,
0.8134765625,0.771484375,0.7705616420927985,0.771484375,0.7710200178672851,
0.8013698630136986,0.7720156555772995,0.7614621805032874,0.7720156555772995,0.7662495068700274,
0.7870461236506379,0.7526987242394504,0.7402126084243068,0.7526987242394504,0.7457869537288555,
0.8033932135728543,0.7854291417165669,0.7728346126677872,0.7854291417165669,0.7782937456556812,
0.8188751191611058,0.792183031458532,0.7776415923534119,0.792183031458532,0.7839888600044742,
0.8048076923076923,0.7634615384615384,0.7518645603730153,0.7634615384615384,0.7571782567277924,
0.7896281800391389,0.7622309197651663,0.7480975416012672,0.7622309197651663,0.7542201691518243,
0.8,0.7770334928229665,0.7702667057444315,0.7770334928229665,0.7734293632408027,
0.7982625482625483,0.7596525096525096,0.7462115144699414,0.7596525096525096,0.752237100611954,
0.8017839444995044,0.77601585728444,0.776859406957124,0.77601585728444,0.776434427720097,
0.8104448742746615,0.7630560928433269,0.7653666969256019,0.7630560928433269,0.7641936887628943,
