Majority Class Accuracy,Accuracy,Precision,Recall,F Score,Support
0.8249754178957719,0.7512291052114061,0.7109065864872506,0.7512291052114061,0.7289851356338862,
0.8132820019249278,0.7449470644850819,0.7217015742868416,0.7449470644850819,0.7322167071393779,
0.8087804878048781,0.7521951219512195,0.717147127569256,0.7521951219512195,0.7318539439162914,
0.8259587020648967,0.767944936086529,0.7359607742753359,0.767944936086529,0.7498839281893882,
0.8003913894324853,0.7622309197651663,0.7295783103844947,0.7622309197651663,0.7421288453652506,
0.8174757281553398,0.7572815533980582,0.730268143389231,0.7572815533980582,0.7421675764937264,
0.8235294117647058,0.7480392156862745,0.7222751977017341,0.7480392156862745,0.7340944188129838,
0.8073217726396917,0.7475915221579962,0.7242329811183942,0.7475915221579962,0.7345634107994707,
0.7944284341978867,0.7560038424591738,0.7161168565524402,0.7560038424591738,0.730590803075135,
0.7760314341846758,0.7387033398821218,0.7021331007458391,0.7387033398821218,0.7150805822249253,
0.8020833333333334,0.7263257575757576,0.6966875857881956,0.7263257575757576,0.7098959145485733,
0.8083416087388282,0.7328699106256207,0.7145438102116354,0.7328699106256207,0.7230372701484894,
0.8080614203454894,0.7332053742802304,0.6964745959905997,0.7332053742802304,0.712680474448242,
0.8279252704031466,0.7708947885939036,0.7420671810092141,0.7708947885939036,0.7547229677670004,
0.8199608610567515,0.7495107632093934,0.7292142595111154,0.7495107632093934,0.738563669973344,
0.8031037827352085,0.7342386032977691,0.6978158543059629,0.7342386032977691,0.7135371032328618,
0.8047105004906772,0.7360157016683022,0.6994974727996717,0.7360157016683022,0.7152834271134945,
0.799407114624506,0.7440711462450593,0.7164909165588514,0.7440711462450593,0.7282265804186852,
0.830739299610895,0.7898832684824902,0.7575713005284352,0.7898832684824902,0.7707883885553212,
0.8085106382978723,0.741779497098646,0.7190633581712543,0.741779497098646,0.7292893526698676,
0.8079150579150579,0.7548262548262549,0.7289782723657061,0.7548262548262549,0.7400960255935842,
0.8232514177693762,0.7514177693761814,0.7246489480060035,0.7514177693761814,0.736818631085365,
0.8275520317145689,0.757185332011893,0.7352777075562554,0.757185332011893,0.7453729317469336,
0.7904946653734238,0.7245392822502424,0.6808177757911861,0.7245392822502424,0.6988679247726357,
0.8264621284755513,0.7574304889741131,0.7315251563283387,0.7574304889741131,0.74329866393044,
0.8078048780487805,0.7531707317073171,0.7168691369606004,0.7531707317073171,0.7319054409005629,
0.811,0.74,0.7162920783788311,0.74,0.72703125,
0.8132820019249278,0.7564966313763234,0.7324077138160063,0.7564966313763234,0.7430099823166674,
0.8011869436201781,0.734915924826904,0.7023294022538576,0.734915924826904,0.7163965799761521,
0.8072763028515241,0.7423795476892822,0.7041196385296971,0.7423795476892822,0.7204675806928735,
