Majority Class Accuracy,Accuracy,Precision,Recall,F Score,Support
0.8003820439350525,0.7965616045845272,0.7083915858053144,0.7965616045845272,0.7165875445825545,
0.8102766798418972,0.8073122529644269,0.7315737750520359,0.8073122529644269,0.7326683904226131,
0.8253658536585365,0.8204878048780487,0.7363731284622059,0.8204878048780487,0.7509052919915636,
0.8149606299212598,0.8090551181102362,0.7110534240988801,0.8090551181102362,0.7342113949730082,
0.8036750483558994,0.7978723404255319,0.7202076054464416,0.7978723404255319,0.7264975262606321,
0.8073572120038722,0.8054211035818006,0.7305192574655148,0.8054211035818006,0.7273434844023742,
0.8137254901960784,0.8107843137254902,0.7358767661063357,0.8107843137254902,0.7374094570533336,
0.8215324927255092,0.8195926285160039,0.7197613985910957,0.8195926285160039,0.7418915722108494,
0.81256038647343,0.8067632850241546,0.6593663000051642,0.8067632850241546,0.7256555323051488,
0.8173828125,0.8115234375,0.7047782220784023,0.8115234375,0.7358639346323292,
0.8116634799235182,0.8078393881453155,0.7317773209081291,0.8078393881453155,0.7354488899251396,
0.8067961165048544,0.8097087378640777,0.783089743224011,0.8097087378640777,0.7325580241855484,
0.8057692307692308,0.8067307692307693,0.7568524077548469,0.8067307692307693,0.7331555489339501,
0.8071570576540755,0.8061630218687873,0.7294748988585966,0.8061630218687873,0.7242182804687176,
0.7791586998087954,0.777246653919694,0.7008762310875731,0.777246653919694,0.6900618667215325,
0.793635486981678,0.7839922854387656,0.6586481715420651,0.7839922854387656,0.700953452742163,
0.810077519379845,0.8013565891472868,0.6548720513461698,0.8013565891472868,0.7207467547360212,
0.8149568552253116,0.8130393096836049,0.7434530357882937,0.8130393096836049,0.7394981896623134,
0.805528134254689,0.8005923000987167,0.6763679662260536,0.8005923000987167,0.7181280893848215,
0.8046647230320699,0.8066083576287658,0.765114769042889,0.8066083576287658,0.7307132658235792,
0.8128598848368522,0.8138195777351248,0.774643377378641,0.8138195777351248,0.7347719557766993,
0.7925270403146509,0.783677482792527,0.6459501683027783,0.783677482792527,0.6981732362380549,
0.8184494602551521,0.8135426889106968,0.7201876468314152,0.8135426889106968,0.739585089964868,
0.790719696969697,0.7888257575757576,0.7103914986383916,0.7888257575757576,0.7042245478250262,
0.826171875,0.818359375,0.720272166725601,0.818359375,0.7488087621228448,
0.8022088353413654,0.7951807228915663,0.7118113479559263,0.7951807228915663,0.7226615261974637,
0.793713163064833,0.7888015717092338,0.6868166804506337,0.7888015717092338,0.7052925921841589,
0.8016032064128257,0.7955911823647295,0.7106866794814117,0.7955911823647295,0.7207561189795321,
0.801363193768257,0.7896786757546251,0.6748320615917309,0.7896786757546251,0.7122478860912337,
0.8098522167487685,0.7980295566502463,0.6680979119402765,0.7980295566502463,0.7206198901437405,
