Majority Class Accuracy,Accuracy,Precision,Recall,F Score,Support
0.8144126357354393,0.7986179664363278,0.7481093872700123,0.7986179664363278,0.76030818799805,
0.7908560311284046,0.7684824902723736,0.6974406557983501,0.7684824902723736,0.7150860701799784,
0.7996031746031746,0.7797619047619048,0.7076317482501968,0.7797619047619048,0.7253593411796537,
0.8071928071928072,0.7852147852147852,0.7045040550162335,0.7852147852147852,0.7281160517205012,
0.8280499519692603,0.8011527377521613,0.7559729058205678,0.8011527377521613,0.7713494974495642,
0.8037661050545094,0.777998017839445,0.7206835579675508,0.777998017839445,0.7373831691089286,
0.7974683544303798,0.7740993184031159,0.7050751212587247,0.7740993184031159,0.7234293794234227,
0.8078393881453155,0.7925430210325047,0.7367605255101607,0.7925430210325047,0.7488248725834638,
0.801175318315377,0.7884427032321254,0.7232717342518254,0.7884427032321254,0.7341344630693915,
0.7980487804878049,0.7765853658536586,0.7184260305084332,0.7765853658536586,0.7331579654599212,
0.8084696823869105,0.7882579403272377,0.7199376528900586,0.7882579403272377,0.7377838033752795,
0.791030534351145,0.7604961832061069,0.6859858824342737,0.7604961832061069,0.708629976346129,
0.8181818181818182,0.7810361681329423,0.7243673876213209,0.7810361681329423,0.7449545401126081,
0.8095703125,0.7822265625,0.7156598997378535,0.7822265625,0.736269305999106,
0.7952987267384917,0.7708129285014691,0.6993025511220657,0.7708129285014691,0.7187555111355455,
0.7956349206349206,0.7708333333333334,0.6960635042536597,0.7708333333333334,0.7168915157196786,
0.8115079365079365,0.7827380952380952,0.7208932177196941,0.7827380952380952,0.740574899770302,
0.8212180746561886,0.7986247544204322,0.737031159128156,0.7986247544204322,0.7552829894537374,
0.8146341463414634,0.7980487804878049,0.7493636136427121,0.7980487804878049,0.7617132483688168,
0.8034682080924855,0.7784200385356455,0.7157028766101396,0.7784200385356455,0.733558124598587,
0.7776689520078355,0.7512242899118511,0.6834463823001149,0.7512242899118511,0.7005841340688139,
0.8073122529644269,0.7786561264822134,0.7078831432613445,0.7786561264822134,0.7303054697107281,
0.8171091445427728,0.799410029498525,0.7469856903896396,0.799410029498525,0.7605072941656629,
0.7944015444015444,0.7702702702702703,0.7102715786696582,0.7702702702702703,0.7262054420127377,
0.8069835111542192,0.7943743937924346,0.738520402483016,0.7943743937924346,0.7487739943021632,
0.8180924287118977,0.7817109144542773,0.723412255880418,0.7817109144542773,0.7444240666754541,
0.8088803088803089,0.7808880308880309,0.7186452780486836,0.7808880308880309,0.7379586578125316,
0.8098522167487685,0.780295566502463,0.7192150202374101,0.780295566502463,0.7387500840734175,
0.7935103244837758,0.7669616519174042,0.6908605055034306,0.7669616519174042,0.7127452258264092,
0.8205625606207565,0.8089233753637245,0.7656016855476827,0.8089233753637245,0.7757365548315941,
