Majority Class Accuracy,Accuracy,Precision,Recall,F Score,Support
0.810546875,0.7626953125,0.7309682716986656,0.7626953125,0.7440334320170543,
0.8361303060217177,0.790720631786772,0.755807301058149,0.790720631786772,0.7703868273150969,
0.7792836398838335,0.7531461761858664,0.7004371505417061,0.7531461761858664,0.7145254422586745,
0.8135265700483092,0.7671497584541063,0.735700914240429,0.7671497584541063,0.7486399549434748,
0.8031341821743389,0.7531831537708129,0.7011963977923372,0.7531831537708129,0.7212912146628581,
0.8037848605577689,0.7579681274900398,0.7026237469358981,0.7579681274900398,0.7233796225361344,
0.793002915451895,0.7512147716229349,0.6992323082687139,0.7512147716229349,0.7175963793375315,
0.8125,0.7392578125,0.7113653230991482,0.7392578125,0.7239178451002432,
0.8091976516634051,0.7534246575342466,0.7105880572163779,0.7534246575342466,0.728154955867,
0.8108632395732299,0.7565470417070805,0.7175129026473748,0.7565470417070805,0.7336076744438886,
0.8017578125,0.7568359375,0.7081122524083171,0.7568359375,0.7263462959858443,
0.795131845841785,0.7505070993914807,0.7018786079439324,0.7505070993914807,0.7197362114673557,
0.8213256484149856,0.7646493756003843,0.723294928894865,0.7646493756003843,0.7407371726107411,
0.8286544046466602,0.7734753146176185,0.731198288976104,0.7734753146176185,0.7491283956133964,
0.7982370225269344,0.7531831537708129,0.709514648892947,0.7531831537708129,0.7259860862642495,
0.7883141762452107,0.7614942528735632,0.7066261857872855,0.7614942528735632,0.7219566069032198,
0.8186180422264875,0.7715930902111324,0.7401183344577444,0.7715930902111324,0.7531909555251959,
0.8155619596541787,0.7684918347742555,0.7160537313162271,0.7684918347742555,0.7365742789511928,
0.804093567251462,0.7651072124756335,0.7207074189377108,0.7651072124756335,0.7368806523247189,
0.7972575905974535,0.7394711067580804,0.6946360127368182,0.7394711067580804,0.7127043638394064,
0.8028708133971292,0.7454545454545455,0.6966205614288462,0.7454545454545455,0.7163602382272458,
0.8346534653465346,0.7881188118811882,0.7488943405866384,0.7881188118811882,0.7651434150025029,
0.8122489959839357,0.7479919678714859,0.7141422834193918,0.7479919678714859,0.7288242728702241,
0.8,0.7517241379310344,0.7009016427189263,0.7517241379310344,0.7202100525131283,
0.8092485549132948,0.7649325626204239,0.718684608531709,0.7649325626204239,0.7363401126101465,
0.8200389105058365,0.7821011673151751,0.7474717621350507,0.7821011673151751,0.7610227229081541,
0.7940327237728585,0.7362848893166506,0.6808129505014112,0.7362848893166506,0.7027054828897148,
0.7908629441624365,0.7472081218274111,0.6953342892302283,0.7472081218274111,0.7138549138267739,
0.8113744075829384,0.7611374407582938,0.719784747049871,0.7611374407582938,0.7364235893767326,
0.8137254901960784,0.753921568627451,0.7150860288957879,0.753921568627451,0.7315336616701433,
