Majority Class Accuracy,Accuracy,Precision,Recall,F Score,Support
0.8203592814371258,0.812375249500998,0.7243622511075409,0.812375249500998,0.7440347333119928,
0.8103616813294232,0.8035190615835777,0.677192167266609,0.8035190615835777,0.7238509301161661,
0.7933070866141733,0.7854330708661418,0.7037892553640586,0.7854330708661418,0.7127795147780096,
0.817279046673287,0.814299900695134,0.7045596988743466,0.814299900695134,0.7354694884593811,
0.7962962962962963,0.7894736842105263,0.6813729212544613,0.7894736842105263,0.7078127307635504,
0.8073217726396917,0.7967244701348748,0.6855526186288775,0.7967244701348748,0.7210167400646323,
0.8202137998056366,0.8172983479105929,0.7473370864265684,0.8172983479105929,0.7480084021921856,
0.8159757330637007,0.8109201213346815,0.6918661282251405,0.8109201213346815,0.7326310383935315,
0.8130563798219584,0.8090999010880316,0.72480492361798,0.8090999010880316,0.7343245543701961,
0.8062317429406037,0.804284323271665,0.7426885225109294,0.804284323271665,0.7353589410176699,
0.8234714003944773,0.8136094674556213,0.7352639963586709,0.8136094674556213,0.7518756303157004,
0.8122529644268774,0.8112648221343873,0.7357097157839785,0.8112648221343873,0.7312817055132885,
0.8113391984359726,0.8054740957966764,0.6573682394407487,0.8054740957966764,0.7239236594599258,
0.7864945382323734,0.7874875868917577,0.7368806836896405,0.7874875868917577,0.7053660954134793,
0.8205625606207565,0.8137730358874878,0.7276762850756382,0.8137730358874878,0.7447423701101064,
0.7870646766169154,0.7830845771144279,0.6547413084726518,0.7830845771144279,0.6931456480927006,
0.7956131605184447,0.7926221335992024,0.6918512963690684,0.7926221335992024,0.7072245118622803,
0.811046511627907,0.8052325581395349,0.7056173050615595,0.8052325581395349,0.7287364836573336,
0.8266283524904214,0.8256704980842912,0.7623169896533214,0.8256704980842912,0.7546624789023415,
0.8144927536231884,0.8115942028985508,0.7169562800589699,0.8115942028985508,0.7333332009897279,
0.8138401559454191,0.8070175438596491,0.7057616704834453,0.8070175438596491,0.7321182859108556,
0.8118331716779825,0.8050436469447139,0.7327424146858341,0.8050436469447139,0.7402260658106447,
0.7902298850574713,0.7863984674329502,0.6592280690098111,0.7863984674329502,0.6975044576477194,
0.8097609561752988,0.8097609561752988,0.7513329913877425,0.8097609561752988,0.7265178313850323,
0.8259587020648967,0.8259587020648967,0.7729863506824658,0.8259587020648967,0.7593913529289659,
0.7767676767676768,0.7767676767676768,0.7171779014636157,0.7767676767676768,0.6882806666683168,
0.8072866730584851,0.7996164908916586,0.6835859217563304,0.7996164908916586,0.7208240610978115,
0.8114511352418559,0.8094768015794669,0.7303631153217133,0.8094768015794669,0.7314162286460547,
0.8070519098922625,0.8050930460333007,0.7301648565098317,0.8050930460333007,0.7269865901923575,
0.8183632734530938,0.8163672654690619,0.7441745541175713,0.8163672654690619,0.742830564037488,
