Majority Class Accuracy,Accuracy,Precision,Recall,F Score,Support
0.1108891108891109,0.23076923076923078,0.22299377314419683,0.23076923076923078,0.22243121875257563,
0.12242899118511263,0.22135161606268364,0.2064937102306004,0.22135161606268364,0.20870134109038327,
0.12211538461538461,0.2403846153846154,0.24075276694435338,0.2403846153846154,0.23380080141933945,
0.13579049466537343,0.23957322987390883,0.2349835589143901,0.23957322987390883,0.23663264304040374,
0.1197252208047105,0.22767419038272815,0.21922950527340496,0.22767419038272815,0.21729730802767078,
0.11175898931000972,0.24392614188532555,0.2310312494708769,0.24392614188532555,0.2337253729496655,
0.11940298507462686,0.21293532338308457,0.21001553132884185,0.21293532338308457,0.2087729476126607,
0.11483253588516747,0.21913875598086124,0.21192680048807006,0.21913875598086124,0.20967373556340474,
0.11579980372914622,0.239450441609421,0.22979596533621907,0.239450441609421,0.2302683355815399,
0.12318137730358875,0.22793404461687683,0.22396749442151018,0.22793404461687683,0.21536810080834629,
0.12127236580516898,0.22465208747514911,0.2157288081530544,0.22465208747514911,0.21543089635799728,
0.1512770137524558,0.24263261296660119,0.230865858617123,0.24263261296660119,0.2295189042299533,
0.12163509471585245,0.22033898305084745,0.2107956868424737,0.22033898305084745,0.2115786886592395,
0.1461100569259962,0.24478178368121442,0.23312593002107754,0.24478178368121442,0.23674841120235218,
0.13843175217812198,0.22846079380445306,0.22181760780220205,0.22846079380445306,0.22251244497967607,
0.12438785504407443,0.23114593535749264,0.22440276579320398,0.23114593535749264,0.2228365640994275,
0.11713455953533398,0.24394966118102615,0.24435663410123906,0.24394966118102615,0.2388462754162057,
0.1357421875,0.26171875,0.24615785808753549,0.26171875,0.2494720827018705,
0.1203883495145631,0.22330097087378642,0.22193589331940325,0.22330097087378642,0.2175209256590284,
0.1314508276533593,0.24634858812074,0.24873553546850635,0.24634858812074,0.24034596471736472,
0.10400763358778627,0.24236641221374045,0.23292369097827503,0.24236641221374045,0.23434309647000795,
0.12524850894632206,0.22266401590457258,0.21302123125712216,0.22266401590457258,0.21306253156167532,
0.11614173228346457,0.2234251968503937,0.20843042601940992,0.2234251968503937,0.21030479477619846,
0.145224171539961,0.20662768031189083,0.1986925579185218,0.20662768031189083,0.1987152764207182,
0.10137795275590551,0.2263779527559055,0.22561899265603833,0.2263779527559055,0.22362666207980786,
0.12211538461538461,0.21346153846153845,0.20923913877442174,0.21346153846153845,0.20578040415969395,
0.13440320962888666,0.22166499498495487,0.20456581038778293,0.22166499498495487,0.20589472034196923,
0.1301775147928994,0.21203155818540434,0.20759559693212212,0.21203155818540434,0.20635996941455342,
0.12659470068694798,0.26300294406280667,0.25038386570605503,0.26300294406280667,0.25192544106783,
0.12437311935807423,0.21865596790371114,0.21376111206975204,0.21865596790371114,0.21396801912413163,
