Majority Class Accuracy,Accuracy,Precision,Recall,F Score,Support
0.6970588235294117,0.6823529411764706,0.5460058373696606,0.6823529411764706,0.5952285720672954,
0.7088974854932302,0.706963249516441,0.5470877382062429,0.706963249516441,0.6016931659243865,
0.6715686274509803,0.6637254901960784,0.5073813209494324,0.6637254901960784,0.5645482696655677,
0.6804435483870968,0.6764112903225806,0.5657022394260819,0.6764112903225806,0.5805523633703109,
0.7169441723800196,0.7071498530852106,0.556018287398076,0.7071498530852106,0.6114816179263601,
0.708969465648855,0.7080152671755725,0.5659664762718197,0.7080152671755725,0.6130074280072925,
0.7240038872691934,0.7113702623906706,0.5727770929732385,0.7113702623906706,0.6212750248589936,
0.7410281280310378,0.7361784675072744,0.6302823802333837,0.7361784675072744,0.6574225710888253,
0.6840551181102362,0.6781496062992126,0.5563219543952991,0.6781496062992126,0.5810859709898475,
0.6830443159922929,0.6791907514450867,0.5204887056095995,0.6791907514450867,0.5761736789703016,
0.6895522388059702,0.6825870646766169,0.5411179397131988,0.6825870646766169,0.5898783849205654,
0.6832174776564052,0.6822244289970208,0.5406497645325848,0.6822244289970208,0.5846649647794222,
0.6934097421203438,0.6934097421203438,0.5491904048468351,0.6934097421203438,0.5942420062314412,
0.6954813359528488,0.6964636542239686,0.5732142013226816,0.6964636542239686,0.5975476400903413,
0.7028347996089932,0.7018572825024438,0.5531767814329427,0.7018572825024438,0.5990824281880633,
0.7102713178294574,0.6986434108527132,0.544489743671373,0.6986434108527132,0.6051320372565314,
0.6757281553398058,0.6660194174757281,0.5717966438519654,0.6660194174757281,0.5700298772783864,
0.6965174129353234,0.6925373134328359,0.5591342828273277,0.6925373134328359,0.5981292448952308,
0.7241715399610137,0.7222222222222222,0.5698374454277437,0.7222222222222222,0.6278779613811772,
0.7094266277939747,0.7016520894071915,0.553052748688941,0.7016520894071915,0.6078053138712495,
0.6854368932038835,0.6776699029126214,0.5247815533980583,0.6776699029126214,0.5826262487274106,
0.6682832201745877,0.6673132880698351,0.511772202363861,0.6673132880698351,0.5547673903491305,
0.6884765625,0.685546875,0.5354728027047283,0.685546875,0.582954338322595,
0.7078972407231209,0.6993339676498572,0.5386200101331745,0.6993339676498572,0.5988144569451606,
0.7112403100775194,0.7073643410852714,0.567689796943163,0.7073643410852714,0.6114614612851315,
0.7007874015748031,0.6948818897637795,0.5306629305495739,0.6948818897637795,0.5926257267891339,
0.6832669322709163,0.6743027888446215,0.5247939822825213,0.6743027888446215,0.5742534262635447,
0.6750727449078564,0.6644034917555771,0.5011509959247128,0.6644034917555771,0.5551456865081461,
0.6968238691049086,0.685274302213667,0.5345150751031676,0.685274302213667,0.595882353823099,
0.7103718199608611,0.7084148727984344,0.5662532334615472,0.7084148727984344,0.6089619093487265,
