Majority Class Accuracy,Accuracy,Precision,Recall,F Score,Support
0.13275193798449614,0.23546511627906977,0.22957340761949857,0.23546511627906977,0.22940136071575457,
0.11473788328387735,0.2354104846686449,0.22392395315212818,0.2354104846686449,0.22278910982014632,
0.12342079689018465,0.2575315840621963,0.2547006755484984,0.2575315840621963,0.25294502066906416,
0.12871287128712872,0.22376237623762377,0.2125000614622458,0.22376237623762377,0.2147848919908152,
0.13223938223938225,0.24227799227799227,0.2325364535690767,0.24227799227799227,0.23367301193496084,
0.1182170542635659,0.24127906976744187,0.2322508992778743,0.24127906976744187,0.23233948217781475,
0.12878048780487805,0.24,0.2340135617281758,0.24,0.23511157474193992,
0.12197483059051308,0.24491771539206195,0.23076388576004478,0.24491771539206195,0.23343240970188003,
0.12810327706057598,0.23833167825223436,0.23022300118933714,0.23833167825223436,0.23226505597742111,
0.12133072407045009,0.24755381604696672,0.2407621415042507,0.24755381604696672,0.23889490399535698,
0.14076246334310852,0.22287390029325513,0.218547563084996,0.22287390029325513,0.21926522674015472,
0.14285714285714285,0.20734126984126985,0.2078477251024138,0.20734126984126985,0.2024398183063674,
0.13262342691190707,0.24782187802516942,0.2292972207289693,0.24782187802516942,0.23488103654241332,
0.1252465483234714,0.2455621301775148,0.24243219786702747,0.2455621301775148,0.24227999486671778,
0.12855740922473013,0.23552502453385674,0.2292663604378587,0.23552502453385674,0.23063690899636421,
0.11132623426911907,0.24394966118102615,0.22837727603648747,0.24394966118102615,0.23278906638549948,
0.11874386653581943,0.2512266928361138,0.23637789561879943,0.2512266928361138,0.23846973278662367,
0.11776061776061776,0.23745173745173745,0.23194579232179457,0.23745173745173745,0.23050790191360118,
0.1218809980806142,0.2523992322456814,0.23867925146277802,0.2523992322456814,0.2386933019446556,
0.13550939663699307,0.2265084075173096,0.21575640369846621,0.2265084075173096,0.2155618585970885,
0.11220472440944881,0.23622047244094488,0.2334394694082982,0.23622047244094488,0.23302547755229716,
0.12682926829268293,0.22731707317073171,0.22316539437603222,0.22731707317073171,0.22335207335138332,
0.13974231912784935,0.26362735381565905,0.25932146790899896,0.26362735381565905,0.2549845063010835,
0.12058823529411765,0.22450980392156863,0.22018305592718482,0.22450980392156863,0.22022084823166996,
0.1403678606001936,0.22846079380445306,0.21884334390099994,0.22846079380445306,0.22078018849212927,
0.11770428015564202,0.23832684824902725,0.2280356544071854,0.23832684824902725,0.2287811506018309,
0.15029469548133595,0.22789783889980353,0.21608196861768963,0.22789783889980353,0.2194418706019044,
0.1240234375,0.2646484375,0.2598168356656989,0.2646484375,0.26072202063289235,
0.13198458574181118,0.25337186897880537,0.2415120683037322,0.25337186897880537,0.24501843385451866,
0.12734452122408688,0.23988153998025666,0.22623710931680094,0.23988153998025666,0.22932832846771764,
