Majority Class Accuracy,Accuracy,Precision,Recall,F Score,Support
0.7198443579766537,0.7149805447470817,0.5985410813954704,0.7149805447470817,0.6239974663935857,
0.7042389210019268,0.6926782273603083,0.5276595995526632,0.6926782273603083,0.5887084009310734,
0.7021484375,0.6904296875,0.5407695370082896,0.6904296875,0.5934205709283737,
0.7106549364613881,0.7165200391006843,0.5985607186739962,0.7165200391006843,0.6159415952057873,
0.691699604743083,0.6897233201581028,0.49159397659381304,0.6897233201581028,0.5699560808276641,
0.7120470127326151,0.703232125367287,0.5381666892311769,0.703232125367287,0.6002099073384315,
0.6993210475266731,0.6944713870029098,0.543751488294023,0.6944713870029098,0.5858272699335775,
0.7198824681684622,0.7169441723800196,0.5793579279573403,0.7169441723800196,0.6114373209224359,
0.6792270531400966,0.6647342995169082,0.48896137698186826,0.6647342995169082,0.5543563371380185,
0.7167464114832536,0.7043062200956938,0.5688873373549094,0.7043062200956938,0.6211904763236425,
0.7166666666666667,0.707843137254902,0.5576888589915077,0.707843137254902,0.6121860921025803,
0.7008973080757727,0.6939182452642074,0.5130434569032193,0.6939182452642074,0.5819367642154277,
0.6998069498069498,0.694015444015444,0.5463792439093342,0.694015444015444,0.591409785459638,
0.6689655172413793,0.6630541871921182,0.5079648992189787,0.6630541871921182,0.5595759041710483,
0.7144212523719166,0.7058823529411765,0.5681518858541856,0.7058823529411765,0.617357468677601,
0.7004878048780487,0.6926829268292682,0.5076548469713867,0.6926829268292682,0.5784804168270972,
0.7199211045364892,0.7189349112426036,0.5649298693855432,0.7189349112426036,0.62432996867386,
0.7079731027857828,0.7070124879923151,0.5689900877220763,0.7070124879923151,0.6095516400568713,
0.687007874015748,0.6830708661417323,0.5130654890279222,0.6830708661417323,0.5722782998561772,
0.691699604743083,0.6877470355731226,0.5067143451162878,0.6877470355731226,0.5734358377205212,
0.6884920634920635,0.6795634920634921,0.5128509247086701,0.6795634920634921,0.5679318540301455,
0.7173076923076923,0.7182692307692308,0.5829118198874297,0.7182692307692308,0.6292573520523771,
0.7114818449460255,0.7065750736015701,0.5749211781242504,0.7065750736015701,0.6082579816112491,
0.7120921305182342,0.7053742802303263,0.567583738792952,0.7053742802303263,0.6134079905916798,
0.7067307692307693,0.7057692307692308,0.5672682374914072,0.7057692307692308,0.6064908611063272,
0.7028846153846153,0.7,0.6060479947403026,0.7,0.6109507929360664,
0.7004830917874396,0.693719806763285,0.5496702143502339,0.693719806763285,0.5988177177856003,
0.6993143976493633,0.6856023506366308,0.5299150065529775,0.6856023506366308,0.5874747568411397,
0.699711260827719,0.6939364773820982,0.5485879857079885,0.6939364773820982,0.5982169332452164,
0.6861804222648752,0.6746641074856046,0.5103321222922951,0.6746641074856046,0.5634364034513578,
