Majority Class Accuracy,Accuracy,Precision,Recall,F Score,Support
0.46995073891625616,0.4463054187192118,0.32732971832049584,0.4463054187192118,0.3544048460083215,
0.47041984732824427,0.46469465648854963,0.3387059941165537,0.46469465648854963,0.3574099803389257,
0.49608610567514677,0.49608610567514677,0.38979641442122065,0.49608610567514677,0.4203036593752907,
0.4801932367149758,0.4618357487922705,0.3487123983057473,0.4618357487922705,0.3772561146182019,
0.46971201588877853,0.4756703078450844,0.3628319891453354,0.4756703078450844,0.39520963524863606,
0.46455938697318006,0.48084291187739464,0.3733066301954535,0.48084291187739464,0.392994782293812,
0.4832347140039448,0.46055226824457596,0.34178501610253864,0.46055226824457596,0.3783178207568028,
0.47378832838773494,0.47576656775469833,0.3703509803304584,0.47576656775469833,0.39262617410346196,
0.4527363184079602,0.46368159203980097,0.3628083114619505,0.46368159203980097,0.3747022825714231,
0.46647230320699706,0.467444120505345,0.35078736890459755,0.467444120505345,0.3755565470479815,
0.47885939036381514,0.49262536873156343,0.3859551452550663,0.49262536873156343,0.4076523138450368,
0.4664750957854406,0.4511494252873563,0.33596630029088215,0.4511494252873563,0.367475017855877,
0.4796511627906977,0.4738372093023256,0.34495864365541906,0.4738372093023256,0.38080022649471174,
0.4658981748318924,0.45917387127761766,0.32228233701325887,0.45917387127761766,0.367667674999791,
0.49557522123893805,0.5004916420845624,0.3842214019855531,0.5004916420845624,0.4124068742231775,
0.4484732824427481,0.4627862595419847,0.34202642135128236,0.4627862595419847,0.3757610127439225,
0.4682080924855491,0.4508670520231214,0.34011370241517946,0.4508670520231214,0.376517798135313,
0.47337278106508873,0.4822485207100592,0.36001687419926054,0.4822485207100592,0.39281040425281905,
0.4839650145772595,0.4752186588921283,0.38265495728393073,0.4752186588921283,0.40860558771589406,
0.4723320158102767,0.45652173913043476,0.33602262940317257,0.45652173913043476,0.3582025975796785,
0.4661508704061896,0.46421663442940037,0.3506345740696598,0.46421663442940037,0.37629687975398973,
0.4690265486725664,0.4729596853490659,0.3634965383689698,0.4729596853490659,0.38830765905937165,
0.45263157894736844,0.47655502392344495,0.36656933178464274,0.47655502392344495,0.382400605963221,
0.47347740667976423,0.468565815324165,0.3648581968738181,0.468565815324165,0.3909372041698344,
0.5014778325123153,0.48472906403940885,0.3789409805813205,0.48472906403940885,0.40181840618743664,
0.47189922480620156,0.4573643410852713,0.3231205460906982,0.4573643410852713,0.3634297079236146,
0.47765640516385305,0.4657398212512413,0.33383600652431555,0.4657398212512413,0.37347266763615183,
0.47041707080504364,0.48205625606207564,0.3946912487967651,0.48205625606207564,0.3981889324952977,
0.45586808923375366,0.47041707080504364,0.3782095199666838,0.47041707080504364,0.38886088185532325,
0.45873320537428025,0.45393474088291746,0.34594891286415697,0.45393474088291746,0.36533297977091905,
