Majority Class Accuracy,Accuracy,Precision,Recall,F Score,Support
0.45615763546798027,0.46206896551724136,0.3681836982056525,0.46206896551724136,0.3749851993009313,
0.47855750487329435,0.4727095516569201,0.3659189598441724,0.4727095516569201,0.39177173615925504,
0.4789422135161606,0.4515181194906954,0.3443514488865917,0.4515181194906954,0.3734540982947811,
0.4445515911282546,0.4445515911282546,0.3354937209001441,0.4445515911282546,0.35777722716356153,
0.49560117302052786,0.48289345063538613,0.37547811518663754,0.48289345063538613,0.40745713801781536,
0.4637964774951076,0.4569471624266145,0.36841708073491647,0.4569471624266145,0.3867924584636879,
0.48282630029440626,0.4474975466143278,0.3771986857278656,0.4474975466143278,0.38943919230699964,
0.47326732673267324,0.4623762376237624,0.3445439048773468,0.4623762376237624,0.37862447456946846,
0.48919449901768175,0.48919449901768175,0.3861696330354213,0.48919449901768175,0.4168569589932025,
0.4795719844357977,0.4649805447470817,0.3459206896913379,0.4649805447470817,0.38054099166232647,
0.4796116504854369,0.4980582524271845,0.40340824212464427,0.4980582524271845,0.42557060846074346,
0.47152847152847155,0.4645354645354645,0.34156009862895015,0.4645354645354645,0.380476582650274,
0.47838899803536344,0.4538310412573674,0.3609409539212702,0.4538310412573674,0.3847085925501696,
0.4740450538687561,0.455435847208619,0.3552361498952334,0.455435847208619,0.37760444762318246,
0.46778989098116946,0.4638255698711596,0.360293814202278,0.4638255698711596,0.3894011687313587,
0.48202137998056366,0.478134110787172,0.37934252612957153,0.478134110787172,0.4056774279248182,
0.4819512195121951,0.4878048780487805,0.38141372549065344,0.4878048780487805,0.40621851639980505,
0.44510978043912175,0.4351297405189621,0.3283031633616365,0.4351297405189621,0.3642588219978233,
0.44401168451801365,0.4323271665043817,0.3410794446417425,0.4323271665043817,0.3506404909677191,
0.44621513944223107,0.4631474103585657,0.36609985096565095,0.4631474103585657,0.3771388807695324,
0.4422890397672163,0.4277400581959263,0.3127625816546508,0.4277400581959263,0.33973305947224486,
0.5014778325123153,0.496551724137931,0.3953356399317929,0.496551724137931,0.43218005303225476,
0.4654510556621881,0.46257197696737046,0.37199007589653044,0.46257197696737046,0.3903979137852685,
0.47877591312931883,0.46396841066140176,0.3586006574021979,0.46396841066140176,0.38845218343884086,
0.46466602129719264,0.47047434656340753,0.3606071600325654,0.47047434656340753,0.3855147969106561,
0.4658203125,0.474609375,0.37569640357548145,0.474609375,0.38856083192794033,
0.4775390625,0.4951171875,0.3997876334044529,0.4951171875,0.4238939499669573,
0.4985279685966634,0.4631992149165849,0.3672566647743605,0.4631992149165849,0.40463515707265435,
0.44847890088321885,0.44160942100098133,0.3260608198787428,0.44160942100098133,0.3543084665258018,
0.48720472440944884,0.49015748031496065,0.3656846207801611,0.49015748031496065,0.4006239238907845,
