Majority Class Accuracy,Accuracy,Precision,Recall,F Score,Support
0.7030947775628626,0.6972920696324951,0.5536090139556166,0.6972920696324951,0.5970226098066039,
0.6899902818270165,0.6783284742468416,0.5219293063059585,0.6783284742468416,0.580215560631943,
0.6905697445972495,0.6866404715127702,0.5365622869973137,0.6866404715127702,0.589850756195155,
0.6976744186046512,0.6936299292214358,0.5469583808383779,0.6936299292214358,0.5942377653565221,
0.7113095238095238,0.7073412698412699,0.5623893516677035,0.7073412698412699,0.6091571266020792,
0.6946859903381642,0.6966183574879227,0.5575504829667702,0.6966183574879227,0.5999136653153486,
0.6979269496544916,0.6890424481737414,0.5063275730628657,0.6890424481737414,0.5785780460261344,
0.6999012833168805,0.702862783810464,0.548768867338917,0.702862783810464,0.5996181943846679,
0.6828543111992071,0.6759167492566898,0.5438372574004826,0.6759167492566898,0.5835371953545864,
0.6968810916179338,0.6793372319688109,0.5310403200984919,0.6793372319688109,0.5898694078597242,
0.7137330754352031,0.6982591876208898,0.5582505644016743,0.6982591876208898,0.6084679124306978,
0.7016361886429259,0.6843118383060636,0.5346776474299479,0.6843118383060636,0.5910777237437131,
0.68,0.6751219512195122,0.5169718594805702,0.6751219512195122,0.5755167489966039,
0.674812030075188,0.6738721804511278,0.5420334897481711,0.6738721804511278,0.5756076851876398,
0.6924546322827125,0.6867239732569246,0.5757232337539492,0.6867239732569246,0.6047018524254837,
0.6890243902439024,0.6890243902439024,0.5471517054051621,0.6890243902439024,0.5876438137037219,
0.6647230320699709,0.6559766763848397,0.49942289623888403,0.6559766763848397,0.5523652590671461,
0.7223823246878002,0.7050912584053795,0.5711878553093652,0.7050912584053795,0.6199985768669726,
0.7155599603567889,0.7026759167492567,0.5658545370413319,0.7026759167492567,0.6074060109064696,
0.716256157635468,0.6985221674876847,0.5809843977140974,0.6985221674876847,0.6219205735965981,
0.6673132880698351,0.6702230843840931,0.5269670726685518,0.6702230843840931,0.5746479367542241,
0.6999012833168805,0.6959526159921027,0.5336096557955768,0.6959526159921027,0.5887670919572371,
0.7166831194471865,0.7097729516288253,0.556727633171238,0.7097729516288253,0.6122705113634792,
0.6873767258382643,0.6883629191321499,0.5736667729356537,0.6883629191321499,0.5757659727047901,
0.6800804828973843,0.6690140845070423,0.522495929001263,0.6690140845070423,0.5743680120449157,
0.7144230769230769,0.7076923076923077,0.5808592209072978,0.7076923076923077,0.6226859217285988,
0.6878097125867195,0.6818632309217046,0.5183681013125662,0.6818632309217046,0.5726904870703932,
0.6996086105675147,0.687866927592955,0.530323362221601,0.687866927592955,0.586903857531446,
0.7090203685741998,0.7090203685741998,0.5791814300890094,0.7090203685741998,0.6154548017694906,
0.7064039408866996,0.6995073891625616,0.5657200613303082,0.6995073891625616,0.6081975074157826,
