Majority Class Accuracy,Accuracy,Precision,Recall,F Score,Support
0.6920821114369502,0.6862170087976539,0.5332966764418378,0.6862170087976539,0.5890277272966141,
0.6883629191321499,0.6676528599605522,0.5064102168581069,0.6676528599605522,0.567536780745142,
0.6987115956392468,0.686818632309217,0.5390311600755485,0.686818632309217,0.5907559820633739,
0.6933461909353905,0.6904532304725168,0.5752884216627279,0.6904532304725168,0.6031710247198008,
0.7149901380670611,0.7120315581854043,0.5749588313802815,0.7120315581854043,0.6257849853374212,
0.7201565557729941,0.7093933463796478,0.5390071087961458,0.7093933463796478,0.6057330698624042,
0.71,0.708,0.578592322822546,0.708,0.6132978962588985,
0.7108549471661864,0.696445725264169,0.5548773084262465,0.696445725264169,0.6076368651637982,
0.6883629191321499,0.6775147928994083,0.5461634115905624,0.6775147928994083,0.5887597718513129,
0.6921587608906099,0.6873184898354308,0.5580539157714913,0.6873184898354308,0.5897022045824687,
0.7069306930693069,0.697029702970297,0.5687220977979699,0.697029702970297,0.6158871831487561,
0.692154915590864,0.6742800397219464,0.5244321463553471,0.6742800397219464,0.577126173985902,
0.7016683022571149,0.689892051030422,0.5503947720581676,0.689892051030422,0.5929437859884755,
0.6951102588686481,0.6768935762224353,0.5459756789759471,0.6768935762224353,0.5965004977349336,
0.7022684310018904,0.6928166351606805,0.5666275180429684,0.6928166351606805,0.6103584452399541,
0.6942231075697212,0.6912350597609562,0.5775503375938844,0.6912350597609562,0.5979788629779411,
0.6893491124260355,0.6785009861932939,0.5458679511194622,0.6785009861932939,0.5811095962525739,
0.7054263565891473,0.6967054263565892,0.5572960044418818,0.6967054263565892,0.6051503227436361,
0.6723484848484849,0.665719696969697,0.5113692417811698,0.665719696969697,0.5635269964142607,
0.6985645933014354,0.6861244019138756,0.5295264401903198,0.6861244019138756,0.5906966829800372,
0.693437806072478,0.6797257590597453,0.5373196512383673,0.6797257590597453,0.5727263820816425,
0.6987242394504416,0.677134445534838,0.5441983282832095,0.677134445534838,0.5894519313487889,
0.6956521739130435,0.6850241545893719,0.5416049212180185,0.6850241545893719,0.5957836166788268,
0.7108910891089109,0.697029702970297,0.5460076984829461,0.697029702970297,0.6016973125884016,
0.6867704280155642,0.6673151750972762,0.5239080910562564,0.6673151750972762,0.5767941590870823,
0.6866404715127702,0.6856581532416502,0.5399457724399446,0.6856581532416502,0.5852639134675919,
0.7336538461538461,0.7125,0.5765813869014613,0.7125,0.629124856333113,
0.69377990430622,0.6976076555023923,0.5424042469449595,0.6976076555023923,0.5899342429125009,
0.6914789422135161,0.6895200783545543,0.5401853660272231,0.6895200783545543,0.5902719824475875,
0.6985365853658536,0.686829268292683,0.5419582628892563,0.686829268292683,0.5935596342855991,
