Majority Class Accuracy,Accuracy,Precision,Recall,F Score,Support
0.7069133398247323,0.682570593962999,0.5550718036178474,0.682570593962999,0.6028234929135328,
0.7082514734774067,0.6895874263261297,0.5445455319011911,0.6895874263261297,0.5999134503966338,
0.7127450980392157,0.7068627450980393,0.5729740331201861,0.7068627450980393,0.6127442548517684,
0.6774193548387096,0.6627565982404692,0.5571267986784219,0.6627565982404692,0.5725590849507348,
0.695906432748538,0.6793372319688109,0.5296685123214758,0.6793372319688109,0.581536532024347,
0.6943359375,0.669921875,0.5198831785820354,0.669921875,0.5800129457825928,
0.6754901960784314,0.6705882352941176,0.5238540250408155,0.6705882352941176,0.5758699132377384,
0.6912621359223301,0.6873786407766991,0.546108481104068,0.6873786407766991,0.5926227549088878,
0.7014925373134329,0.6865671641791045,0.5474759873606253,0.6865671641791045,0.6049534683154248,
0.6952380952380952,0.6952380952380952,0.5663820479922601,0.6952380952380952,0.6136750496065515,
0.6732283464566929,0.6535433070866141,0.4958377061759033,0.6535433070866141,0.544338281529317,
0.7131931166347992,0.7007648183556405,0.5479049247684962,0.7007648183556405,0.6052638836715041,
0.6882745471877979,0.6720686367969495,0.5360463113764665,0.6720686367969495,0.5849676830215391,
0.709613478691774,0.6897918731417245,0.5528642911270233,0.6897918731417245,0.6077033747406246,
0.6916916916916916,0.6816816816816816,0.5262224000394347,0.6816816816816816,0.5788181452392659,
0.6795634920634921,0.6626984126984127,0.5266121355972696,0.6626984126984127,0.5773398535368217,
0.6752475247524753,0.6663366336633664,0.5299422217795893,0.6663366336633664,0.5611162688027262,
0.7091087169441724,0.7002938295788442,0.5608802369749066,0.7002938295788442,0.607662004153916,
0.7211822660098522,0.7014778325123153,0.5561113084299767,0.7014778325123153,0.6139406825387103,
0.6640548481880509,0.6611165523996082,0.512279156770084,0.6611165523996082,0.5613655585585328,
0.7007797270955166,0.6881091617933723,0.5499194037317066,0.6881091617933723,0.5977079588893504,
0.6887351778656127,0.6857707509881423,0.5498431386455406,0.6857707509881423,0.5941506921543149,
0.7133204633204633,0.6891891891891891,0.5731116274121042,0.6891891891891891,0.6194253467013864,
0.7038499506416585,0.6929911154985192,0.5453733069110522,0.6929911154985192,0.5984138103861754,
0.7019607843137254,0.692156862745098,0.5561459480354725,0.692156862745098,0.6029877612493509,
0.708457711442786,0.6985074626865672,0.5563580403849647,0.6985074626865672,0.6074689686394089,
0.7209971236816874,0.710450623202301,0.5771843096581938,0.710450623202301,0.6251288089104107,
0.7091439688715954,0.6974708171206225,0.5422470173110044,0.6974708171206225,0.6009187037679492,
0.6755952380952381,0.6736111111111112,0.5328915666489052,0.6736111111111112,0.5732229210743162,
0.6962890625,0.689453125,0.5457155829230955,0.689453125,0.594819579872853,
