Majority Class Accuracy,Accuracy,Precision,Recall,F Score,Support
0.7071498530852106,0.703232125367287,0.5624762507129354,0.703232125367287,0.6115072372632234,
0.6581280788177339,0.6413793103448275,0.48733115899786805,0.6413793103448275,0.5407471321028828,
0.6999002991026919,0.6889332003988036,0.5503502107511851,0.6889332003988036,0.5998942803510204,
0.6964285714285714,0.7003968253968254,0.5655435471668737,0.7003968253968254,0.598663599397047,
0.7004830917874396,0.7014492753623188,0.5735397316821467,0.7014492753623188,0.6046009340399853,
0.6908023483365949,0.6829745596868885,0.49496793365551656,0.6829745596868885,0.5696000633725671,
0.7022900763358778,0.6898854961832062,0.5517038044318076,0.6898854961832062,0.6024147258310617,
0.6897233201581028,0.6719367588932806,0.5245246902855599,0.6719367588932806,0.580083547848183,
0.6831395348837209,0.6695736434108527,0.5232065236732074,0.6695736434108527,0.5776703088269881,
0.6817733990147783,0.6738916256157635,0.5190741442465581,0.6738916256157635,0.5710536028507542,
0.6892545982575025,0.6824782187802517,0.5301022939862678,0.6824782187802517,0.5767798351234162,
0.686595949855352,0.6837029893924783,0.5299366173278317,0.6837029893924783,0.5760041129404255,
0.6942551119766309,0.685491723466407,0.5491005960376745,0.685491723466407,0.5940876245673048,
0.7098703888334995,0.6939182452642074,0.5433936877948693,0.6939182452642074,0.6023491177508872,
0.6990291262135923,0.6970873786407767,0.5700931934404082,0.6970873786407767,0.6030944548208014,
0.6902654867256637,0.6912487708947886,0.542768337879156,0.6912487708947886,0.5885703528197606,
0.7085377821393523,0.7065750736015701,0.5561382905130392,0.7065750736015701,0.6072189872943747,
0.7130434782608696,0.7053140096618358,0.5536577681752832,0.7053140096618358,0.606794344205244,
0.7155425219941349,0.7038123167155426,0.5799372737899823,0.7038123167155426,0.6244068732356512,
0.6851145038167938,0.691793893129771,0.5581576976805145,0.691793893129771,0.5921065482911517,
0.7054860442733397,0.7016361886429259,0.5407091965661626,0.7016361886429259,0.597012891469307,
0.7121212121212122,0.6988636363636364,0.5637995192431393,0.6988636363636364,0.6074402458615662,
0.7042115572967679,0.6885406464250735,0.5663519715672007,0.6885406464250735,0.6083656214682625,
0.6982591876208898,0.6992263056092843,0.5603745497362518,0.6992263056092843,0.5965664956495011,
0.6977648202137998,0.6870748299319728,0.5484719066795376,0.6870748299319728,0.5907962116014599,
0.7002938295788442,0.693437806072478,0.5371961588971086,0.693437806072478,0.5940446036504581,
0.7128514056224899,0.6947791164658634,0.5652138587721296,0.6947791164658634,0.6098431755715993,
0.6775745909528392,0.6843118383060636,0.5617713393583974,0.6843118383060636,0.5915880193904993,
0.6796208530805687,0.6796208530805687,0.5433240984739938,0.6796208530805687,0.5629360779108998,
0.7007797270955166,0.6998050682261209,0.5570429612424016,0.6998050682261209,0.5933646632769439,
