Majority Class Accuracy,Accuracy,Precision,Recall,F Score,Support
0.684971098265896,0.6830443159922929,0.5397132418409014,0.6830443159922929,0.5819907498234129,
0.6795740561471443,0.68054211035818,0.5617969463898026,0.68054211035818,0.5904183908393843,
0.6929740134744947,0.6737247353224254,0.5297566227747368,0.6737247353224254,0.5817212536217854,
0.7094266277939747,0.6997084548104956,0.5531019798176582,0.6997084548104956,0.6068931670526085,
0.7024390243902439,0.6917073170731707,0.551440579484278,0.6917073170731707,0.6081858214140105,
0.6988304093567251,0.6832358674463938,0.5396578920474535,0.6832358674463938,0.5984217963300132,
0.6941986234021632,0.6774827925270404,0.5285439903674107,0.6774827925270404,0.5834703008632847,
0.6903602726387537,0.6893865628042843,0.5568365891254458,0.6893865628042843,0.6035918237751695,
0.7316602316602316,0.7094594594594594,0.5992722185216132,0.7094594594594594,0.6419908203225579,
0.6965853658536585,0.688780487804878,0.5431134327553517,0.688780487804878,0.5956312288481735,
0.6969990319457889,0.686350435624395,0.552865999676028,0.686350435624395,0.599375206657477,
0.7176470588235294,0.7019607843137254,0.577870019130071,0.7019607843137254,0.627097101960765,
0.701,0.697,0.5667683601286173,0.697,0.6102803942344581,
0.6984585741811176,0.6782273603082851,0.5652545979987768,0.6782273603082851,0.5976330714132112,
0.6987242394504416,0.6830225711481845,0.5568857448195084,0.6830225711481845,0.6020657015787086,
0.7006869479882237,0.6908734052993131,0.5595772850024097,0.6908734052993131,0.6029114698686945,
0.6893295561850803,0.6704438149197356,0.5088922068383825,0.6704438149197356,0.5739490895122465,
0.675146771037182,0.6585127201565558,0.5098357993883531,0.6585127201565558,0.5595637142228977,
0.6813397129186602,0.6535885167464115,0.5118862235141669,0.6535885167464115,0.5688896484667865,
0.6818181818181818,0.6788537549407114,0.5446020540098502,0.6788537549407114,0.576481850959481,
0.6931818181818182,0.6846590909090909,0.5370487510627017,0.6846590909090909,0.5877300447839156,
0.686829268292683,0.6829268292682927,0.5541996600475797,0.6829268292682927,0.5889221672813646,
0.7042389210019268,0.6840077071290944,0.5689032282795362,0.6840077071290944,0.6103424670312332,
0.6818622696411252,0.6721629485935985,0.5359724627304011,0.6721629485935985,0.5811807331715916,
0.6978346456692913,0.6830708661417323,0.5570076301511635,0.6830708661417323,0.6028772276326715,
0.7024952015355086,0.6852207293666027,0.5512159960986583,0.6852207293666027,0.6009942267748608,
0.6785370548604427,0.670837343599615,0.5427262605830248,0.670837343599615,0.5859500619023262,
0.6693069306930693,0.6485148514851485,0.5289410983284043,0.6485148514851485,0.5668632647272848,
0.6820866141732284,0.6781496062992126,0.543215001495241,0.6781496062992126,0.58639320477419,
0.6973555337904016,0.6787463271302644,0.5551756454795291,0.6787463271302644,0.6046790508236682,
