Majority Class Accuracy,Accuracy,Precision,Recall,F Score,Support
0.14484126984126985,0.23511904761904762,0.23501813937927293,0.23511904761904762,0.23214872621181112,
0.13056092843326886,0.2253384912959381,0.21698253873559367,0.2253384912959381,0.21586424703685134,
0.13280475718533202,0.23785926660059464,0.22139649857824104,0.23785926660059464,0.2246971872409282,
0.1262135922330097,0.2524271844660194,0.24694042774539632,0.2524271844660194,0.24216288481435738,
0.12745098039215685,0.21372549019607842,0.20916958250854661,0.21372549019607842,0.2031010187265473,
0.12749003984063745,0.24601593625498008,0.24063572342505682,0.24601593625498008,0.23520072024221503,
0.11199207135777998,0.22001982160555006,0.21065522887979568,0.22001982160555006,0.20700508503858311,
0.10880316518298715,0.2294757665677547,0.2185089241078795,0.2294757665677547,0.2200563149223397,
0.12,0.23414634146341465,0.2344226071722529,0.23414634146341465,0.22638021702645636,
0.1099009900990099,0.2396039603960396,0.2312200924450255,0.2396039603960396,0.23116442376364327,
0.12536728697355534,0.24289911851126347,0.23559816944927695,0.24289911851126347,0.22638707906639605,
0.11736641221374046,0.2299618320610687,0.2285053385734456,0.2299618320610687,0.2258735424511534,
0.12950340798442064,0.25511197663096397,0.24846604538968933,0.25511197663096397,0.24285652808949412,
0.09834469328140215,0.23758519961051608,0.228837020406591,0.23758519961051608,0.22759209305652017,
0.12294288480154889,0.21200387221684414,0.21025282825495903,0.21200387221684414,0.20506381515902722,
0.13742690058479531,0.23294346978557504,0.22647095273040402,0.23294346978557504,0.22408504311661412,
0.12928501469147893,0.23800195886385897,0.23858268745785713,0.23800195886385897,0.23467922402677602,
0.11614173228346457,0.21948818897637795,0.2100500597621366,0.21948818897637795,0.2094187409690758,
0.1303088803088803,0.24034749034749034,0.23258542713466215,0.24034749034749034,0.2314034812345709,
0.11874386653581943,0.23454367026496564,0.22628236209812513,0.23454367026496564,0.2226028703254568,
0.11219512195121951,0.23804878048780487,0.23271792749625622,0.23804878048780487,0.23318795945288817,
0.13537549407114624,0.22628458498023715,0.2214271338939717,0.22628458498023715,0.22108493721735392,
0.10583580613254204,0.2423343224530168,0.24597840866970608,0.2423343224530168,0.23934411684700488,
0.11332007952286283,0.22365805168986083,0.21129107048368678,0.22365805168986083,0.2156200975441652,
0.1286549707602339,0.21734892787524365,0.20931682690300074,0.21734892787524365,0.21027354390230618,
0.13827655310621242,0.20240480961923848,0.19331812710199778,0.20240480961923848,0.19358044043031153,
0.13986013986013987,0.22277722277722278,0.2196368189322581,0.22277722277722278,0.21481162800766726,
0.14021421616358326,0.2590068159688413,0.2513477075154791,0.2590068159688413,0.24819442201465275,
0.1344294003868472,0.24854932301740812,0.23940778638979732,0.24854932301740812,0.23856211812448888,
0.13813229571984437,0.22665369649805447,0.22436329369089184,0.22665369649805447,0.2196306049863709,
