Majority Class Accuracy,Accuracy,Precision,Recall,F Score,Support
0.12133072407045009,0.22015655577299412,0.21569309657601723,0.22015655577299412,0.2131539165196055,
0.12620423892100194,0.24373795761078998,0.24038765371804946,0.24373795761078998,0.23598748293427166,
0.13843175217812198,0.24491771539206195,0.2376583640014788,0.24491771539206195,0.23770991208479317,
0.12215909090909091,0.24621212121212122,0.24199814791004604,0.24621212121212122,0.2356667981521523,
0.11804878048780487,0.2253658536585366,0.21893647952461018,0.2253658536585366,0.21905347860079047,
0.1181026137463698,0.24782187802516942,0.2430908018444224,0.24782187802516942,0.23791545531845107,
0.1374122367101304,0.23470411233701102,0.23217891010529623,0.23470411233701102,0.22647772236935432,
0.11956521739130435,0.25395256916996045,0.23940356472638633,0.25395256916996045,0.24144802967462026,
0.1298828125,0.2509765625,0.24364854563636,0.2509765625,0.24096919890608912,
0.11154598825831702,0.22798434442270057,0.22343340530428607,0.22798434442270057,0.22249724900034692,
0.11397423191278494,0.24182358771060455,0.23905248315996497,0.24182358771060455,0.2332665211039964,
0.11100292112950341,0.1966893865628043,0.18862774030393306,0.1966893865628043,0.18791536936728231,
0.1257197696737044,0.20441458733205375,0.19619922770819465,0.20441458733205375,0.19677247009301757,
0.11956521739130435,0.24209486166007904,0.23637986801485944,0.24209486166007904,0.2348441538166919,
0.1484375,0.2275390625,0.21889994999161777,0.2275390625,0.21486235471248644,
0.1293774319066148,0.20914396887159534,0.2010551565177602,0.20914396887159534,0.20152253568089978,
0.12133072407045009,0.2446183953033268,0.2384736408346862,0.2446183953033268,0.23757590600708353,
0.12667946257197696,0.23320537428023033,0.2290379180024627,0.23320537428023033,0.22816663996050962,
0.12857142857142856,0.24095238095238095,0.2345737899297148,0.24095238095238095,0.2349521390246417,
0.1308139534883721,0.22771317829457363,0.22278363066662984,0.22771317829457363,0.2227146740036959,
0.1242603550295858,0.24260355029585798,0.23693107809978525,0.24260355029585798,0.23750953598313318,
0.12944664031620554,0.2391304347826087,0.23237677476699192,0.2391304347826087,0.23199505851123275,
0.13823529411764707,0.2372549019607843,0.2225154472917495,0.2372549019607843,0.22087937335823127,
0.12979351032448377,0.21140609636184857,0.2029839772181053,0.21140609636184857,0.20122529637509992,
0.12900096993210475,0.20659553831231814,0.1958424004252594,0.20659553831231814,0.19753370775709558,
0.1289701636188643,0.24254090471607315,0.24112364106831777,0.24254090471607315,0.23700342018859238,
0.13052011776251227,0.24435721295387636,0.23468616414630336,0.24435721295387636,0.2362937054915646,
0.1298828125,0.2314453125,0.2163318603487682,0.2314453125,0.2193255049812798,
0.11839530332681017,0.25048923679060664,0.2439761244512407,0.25048923679060664,0.24218924760570873,
0.1362763915547025,0.22840690978886757,0.22287821603467098,0.22840690978886757,0.22283151385713312,
