Majority Class Accuracy,Accuracy,Precision,Recall,F Score,Support
0.46798029556650245,0.470935960591133,0.388487573590019,0.470935960591133,0.40998171899732383,
0.45862412761714855,0.4626121635094716,0.35808900132988086,0.4626121635094716,0.39577581067495304,
0.4508611955420466,0.4447821681864235,0.3672339901342216,0.4447821681864235,0.384942427179068,
0.4553398058252427,0.4640776699029126,0.37600294406630336,0.4640776699029126,0.3943866099314676,
0.4706457925636008,0.4637964774951076,0.3871395397273718,0.4637964774951076,0.4085763551746278,
0.46100691016781836,0.45113524185587367,0.3622284919539796,0.45113524185587367,0.38526894996609423,
0.47576656775469833,0.456973293768546,0.3653694728948841,0.456973293768546,0.3889784150115201,
0.45948616600790515,0.45652173913043476,0.35651632798465627,0.45652173913043476,0.388476595246983,
0.4633663366336634,0.4534653465346535,0.36059628572039165,0.4534653465346535,0.38654295183859916,
0.47126436781609193,0.46839080459770116,0.37060469628053805,0.46839080459770116,0.3972425470254338,
0.4658203125,0.458984375,0.3745505270532394,0.458984375,0.3886383337011965,
0.45862412761714855,0.4426719840478564,0.3450001178863101,0.4426719840478564,0.3763222786831698,
0.46673189823874756,0.4637964774951076,0.37339045805627036,0.4637964774951076,0.39903913841222644,
0.4658981748318924,0.4678194044188281,0.3798706852007335,0.4678194044188281,0.39901425589431305,
0.45857418111753373,0.4605009633911368,0.37418079253549646,0.4605009633911368,0.3907472497619145,
0.49902912621359224,0.5077669902912622,0.4252918842247757,0.5077669902912622,0.44424476529403667,
0.4420849420849421,0.43822393822393824,0.32808346345120776,0.43822393822393824,0.3667104102307326,
0.47729468599033814,0.4647342995169082,0.39197476833988065,0.4647342995169082,0.4082526503764039,
0.47791952894995093,0.4730127576054956,0.39482243317835203,0.4730127576054956,0.4149223968497531,
0.4635108481262327,0.4358974358974359,0.34467395205234014,0.4358974358974359,0.37819414198845336,
0.46966731898238745,0.45792563600782776,0.3573090132140885,0.45792563600782776,0.38776068115234075,
0.46487006737247355,0.43888354186718,0.3337028752876397,0.43888354186718,0.3648089931858019,
0.4547187797902765,0.45662535748331745,0.36603039337490867,0.45662535748331745,0.39311587145622306,
0.48338081671415006,0.4567901234567901,0.35890123609287505,0.4567901234567901,0.38986705212878325,
0.4793307086614173,0.4655511811023622,0.3893746322622685,0.4655511811023622,0.4164931818362784,
0.45409674234945707,0.46396841066140176,0.37655595518521967,0.46396841066140176,0.39647866945440574,
0.4864864864864865,0.4700772200772201,0.3805499189263378,0.4700772200772201,0.4061380833977924,
0.45714285714285713,0.46206896551724136,0.38561122913752166,0.46206896551724136,0.391681006848751,
0.47307692307692306,0.47115384615384615,0.38603420691081813,0.47115384615384615,0.4161087659550495,
0.49658536585365853,0.4770731707317073,0.3847821025772612,0.4770731707317073,0.4199512663956061,
