Majority Class Accuracy,Accuracy,Precision,Recall,F Score,Support
0.6834319526627219,0.6637080867850098,0.5201047265824593,0.6637080867850098,0.573218536547449,
0.7082514734774067,0.6925343811394892,0.570316383299304,0.6925343811394892,0.6102997084045629,
0.7145631067961165,0.6844660194174758,0.5561407616378066,0.6844660194174758,0.6095698037669068,
0.6976076555023923,0.6803827751196172,0.5445562273746324,0.6803827751196172,0.5954980910962108,
0.6868787276341949,0.6759443339960238,0.5370915050239105,0.6759443339960238,0.5859518232054859,
0.6955665024630542,0.6847290640394089,0.5530566745128492,0.6847290640394089,0.6011825630734374,
0.7088607594936709,0.6952288218111002,0.5511890094336513,0.6952288218111002,0.6045450594347074,
0.691699604743083,0.6689723320158103,0.5301540771081995,0.6689723320158103,0.5791082116882944,
0.704390243902439,0.6965853658536585,0.5718664562010964,0.6965853658536585,0.6101436439249186,
0.689175769612711,0.676266137040715,0.5254694274697808,0.676266137040715,0.5837381398845664,
0.6895522388059702,0.672636815920398,0.5280489179717178,0.672636815920398,0.5824735655603305,
0.6756756756756757,0.6640926640926641,0.5257613829042401,0.6640926640926641,0.57640174945554,
0.6908212560386473,0.6830917874396135,0.5467107584324016,0.6830917874396135,0.5966644965013396,
0.717391304347826,0.7025691699604744,0.5774267608518732,0.7025691699604744,0.6262271964488929,
0.7029126213592233,0.6825242718446602,0.5569905497046336,0.6825242718446602,0.6058894885565224,
0.7058823529411765,0.6943105110896818,0.5892714112142435,0.6943105110896818,0.617775178940639,
0.6996086105675147,0.687866927592955,0.5475132198026398,0.687866927592955,0.6025696755961003,
0.657843137254902,0.6460784313725491,0.4983347081963115,0.6460784313725491,0.5428224713970203,
0.6996124031007752,0.689922480620155,0.5726056670990755,0.689922480620155,0.610373000567872,
0.7011494252873564,0.6867816091954023,0.5628734419709976,0.6867816091954023,0.6067365828863821,
0.7015075376884422,0.6884422110552764,0.5770381391967584,0.6884422110552764,0.614186525335373,
0.6875593542260209,0.6856600189933523,0.5699287618479537,0.6856600189933523,0.5999828344420137,
0.7124631992149166,0.704612365063788,0.6017420851757475,0.704612365063788,0.6207646947487672,
0.7163886162904809,0.7114818449460255,0.5862750240614302,0.7114818449460255,0.6281753560665101,
0.7006869479882237,0.6751717369970559,0.5260112439260859,0.6751717369970559,0.5874544049770521,
0.6936299292214358,0.6754297269969667,0.5245939793908627,0.6754297269969667,0.583861809037709,
0.7083743842364532,0.6935960591133005,0.5628648045844052,0.6935960591133005,0.6185212130730641,
0.703631010794897,0.6918547595682041,0.5551647666003212,0.6918547595682041,0.6012439679057349,
0.7066795740561471,0.6960309777347532,0.5761090575141778,0.6960309777347532,0.6189558830082962,
0.7024875621890547,0.7024875621890547,0.591860101365386,0.7024875621890547,0.6171873726188515,
