Majority Class Accuracy,Accuracy,Precision,Recall,F Score,Support
0.6739130434782609,0.6630434782608695,0.5378506700086764,0.6630434782608695,0.5599682759615228,
0.6917073170731707,0.686829268292683,0.545670771664414,0.686829268292683,0.5952878915026664,
0.6958661417322834,0.6850393700787402,0.5248043154965693,0.6850393700787402,0.5839140739128038,
0.6956521739130435,0.6758893280632411,0.5338799839760903,0.6758893280632411,0.5881099743850935,
0.7030360531309298,0.6897533206831119,0.5397345338523779,0.6897533206831119,0.5977219540993913,
0.6875,0.6767578125,0.5315730528784552,0.6767578125,0.5853528906407098,
0.6859099804305284,0.6692759295499021,0.5220404379693994,0.6692759295499021,0.5764899021951785,
0.7155425219941349,0.6989247311827957,0.5490424092036995,0.6989247311827957,0.6040531366400956,
0.7371483996120272,0.7274490785645005,0.5904752121720601,0.7274490785645005,0.641837147174669,
0.6903602726387537,0.676728334956183,0.5600084659949122,0.676728334956183,0.6051445260738852,
0.7243713733075435,0.7108317214700194,0.5797361544646435,0.7108317214700194,0.6251078968908562,
0.6772946859903382,0.6541062801932367,0.5009343198867039,0.6541062801932367,0.561630825175118,
0.6823529411764706,0.6725490196078432,0.5389701163888015,0.6725490196078432,0.5855037200236803,
0.702415458937198,0.6821256038647343,0.5623580631329611,0.6821256038647343,0.6044133356110427,
0.7122093023255814,0.7025193798449613,0.5701254898202572,0.7025193798449613,0.6094006139550481,
0.6993143976493633,0.682664054848188,0.5395592967082558,0.682664054848188,0.5909708599422209,
0.683495145631068,0.6728155339805825,0.5061028400410392,0.6728155339805825,0.5651263290912831,
0.6852394916911045,0.6774193548387096,0.5275975480612578,0.6774193548387096,0.5792437591820008,
0.7095516569200779,0.6881091617933723,0.5606729314148511,0.6881091617933723,0.6121538441353245,
0.696969696969697,0.6803519061583577,0.5406791097000704,0.6803519061583577,0.5939996047054845,
0.7169811320754716,0.7040714995034757,0.5526456828212097,0.7040714995034757,0.6026293849571649,
0.7001934235976789,0.7050290135396519,0.5740792271786859,0.7050290135396519,0.6161309228591334,
0.6801181102362205,0.6604330708661418,0.5124810684012998,0.6604330708661418,0.5692152293346406,
0.6965648854961832,0.6898854961832062,0.5737459659901942,0.6898854961832062,0.5981104655926732,
0.7091087169441724,0.6973555337904016,0.5448077664361785,0.6973555337904016,0.6025272844545306,
0.7180487804878048,0.7121951219512195,0.5670022863695077,0.7121951219512195,0.6233131471223043,
0.6954365079365079,0.6954365079365079,0.5406464552668643,0.6954365079365079,0.5888992951160081,
0.7030784508440914,0.6991062562065541,0.5810172858976952,0.6991062562065541,0.6101914642947821,
0.7141472868217055,0.7015503875968992,0.5811020444839284,0.7015503875968992,0.623884810592412,
0.7047244094488189,0.6929133858267716,0.5365931936590868,0.6929133858267716,0.5967751226217805,
