Majority Class Accuracy,Accuracy,Precision,Recall,F Score,Support
0.7121212121212122,0.7102272727272727,0.5706943073171143,0.7102272727272727,0.6069406572073613,
0.6999022482893451,0.6989247311827957,0.5405690995331511,0.6989247311827957,0.5984926907179744,
0.7163601161665053,0.6999031945788964,0.5883668606321074,0.6999031945788964,0.6179857990163676,
0.6903163950143816,0.6855225311601151,0.5291641866606462,0.6855225311601151,0.5881911684605167,
0.682341650671785,0.682341650671785,0.5604268473618775,0.682341650671785,0.5658093906811852,
0.7017716535433071,0.6929133858267716,0.5244698160140459,0.6929133858267716,0.5878842525787558,
0.686350435624395,0.6824782187802517,0.5375328235506571,0.6824782187802517,0.5798165422388739,
0.6883495145631068,0.6737864077669903,0.5441913771824664,0.6737864077669903,0.586105856679749,
0.7177177177177178,0.7117117117117117,0.5520406876633029,0.7117117117117117,0.6122652887293333,
0.7018216682646213,0.6912751677852349,0.535321823572347,0.6912751677852349,0.5907459474514697,
0.670935960591133,0.6640394088669951,0.5004863579688305,0.6640394088669951,0.5577923522694752,
0.6859421734795613,0.678963110667996,0.536203468509243,0.678963110667996,0.5855354267200193,
0.7056491575817642,0.6957383548067394,0.511281898496355,0.6957383548067394,0.5877891581157505,
0.6966507177033493,0.6813397129186602,0.5182176680523154,0.6813397129186602,0.583002343578011,
0.708984375,0.69921875,0.5413812150305188,0.69921875,0.5988573818753657,
0.692,0.688,0.5444772978959026,0.688,0.5896094297209481,
0.7092337917485265,0.7023575638506876,0.5643456955038363,0.7023575638506876,0.6155920881681474,
0.7086693548387096,0.7046370967741935,0.5831538953202178,0.7046370967741935,0.6249026213931547,
0.6962524654832347,0.6982248520710059,0.5598757953583807,0.6982248520710059,0.5995218797175089,
0.6595949855351977,0.6489874638379942,0.4680368080372618,0.6489874638379942,0.5306172942593564,
0.6942231075697212,0.6862549800796812,0.5158916963724051,0.6862549800796812,0.5770213158256267,
0.7166504381694255,0.7039922103213242,0.5267063479599208,0.7039922103213242,0.6005034440477478,
0.6882865440464666,0.6834462729912875,0.5264133095043066,0.6834462729912875,0.5750562574123118,
0.6861598440545809,0.6861598440545809,0.5292264277960201,0.6861598440545809,0.5751702994185655,
0.6863679694947569,0.669208770257388,0.5128685430340424,0.669208770257388,0.575147249179832,
0.7229862475442044,0.7151277013752456,0.5781179086520157,0.7151277013752456,0.6285372871430077,
0.6806640625,0.673828125,0.4954550014161631,0.673828125,0.5593514599723975,
0.6976744186046512,0.686046511627907,0.5375752802742518,0.686046511627907,0.5760836060683304,
0.6986564299424184,0.6775431861804223,0.5270785869357656,0.6775431861804223,0.5852673526878651,
0.6929824561403509,0.6812865497076024,0.5680323644765037,0.6812865497076024,0.6041315522874997,
