Majority Class Accuracy,Accuracy,Precision,Recall,F Score,Support
0.4697986577181208,0.4822627037392138,0.39323337808032743,0.4822627037392138,0.40697250305380045,
0.464816650148662,0.44598612487611494,0.3373954705826834,0.44598612487611494,0.3717742584401131,
0.47262247838616717,0.47262247838616717,0.37810897013304207,0.47262247838616717,0.3949703609283944,
0.46923076923076923,0.45,0.3390550475094923,0.45,0.373495854714039,
0.45645645645645644,0.4624624624624625,0.3623372842625578,0.4624624624624625,0.3870077513067587,
0.47586206896551725,0.48177339901477834,0.3800932245050949,0.48177339901477834,0.4125282945379113,
0.4503441494591937,0.4523107177974435,0.34287531371509294,0.4523107177974435,0.37150990991241306,
0.4693069306930693,0.4623762376237624,0.38684653602024016,0.4623762376237624,0.3971782481808874,
0.4632936507936508,0.45436507936507936,0.3507219990814874,0.45436507936507936,0.37416307404738713,
0.4764243614931238,0.4548133595284872,0.3595723491413784,0.4548133595284872,0.38790680321005017,
0.466864490603363,0.4540059347181009,0.3498118745031623,0.4540059347181009,0.37959436211282577,
0.4538232373386296,0.46077457795431975,0.35058899736958576,0.46077457795431975,0.36839578151245267,
0.4594059405940594,0.4772277227722772,0.372491057034887,0.4772277227722772,0.4085718419779107,
0.4661508704061896,0.4700193423597679,0.362971527900978,0.4700193423597679,0.3916392436453642,
0.4502415458937198,0.47342995169082125,0.3818912164172587,0.47342995169082125,0.3983402083326693,
0.4990118577075099,0.48616600790513836,0.37892704942728683,0.48616600790513836,0.4114706562392694,
0.4755381604696673,0.48140900195694714,0.3759947169010402,0.48140900195694714,0.4077426866255657,
0.48035363457760316,0.45088408644400785,0.3479332663202186,0.45088408644400785,0.38208985778268606,
0.48112294288480156,0.4762826718296225,0.38491778738632565,0.4762826718296225,0.41523080900682385,
0.4760536398467433,0.46934865900383144,0.34591204521627816,0.46934865900383144,0.38041427040877246,
0.4523809523809524,0.4583333333333333,0.34817040986125786,0.4583333333333333,0.37504106871999393,
0.4533333333333333,0.4552380952380952,0.3665207428079151,0.4552380952380952,0.38233125288938713,
0.45663010967098705,0.46560319042871384,0.3567537352895115,0.46560319042871384,0.3839141097775392,
0.4742063492063492,0.46924603174603174,0.3623759617949069,0.46924603174603174,0.3902019337844409,
0.46769527483124396,0.4513018322082932,0.34985160671047677,0.4513018322082932,0.3824367885208545,
0.48422090729783035,0.47337278106508873,0.38021038935601814,0.47337278106508873,0.4029214057616588,
0.4619826756496631,0.4523580365736285,0.36063534300004735,0.4523580365736285,0.3805686266023685,
0.4464980544747082,0.4581712062256809,0.37109218221537515,0.4581712062256809,0.37895020509279304,
0.4530493707647628,0.4453049370764763,0.3629223874628117,0.4453049370764763,0.3789425382505303,
0.495635305528613,0.481086323957323,0.38076240847412735,0.481086323957323,0.40709372453307596,
