Majority Class Accuracy,Accuracy,Precision,Recall,F Score,Support
0.46449704142011833,0.45956607495069035,0.332338645624835,0.45956607495069035,0.3729575369545846,
0.47115384615384615,0.4673076923076923,0.3794557365711212,0.4673076923076923,0.40754627462151455,
0.4544564152791381,0.4505386875612145,0.3376309233055913,0.4505386875612145,0.36353413420540603,
0.4678362573099415,0.4766081871345029,0.38452956853129655,0.4766081871345029,0.40978373787744427,
0.4792270531400966,0.47246376811594204,0.3766439007253375,0.47246376811594204,0.4036853685568869,
0.4498539435248296,0.44401168451801365,0.3527802719883153,0.44401168451801365,0.35900825858221713,
0.44263959390862945,0.4355329949238579,0.3172023013877797,0.4355329949238579,0.34856722269440016,
0.46161515453639085,0.44466600199401796,0.3184237518476873,0.44466600199401796,0.3519666819789389,
0.47702834799608995,0.47214076246334313,0.34798169683225144,0.47214076246334313,0.3856825624356592,
0.47352941176470587,0.4519607843137255,0.34911635920988987,0.4519607843137255,0.38091702131580935,
0.4443359375,0.427734375,0.3492338418689679,0.427734375,0.3606258894574819,
0.47439613526570046,0.45120772946859905,0.34307837549696846,0.45120772946859905,0.38012633134652846,
0.4856577645895153,0.4876360039564787,0.4115946418845301,0.4876360039564787,0.4069016530444768,
0.4638971315529179,0.4540059347181009,0.34293176481695364,0.4540059347181009,0.3772994274057983,
0.472636815920398,0.46865671641791046,0.350641615514572,0.46865671641791046,0.38116416509182266,
0.49506903353057197,0.4940828402366864,0.3962277259490881,0.4940828402366864,0.42619511875024796,
0.4936086529006883,0.4837758112094395,0.37078316192751526,0.4837758112094395,0.4067593451045002,
0.48065764023210833,0.4912959381044487,0.38659002244692153,0.4912959381044487,0.4124425305863759,
0.46712463199214915,0.44847890088321885,0.3241466471813465,0.44847890088321885,0.36442246320272237,
0.46253746253746253,0.48451548451548454,0.3814757287104878,0.48451548451548454,0.3988337153575184,
0.4497560975609756,0.45463414634146343,0.36116678322101803,0.45463414634146343,0.3757502266625209,
0.47047434656340753,0.45885769603097776,0.36209045787649813,0.45885769603097776,0.3902407670686062,
0.4712195121951219,0.4634146341463415,0.36701706943875695,0.4634146341463415,0.38757365307501085,
0.49606299212598426,0.484251968503937,0.39205230562120363,0.484251968503937,0.4184613978811168,
0.4666666666666667,0.4647342995169082,0.36246885782016286,0.4647342995169082,0.3882546800961508,
0.4627862595419847,0.44751908396946566,0.33706321657523575,0.44751908396946566,0.3707456129194809,
0.49261083743842365,0.47783251231527096,0.38908783829182,0.47783251231527096,0.4055573987103471,
0.4878522837706511,0.4800777453838678,0.37633158835778924,0.4800777453838678,0.40996475052144454,
0.49852216748768474,0.5014778325123153,0.39613704365092756,0.5014778325123153,0.4227126553675892,
0.4462890625,0.4453125,0.33033389818648623,0.4453125,0.3657167312412218,
