Majority Class Accuracy,Accuracy,Precision,Recall,F Score,Support
0.47347740667976423,0.4715127701375246,0.3827055768825205,0.4715127701375246,0.3976965222510398,
0.47126436781609193,0.4664750957854406,0.3475740099121447,0.4664750957854406,0.38238659635091393,
0.46771037181996084,0.4726027397260274,0.35728838365844323,0.4726027397260274,0.38137655069050025,
0.48140900195694714,0.4794520547945205,0.38746293567614365,0.4794520547945205,0.40378739076458325,
0.4530938123752495,0.46407185628742514,0.3334627270733766,0.46407185628742514,0.37397358810878883,
0.5059171597633136,0.47928994082840237,0.3887276881424038,0.47928994082840237,0.41987928333816366,
0.44476744186046513,0.45348837209302323,0.3450064589746333,0.45348837209302323,0.36350699648360635,
0.47258225324027914,0.4675972083748754,0.35891556694321575,0.4675972083748754,0.38964481633641157,
0.46826923076923077,0.4807692307692308,0.3872320219880126,0.4807692307692308,0.401669370737724,
0.4691848906560636,0.4602385685884692,0.3613802978020845,0.4602385685884692,0.38853560810992205,
0.4670599803343166,0.4768928220255654,0.3657471993279259,0.4768928220255654,0.38430033764066795,
0.46607669616519176,0.4582104228121927,0.35275810154998916,0.4582104228121927,0.3769374989483677,
0.46543330087633883,0.45666991236611487,0.3563736451936347,0.45666991236611487,0.3698449698139543,
0.4793233082706767,0.4793233082706767,0.35911570267972037,0.4793233082706767,0.3899639131936153,
0.46346346346346345,0.4744744744744745,0.3786656988521556,0.4744744744744745,0.39600663456233776,
0.48044132397191575,0.46038114343029085,0.36118168908347764,0.46038114343029085,0.38685449223757157,
0.47105004906771347,0.48086359175662413,0.38740829489831535,0.48086359175662413,0.4095391775544596,
0.46844181459566075,0.45857988165680474,0.3448611948634573,0.45857988165680474,0.3687035249363851,
0.4287118977384464,0.4287118977384464,0.32211668467579674,0.4287118977384464,0.34199779414715153,
0.47378640776699027,0.48446601941747575,0.4092819528922002,0.48446601941747575,0.3987632577768238,
0.4415204678362573,0.449317738791423,0.32903653469470806,0.449317738791423,0.36288545530677496,
0.4853801169590643,0.47076023391812866,0.34895912616392516,0.47076023391812866,0.38929088727177497,
0.46095238095238095,0.4552380952380952,0.35102331223667216,0.4552380952380952,0.37812190205036306,
0.45862412761714855,0.46061814556331004,0.35148513820308075,0.46061814556331004,0.3842043975438059,
0.46258503401360546,0.467444120505345,0.35274589889724456,0.467444120505345,0.37474461955597793,
0.4826904055390702,0.4817012858555885,0.37011115421063956,0.4817012858555885,0.40544849206026695,
0.45904761904761904,0.45714285714285713,0.34747706538059403,0.45714285714285713,0.3784779557888066,
0.4733201581027668,0.4871541501976285,0.37299963479122084,0.4871541501976285,0.39723088690545766,
0.4455252918287938,0.4270428015564202,0.31815381595274234,0.4270428015564202,0.3433693865398183,
0.45857418111753373,0.4595375722543353,0.35458792028065045,0.4595375722543353,0.37918587253687874,
