Majority Class Accuracy,Accuracy,Precision,Recall,F Score,Support
0.7201565557729941,0.7152641878669276,0.5937118467060157,0.7152641878669276,0.633739455187775,
0.6875621890547263,0.6885572139303483,0.5430944092077501,0.6885572139303483,0.5822090569033986,
0.6859099804305284,0.6682974559686888,0.4929530438186628,0.6682974559686888,0.5620115256689538,
0.700888450148075,0.7048371174728529,0.5580596121904572,0.7048371174728529,0.6009405814301718,
0.7007722007722008,0.694015444015444,0.5382301259583206,0.694015444015444,0.5946884898162038,
0.7096774193548387,0.7067448680351907,0.5600138066163387,0.7067448680351907,0.6066755584806647,
0.7000964320154291,0.6943105110896818,0.5181194317707508,0.6943105110896818,0.5855655711975177,
0.6856023506366308,0.682664054848188,0.5596319106669545,0.682664054848188,0.5858375611747735,
0.6666666666666666,0.6468253968253969,0.5035703296973789,0.6468253968253969,0.5522287316920875,
0.6942857142857143,0.6942857142857143,0.562004340902646,0.6942857142857143,0.5957629657917791,
0.6932938856015779,0.6863905325443787,0.5396347470530963,0.6863905325443787,0.5892571255288643,
0.6686159844054581,0.6569200779727096,0.5269312089142358,0.6569200779727096,0.5592897915206825,
0.7004926108374384,0.6896551724137931,0.5497794020093836,0.6896551724137931,0.5977634563069456,
0.6929911154985192,0.6801579466929911,0.504395780644366,0.6801579466929911,0.5752395884877621,
0.681075888568684,0.675312199807877,0.537437474919717,0.675312199807877,0.5721752279256498,
0.7124756335282652,0.7105263157894737,0.5444362899280073,0.7105263157894737,0.6015783498568271,
0.700497512437811,0.6945273631840796,0.5556174707991312,0.6945273631840796,0.6077778033654629,
0.7075848303393214,0.7015968063872255,0.5438763940043114,0.7015968063872255,0.599028989338951,
0.7106549364613881,0.7067448680351907,0.5630864766633562,0.7067448680351907,0.6147443471654896,
0.6900866217516843,0.6814244465832531,0.5253147129696146,0.6814244465832531,0.5781241963970332,
0.700952380952381,0.6895238095238095,0.526840247033207,0.6895238095238095,0.5877311151161553,
0.6874391431353457,0.6796494644595911,0.5155637243954513,0.6796494644595911,0.5728395432266434,
0.6932038834951456,0.6902912621359223,0.5343483082670194,0.6902912621359223,0.5811629039395555,
0.6799601196410767,0.6759720837487537,0.5118978973731725,0.6759720837487537,0.5641901619769203,
0.7059396299902629,0.7078870496592016,0.5659701963702369,0.7078870496592016,0.6048663614693238,
0.6875621890547263,0.6915422885572139,0.5806887830165518,0.6915422885572139,0.5914748431849833,
0.6692836113837095,0.6653581943081452,0.5022816596719699,0.6653581943081452,0.5581063433544498,
0.6682832201745877,0.6576139670223085,0.4745421359165906,0.6576139670223085,0.5421315204237026,
0.7114818449460255,0.7026496565260059,0.5781340258025525,0.7026496565260059,0.6174275015347843,
0.6676499508357916,0.6460176991150443,0.49476570702447853,0.6460176991150443,0.5531229315674798,
