Majority Class Accuracy,Accuracy,Precision,Recall,F Score,Support
0.6956956956956957,0.6776776776776777,0.5318517179507779,0.6776776776776777,0.5890807185954051,
0.706511175898931,0.6948493683187561,0.5777083960421984,0.6948493683187561,0.6150075936130158,
0.6983967935871743,0.6993987975951904,0.5828164276889596,0.6993987975951904,0.6180451889752057,
0.6630109670987039,0.650049850448654,0.5071492926449352,0.650049850448654,0.5551012721245222,
0.7109768378650554,0.7119838872104733,0.578573260318654,0.7119838872104733,0.6242301728706563,
0.7009615384615384,0.6798076923076923,0.5514015525494776,0.6798076923076923,0.604103313851245,
0.7002938295788442,0.6904995102840352,0.5320138457625612,0.6904995102840352,0.5881150742771365,
0.7065637065637066,0.6959459459459459,0.5657787614365211,0.6959459459459459,0.6071252459221074,
0.7052023121387283,0.6811175337186898,0.5377063004417576,0.6811175337186898,0.5893612535623349,
0.7035225048923679,0.6839530332681018,0.5716108398065036,0.6839530332681018,0.6034002390001316,
0.7148554336989033,0.7008973080757727,0.5445573526242513,0.7008973080757727,0.6049864759787622,
0.7053140096618358,0.6975845410628019,0.5500816395361524,0.6975845410628019,0.6043525866575752,
0.6861030126336248,0.6676384839650146,0.5499995577102691,0.6676384839650146,0.5796727907442598,
0.687246963562753,0.6730769230769231,0.5345451603523155,0.6730769230769231,0.5862529904306221,
0.7033730158730159,0.6904761904761905,0.5535361959033369,0.6904761904761905,0.605409022192895,
0.6857142857142857,0.6660098522167488,0.5361809836031065,0.6660098522167488,0.5876770479663199,
0.6937377690802349,0.6771037181996086,0.545835378978127,0.6771037181996086,0.5950881153994328,
0.6766169154228856,0.6796019900497512,0.5567627215733698,0.6796019900497512,0.582978461786407,
0.7217473884140551,0.7103513770180437,0.585703317722097,0.7103513770180437,0.6233034389506843,
0.6986434108527132,0.6957364341085271,0.5469026341247214,0.6957364341085271,0.6034903199207216,
0.6980582524271844,0.6796116504854369,0.5450444341706479,0.6796116504854369,0.5942483151425717,
0.6998031496062992,0.6830708661417323,0.5579729093884417,0.6830708661417323,0.6006904444105805,
0.6878048780487804,0.6848780487804879,0.6132882519762667,0.6848780487804879,0.58806517394777,
0.6962391513982642,0.6904532304725168,0.5705603538750869,0.6904532304725168,0.6054944311452924,
0.699502487562189,0.6796019900497512,0.5491492098570412,0.6796019900497512,0.5996102988857342,
0.7004830917874396,0.7004830917874396,0.5682882583264761,0.7004830917874396,0.610499634754123,
0.6927592954990215,0.6966731898238747,0.5818339817912003,0.6966731898238747,0.6073784710959094,
0.6915615906886518,0.6779825412221144,0.5448028850164889,0.6779825412221144,0.5892344004102954,
0.6814595660749507,0.6765285996055227,0.556896723186316,0.6765285996055227,0.5804657159018358,
0.7075564278704612,0.6977428851815506,0.5470009757397467,0.6977428851815506,0.6039294481249515,
