Majority Class Accuracy,Accuracy,Precision,Recall,F Score,Support
0.13392857142857142,0.24206349206349206,0.2243845966574905,0.24206349206349206,0.22913846130173535,
0.1240234375,0.23828125,0.23835480970267697,0.23828125,0.2374462383541955,
0.10738916256157635,0.25320197044334974,0.24650599302942444,0.25320197044334974,0.24427133650850377,
0.12100677637947725,0.24588576960309777,0.23001989113605756,0.24588576960309777,0.229730739421341,
0.142570281124498,0.23393574297188754,0.22896159034149433,0.23393574297188754,0.2296538450951849,
0.12139303482587065,0.2407960199004975,0.23406019226438443,0.2407960199004975,0.2303445629476128,
0.11957569913211186,0.28640308582449375,0.28126949248530564,0.28640308582449375,0.28064265815956885,
0.1314508276533593,0.25511197663096397,0.2500955265448217,0.25511197663096397,0.24922422928887544,
0.10746268656716418,0.23383084577114427,0.22688846288706382,0.23383084577114427,0.22388248626976665,
0.1066925315227934,0.2463627546071775,0.23412080369001906,0.2463627546071775,0.23775496400806975,
0.15154440154440155,0.23166023166023167,0.22826867067024575,0.23166023166023167,0.22917251855181048,
0.10541586073500966,0.2678916827852998,0.272552348360859,0.2678916827852998,0.2687935098132833,
0.12272291466922339,0.24065196548418025,0.2369223904870021,0.24065196548418025,0.23638658154385886,
0.11298315163528246,0.22695738354806738,0.21735786966804174,0.22695738354806738,0.21666671533730142,
0.12376237623762376,0.24752475247524752,0.23788864334379214,0.24752475247524752,0.23859524571208318,
0.13539651837524178,0.2369439071566731,0.23016161660042322,0.2369439071566731,0.23006256425415247,
0.13559322033898305,0.2522432701894317,0.24403117273223288,0.2522432701894317,0.24550411970286462,
0.13742690058479531,0.253411306042885,0.2428675914938751,0.253411306042885,0.24371108452286078,
0.1375,0.2423076923076923,0.235808051176819,0.2423076923076923,0.236297541040384,
0.12674650698602793,0.24750499001996007,0.23366124557394885,0.24750499001996007,0.23370030787418677,
0.13021868787276342,0.2524850894632207,0.24343199106429272,0.2524850894632207,0.24463024056924668,
0.12173913043478261,0.24734299516908212,0.2394646240015261,0.24734299516908212,0.23975739817039543,
0.13980582524271845,0.23592233009708738,0.2326411009897962,0.23592233009708738,0.2317912922373226,
0.14047151277013753,0.2406679764243615,0.2344036440259442,0.2406679764243615,0.23503293530542124,
0.12805474095796676,0.25513196480938416,0.24332576727010413,0.25513196480938416,0.24487096147801252,
0.11337209302325581,0.21511627906976744,0.21067354079417633,0.21511627906976744,0.20884858775662551,
0.10526315789473684,0.24329692154915591,0.22919924218484525,0.24329692154915591,0.23096315261200429,
0.1240234375,0.20703125,0.20269554351650443,0.20703125,0.20381121633513694,
0.1308139534883721,0.22286821705426357,0.21841696095695012,0.22286821705426357,0.21944230508226714,
0.10355029585798817,0.24260355029585798,0.24271370759996713,0.24260355029585798,0.23901200785840684,
