Majority Class Accuracy,Accuracy,Precision,Recall,F Score,Support
0.6919242273180458,0.6829511465603191,0.5169024464875132,0.6829511465603191,0.5803920838191028,
0.6943396226415094,0.6839622641509434,0.5366921063942566,0.6839622641509434,0.5823033388837707,
0.7050290135396519,0.6963249516441006,0.5570273837931219,0.6963249516441006,0.6062330305606508,
0.7014634146341463,0.697560975609756,0.5666641393470662,0.697560975609756,0.6058886214740323,
0.6805019305019305,0.666023166023166,0.5571792861666943,0.666023166023166,0.5766723044000693,
0.6923828125,0.6826171875,0.5622675347500156,0.6826171875,0.5896264214098975,
0.6733266733266733,0.6753246753246753,0.5193894340953165,0.6753246753246753,0.5682544056391432,
0.703921568627451,0.6872549019607843,0.5597310295472621,0.6872549019607843,0.6074916680042391,
0.6956947162426614,0.6917808219178082,0.5601236329565898,0.6917808219178082,0.6007176707167592,
0.685546875,0.6826171875,0.5699406746384543,0.6826171875,0.5867476706727923,
0.6892655367231638,0.6807909604519774,0.5412867767061986,0.6807909604519774,0.5834411114608333,
0.6947472745292369,0.6858275520317145,0.5706509484550715,0.6858275520317145,0.5986485463746999,
0.7094188376753507,0.6923847695390781,0.5552991716819222,0.6923847695390781,0.6079827925962995,
0.6916167664670658,0.6656686626746507,0.5303055999080641,0.6656686626746507,0.5842762945953311,
0.7106796116504854,0.6902912621359223,0.5494781553398058,0.6902912621359223,0.6048500387937796,
0.6853146853146853,0.6743256743256744,0.5339474648439431,0.6743256743256744,0.5791088906050305,
0.698,0.689,0.5540450693374422,0.689,0.593192055143395,
0.7135678391959799,0.7025125628140704,0.5629064489487293,0.7025125628140704,0.6041333375081076,
0.6732477788746298,0.6564659427443238,0.49788575309803274,0.6564659427443238,0.5531755977847962,
0.7073412698412699,0.6974206349206349,0.5519216004480594,0.6974206349206349,0.6013333304995633,
0.6992481203007519,0.6973684210526315,0.5665083782370988,0.6973684210526315,0.6067097655022692,
0.6920115495668913,0.6843118383060636,0.5653591483127388,0.6843118383060636,0.5932121450825384,
0.684106614017769,0.6742349457058243,0.5234192296231537,0.6742349457058243,0.5751762108608766,
0.6812015503875969,0.6724806201550387,0.5206162637777809,0.6724806201550387,0.5719800897600005,
0.7231800766283525,0.7145593869731801,0.58799222704317,0.7145593869731801,0.6253663169692832,
0.6796116504854369,0.6640776699029126,0.5054804121324994,0.6640776699029126,0.5645808946876185,
0.686818632309217,0.6838453914767096,0.5354322350602664,0.6838453914767096,0.5865845508721215,
0.6876763875823142,0.6829727187206021,0.537188338581498,0.6829727187206021,0.5895041453097739,
0.7015355086372361,0.6871401151631478,0.5394272096734205,0.6871401151631478,0.5904503923535931,
0.6939571150097466,0.6881091617933723,0.5366736456231216,0.6881091617933723,0.5946063769147863,
