Majority Class Accuracy,Accuracy,Precision,Recall,F Score,Support
0.13191076624636275,0.24151309408341415,0.22912748350812284,0.24151309408341415,0.23082039067228238,
0.12924528301886792,0.2339622641509434,0.22616465537895808,0.2339622641509434,0.22247411205586506,
0.1203883495145631,0.22815533980582525,0.21583152738605346,0.22815533980582525,0.21947921351476699,
0.13129318854886476,0.24876604146100692,0.24091086597950848,0.24876604146100692,0.24047723478900318,
0.1259765625,0.2734375,0.2732335371558301,0.2734375,0.26768640598315485,
0.12761714855433698,0.21834496510468593,0.2100946936315038,0.21834496510468593,0.21028580121198703,
0.13937621832358674,0.21832358674463936,0.2099241895083926,0.21832358674463936,0.20916461031637823,
0.119140625,0.2138671875,0.20872387514579704,0.2138671875,0.20899722125066167,
0.11057225994180407,0.23084384093113483,0.21794095045439776,0.23084384093113483,0.21861077130140247,
0.1323671497584541,0.23478260869565218,0.22645247504900543,0.23478260869565218,0.2278559836345722,
0.13014354066985645,0.24210526315789474,0.23411971046979652,0.24210526315789474,0.23202791885869184,
0.12642585551330798,0.22338403041825095,0.2185329020594813,0.22338403041825095,0.21829364093105433,
0.11209439528023599,0.22910521140609635,0.2204988031793085,0.22910521140609635,0.2172537820841896,
0.13346418056918546,0.23356231599607458,0.22695765428184234,0.23356231599607458,0.2273231924768912,
0.1341222879684418,0.2406311637080868,0.23385965166501788,0.2406311637080868,0.23228656476935816,
0.11196911196911197,0.23745173745173745,0.2340452245567046,0.23745173745173745,0.22685928810195466,
0.1344294003868472,0.218568665377176,0.2057994400095191,0.218568665377176,0.20531479251880047,
0.133,0.236,0.23033663307860128,0.236,0.22958019419430145,
0.14258188824662812,0.25626204238921,0.2556676740888414,0.25626204238921,0.2512967337640082,
0.11690821256038647,0.21835748792270532,0.2066731024937564,0.21835748792270532,0.20780134590172988,
0.12847555129434324,0.23969319271332695,0.2337706073606226,0.23969319271332695,0.23558292696906866,
0.1372161895360316,0.228035538005923,0.22066809438249646,0.228035538005923,0.22175979937779394,
0.11897738446411013,0.24385447394296952,0.24119966454696165,0.24385447394296952,0.2366838630665231,
0.14543630892678033,0.2316950852557673,0.22685440779056784,0.2316950852557673,0.22259981067518683,
0.12055335968379446,0.24703557312252963,0.2426210321474881,0.24703557312252963,0.24261567339388848,
0.13746369796708616,0.22265246853823814,0.21598549594889363,0.22265246853823814,0.2142740618999392,
0.12704523580365737,0.2358036573628489,0.23192267548962017,0.2358036573628489,0.23005689779664476,
0.12106299212598425,0.23917322834645668,0.2399903883709017,0.23917322834645668,0.2372062132382745,
0.11604439959636731,0.22906155398587286,0.22397904104182453,0.22906155398587286,0.2225601548395541,
0.126232741617357,0.23767258382642997,0.22941477803882881,0.23767258382642997,0.22860362297102124,
