Majority Class Accuracy,Accuracy,Precision,Recall,F Score,Support
0.7018255578093306,0.6937119675456389,0.5465795286925168,0.6937119675456389,0.599469145706963,
0.6854146806482364,0.6758817921830315,0.5059717835287503,0.6758817921830315,0.5680452104508956,
0.6837944664031621,0.6847826086956522,0.509781078784999,0.6847826086956522,0.5741308965879965,
0.6865671641791045,0.6756218905472637,0.5369954765990315,0.6756218905472637,0.5870296599931872,
0.6772277227722773,0.6712871287128713,0.4923518732241322,0.6712871287128713,0.5560977143973115,
0.688412852969815,0.6796494644595911,0.5290891360877349,0.6796494644595911,0.5791179069474767,
0.6803921568627451,0.6715686274509803,0.4848451437312513,0.6715686274509803,0.5569869708740129,
0.6823176823176823,0.6853146853146853,0.5503417777101988,0.6853146853146853,0.5838085387148884,
0.6931372549019608,0.6833333333333333,0.5214212853893827,0.6833333333333333,0.57926749310687,
0.6956087824351297,0.6946107784431138,0.5470537186496571,0.6946107784431138,0.5998327668986352,
0.7037401574803149,0.6938976377952756,0.5524364424278405,0.6938976377952756,0.6028427746987155,
0.7014492753623188,0.6985507246376812,0.5621577895485421,0.6985507246376812,0.600733139063167,
0.6841584158415842,0.6762376237623763,0.5262321836579262,0.6762376237623763,0.581919515586307,
0.7025125628140704,0.700502512562814,0.5529216889886641,0.700502512562814,0.5997635837970677,
0.6992263056092843,0.6943907156673114,0.5441787727890036,0.6943907156673114,0.5927879014105218,
0.7036328871892925,0.6959847036328872,0.5729002603801193,0.6959847036328872,0.6090929905609311,
0.7016520894071915,0.6997084548104956,0.5605082276295913,0.6997084548104956,0.6100026574054499,
0.6811301715438951,0.6730575176589304,0.5508154305010339,0.6730575176589304,0.5922371707346025,
0.6993143976493633,0.6807051909892262,0.5496509306453715,0.6807051909892262,0.5951030566044871,
0.6900191938579654,0.6852207293666027,0.5365916845554842,0.6852207293666027,0.5929623395679186,
0.6715542521994134,0.6735092864125122,0.5184035517707929,0.6735092864125122,0.5712885930266083,
0.6737044145873321,0.6698656429942419,0.5077232921358177,0.6698656429942419,0.5672113797308898,
0.6949654491609082,0.6801579466929911,0.5293412085515818,0.6801579466929911,0.584692085237562,
0.7144230769230769,0.6971153846153846,0.5444214097709417,0.6971153846153846,0.6058043358307748,
0.7223300970873786,0.7126213592233009,0.557426390491728,0.7126213592233009,0.6156265716636423,
0.6813294232649071,0.678396871945259,0.5122810084920316,0.678396871945259,0.5739353295584301,
0.708457711442786,0.6985074626865672,0.5595452343503133,0.6985074626865672,0.6159333770642375,
0.6935960591133005,0.6926108374384237,0.5302103547976977,0.6926108374384237,0.5900549411386541,
0.6991062562065541,0.6822244289970208,0.5395074845217582,0.6822244289970208,0.5960557164093692,
0.716566866267465,0.7125748502994012,0.5706833602923758,0.7125748502994012,0.6203016412761718,
