Majority Class Accuracy,Accuracy,Precision,Recall,F Score,Support
0.10223953261927946,0.25121713729308665,0.24551010982873217,0.25121713729308665,0.24186630753572863,
0.11678115799803729,0.2590775269872424,0.25840290425710616,0.2590775269872424,0.2522215492827687,
0.12584053794428435,0.23150816522574447,0.2246128853663126,0.23150816522574447,0.22358653751640878,
0.107421875,0.2421875,0.23781542986093696,0.2421875,0.23669233857196675,
0.1309408341416101,0.23957322987390883,0.22913557969476492,0.23957322987390883,0.22944184111868493,
0.10893032384690873,0.2423945044160942,0.2342730810272831,0.2423945044160942,0.2341420575900923,
0.13214990138067062,0.26232741617357,0.2529529303920185,0.26232741617357,0.2488145545493817,
0.11477045908183632,0.25449101796407186,0.24284245709740077,0.25449101796407186,0.24400192623663094,
0.125,0.2509469696969697,0.25550022755268736,0.2509469696969697,0.24699497350287677,
0.11561264822134387,0.24703557312252963,0.24244507879776936,0.24703557312252963,0.24255341452055715,
0.11746680286006128,0.2093973442288049,0.20349267108677058,0.2093973442288049,0.20031048193829065,
0.13155291790306628,0.24727992087042533,0.23796851032521427,0.24727992087042533,0.23894753743737482,
0.12450592885375494,0.23023715415019763,0.22601582250465413,0.23023715415019763,0.2195219660460273,
0.14121037463976946,0.21805955811719502,0.21302477550659457,0.21805955811719502,0.21334470545548487,
0.11645813282001925,0.24446583253128007,0.24177318398261105,0.24446583253128007,0.24050768423827656,
0.13242453748782862,0.22395326192794549,0.22249545699605042,0.22395326192794549,0.21913140723962193,
0.1298449612403101,0.23255813953488372,0.22343589927640092,0.23255813953488372,0.2242120696466093,
0.10216110019646366,0.24263261296660119,0.24279164504144565,0.24263261296660119,0.238921694903263,
0.13147792706333974,0.2456813819577735,0.2309134330301385,0.2456813819577735,0.23251770778898484,
0.13609467455621302,0.23964497041420119,0.23568775122521943,0.23964497041420119,0.2322476537524061,
0.1142578125,0.2333984375,0.22968128373431307,0.2333984375,0.22954651678739266,
0.12671905697445973,0.24459724950884087,0.23783760941167398,0.24459724950884087,0.23382595460890437,
0.11923076923076924,0.23076923076923078,0.22072548692360938,0.23076923076923078,0.22173927202696278,
0.12633624878522837,0.24975704567541301,0.2445289390743385,0.24975704567541301,0.2447872930681937,
0.12287712287712288,0.24675324675324675,0.23889533790663303,0.24675324675324675,0.23974416162293571,
0.11564625850340136,0.2575315840621963,0.2550773796796063,0.2575315840621963,0.25482244340422894,
0.12192723697148476,0.24090462143559488,0.2335075200120798,0.24090462143559488,0.23099900560867345,
0.12367149758454106,0.23864734299516907,0.2375144475448432,0.23864734299516907,0.2271218307321938,
0.12643678160919541,0.25287356321839083,0.24494627806389385,0.25287356321839083,0.24136619885893665,
0.12415130940834142,0.24830261881668284,0.22818820162268505,0.24830261881668284,0.23290282581118812,
