Majority Class Accuracy,Accuracy,Precision,Recall,F Score,Support
0.7107843137254902,0.6980392156862745,0.5787059319557697,0.6980392156862745,0.6199444886773375,
0.706280193236715,0.693719806763285,0.5631848016215484,0.693719806763285,0.6028113380231702,
0.7110047846889952,0.7033492822966507,0.5829297018770704,0.7033492822966507,0.6139011238551234,
0.6702755905511811,0.6604330708661418,0.5082973402363166,0.6604330708661418,0.5657688515302244,
0.7335984095427436,0.7007952286282306,0.5944528481286195,0.7007952286282306,0.6393015073635595,
0.6946640316205533,0.6946640316205533,0.5834972084872971,0.6946640316205533,0.6128801285281931,
0.6884615384615385,0.6759615384615385,0.5441822213437759,0.6759615384615385,0.5883616819333882,
0.7004830917874396,0.7004830917874396,0.567214953364407,0.7004830917874396,0.6118289631703138,
0.7086156824782188,0.6999031945788964,0.5816761878054826,0.6999031945788964,0.622209402848568,
0.680648236415634,0.674928503336511,0.5404941921423784,0.674928503336511,0.5775594225831439,
0.6745329400196657,0.6647000983284169,0.5038959953056229,0.6647000983284169,0.5563385120087228,
0.6712062256809338,0.6750972762645915,0.5437822737981851,0.6750972762645915,0.5754716880613896,
0.6901270772238515,0.6871945259042033,0.5806368671718081,0.6871945259042033,0.5994692644636552,
0.7110675808031341,0.6904995102840352,0.5453857230856871,0.6904995102840352,0.602914498889717,
0.7038499506416585,0.6762092793682132,0.5683934329318527,0.6762092793682132,0.6053489394487332,
0.7268292682926829,0.7082926829268292,0.5873434970396361,0.7082926829268292,0.6349061726175814,
0.7074829931972789,0.7006802721088435,0.5710939739333706,0.7006802721088435,0.6128633777893184,
0.693579766536965,0.6799610894941635,0.5371600344979742,0.6799610894941635,0.5837546904152535,
0.6903846153846154,0.6817307692307693,0.5393657480835315,0.6817307692307693,0.587545766399962,
0.6851674641148325,0.6813397129186602,0.5614984667184284,0.6813397129186602,0.6009037436983121,
0.6933461909353905,0.6904532304725168,0.5624485297725049,0.6904532304725168,0.6130835301145475,
0.7017374517374517,0.694980694980695,0.5547377507781234,0.694980694980695,0.6063105093196514,
0.6998031496062992,0.6889763779527559,0.5782736893276843,0.6889763779527559,0.6127513644545501,
0.7034482758620689,0.6955665024630542,0.5583065817288329,0.6955665024630542,0.6050170056520838,
0.7167167167167167,0.6996996996996997,0.5830494359906124,0.6996996996996997,0.6228305212825936,
0.703307392996109,0.6867704280155642,0.5879852147481553,0.6867704280155642,0.6028987660604048,
0.7212643678160919,0.7155172413793104,0.5727841698404149,0.7155172413793104,0.619322748835818,
0.7166831194471865,0.7068114511352419,0.5826836579280186,0.7068114511352419,0.6298239901846018,
0.6695906432748538,0.6695906432748538,0.524723691288283,0.6695906432748538,0.575584773846037,
0.70703125,0.6884765625,0.5458540931783711,0.6884765625,0.6024476123358122,
