Majority Class Accuracy,Accuracy,Precision,Recall,F Score,Support
0.46077457795431975,0.45084409136047665,0.35975927736180413,0.45084409136047665,0.380481930516596,
0.4772277227722772,0.4623762376237624,0.3656341520381967,0.4623762376237624,0.3984446811930012,
0.49308300395256915,0.47134387351778656,0.38055478350712657,0.47134387351778656,0.40881187694315624,
0.4814453125,0.4677734375,0.3586068320295704,0.4677734375,0.3929530453400463,
0.46017699115044247,0.4631268436578171,0.37773872611466175,0.4631268436578171,0.3989071974696463,
0.4556213017751479,0.4319526627218935,0.35082665616514763,0.4319526627218935,0.3747900375118382,
0.4793713163064833,0.46463654223968565,0.37198744342312334,0.46463654223968565,0.4030130206892087,
0.4636542239685658,0.4577603143418468,0.3635860556212096,0.4577603143418468,0.39290267729944117,
0.47964250248262164,0.4746772591857001,0.38989225021832385,0.4746772591857001,0.41246397624445275,
0.4406614785992218,0.44455252918287935,0.34420770444089993,0.44455252918287935,0.37068348816043156,
0.46383799421407906,0.44358727097396333,0.3693895028342216,0.44358727097396333,0.38903151383192225,
0.47984267453294,0.4670599803343166,0.40389042330101876,0.4670599803343166,0.4173336405443583,
0.4766081871345029,0.4727095516569201,0.39391459682116825,0.4727095516569201,0.4203445285884559,
0.49007936507936506,0.46924603174603174,0.3922103325586366,0.46924603174603174,0.4141504884732441,
0.45948616600790515,0.47035573122529645,0.3760388354508908,0.47035573122529645,0.40263351429462235,
0.48282828282828283,0.4767676767676768,0.3843646193651558,0.4767676767676768,0.40731270578837175,
0.46053946053946054,0.46653346653346656,0.38821497926125953,0.46653346653346656,0.4030311539769897,
0.4744094488188976,0.4566929133858268,0.3642814530507669,0.4566929133858268,0.3885113698618058,
0.48315688161693937,0.44273339749759383,0.3493969804545702,0.44273339749759383,0.3774670821357217,
0.46772591857000995,0.44985104270109233,0.34893913512046404,0.44985104270109233,0.38111660686205107,
0.4839650145772595,0.44509232264334303,0.35377773377389815,0.44509232264334303,0.38141648315733406,
0.4786407766990291,0.46990291262135925,0.3899773010080187,0.46990291262135925,0.41534579666292953,
0.45624385447394294,0.4414945919370698,0.3508228693344653,0.4414945919370698,0.3755730699853453,
0.4764243614931238,0.47838899803536344,0.3758443899248884,0.47838899803536344,0.4067386666436819,
0.46609360076408785,0.45272206303724927,0.37266597204401775,0.45272206303724927,0.39498483817684343,
0.4552605703048181,0.4365781710914454,0.3656003040176362,0.4365781710914454,0.38599364399216707,
0.4868035190615836,0.4750733137829912,0.38148838638683313,0.4750733137829912,0.4108282371661197,
0.4698914116485686,0.45409674234945707,0.36929824129728106,0.45409674234945707,0.3949331037643326,
0.44509803921568625,0.4549019607843137,0.3726732478738824,0.4549019607843137,0.38921651620101355,
0.4748549323017408,0.46131528046421666,0.3702441899491463,0.46131528046421666,0.4037573013474435,
