Majority Class Accuracy,Accuracy,Precision,Recall,F Score,Support
0.6968810916179338,0.6783625730994152,0.5098511227736291,0.6783625730994152,0.5776226349819974,
0.6794493608652901,0.6617502458210422,0.4956387400549525,0.6617502458210422,0.5620421068541535,
0.6819085487077535,0.6739562624254473,0.5149034736201391,0.6739562624254473,0.5692009761133409,
0.6882352941176471,0.6833333333333333,0.5390345581682884,0.6833333333333333,0.5864997392699142,
0.7100591715976331,0.6952662721893491,0.547920049738286,0.6952662721893491,0.6054460636699696,
0.6734892787524367,0.6695906432748538,0.5070097369866576,0.6695906432748538,0.5604713614681055,
0.7053045186640472,0.6964636542239686,0.5271958971236126,0.6964636542239686,0.5941217053626029,
0.7250247279920871,0.7190900098911969,0.5658599876634518,0.7190900098911969,0.6151983313737085,
0.7141444114737884,0.7072205736894164,0.5424427553594947,0.7072205736894164,0.6001524764454962,
0.7051792828685259,0.7071713147410359,0.5505516378237773,0.7071713147410359,0.6076010814641672,
0.7024630541871921,0.6985221674876847,0.5491854367640376,0.6985221674876847,0.6021728363382232,
0.6880466472303207,0.6890184645286687,0.511097098242762,0.6890184645286687,0.5682442428167469,
0.6956521739130435,0.6956521739130435,0.5444908714473933,0.6956521739130435,0.5874345931291812,
0.6880552813425469,0.6959526159921027,0.5559775464122402,0.6959526159921027,0.586301485468413,
0.6905916585838991,0.6789524733268671,0.5238222048902619,0.6789524733268671,0.5790710766797903,
0.6881616939364774,0.6804619826756496,0.4798917486830804,0.6804619826756496,0.5606946598893577,
0.6751717369970559,0.6683022571148185,0.4939945740816804,0.6683022571148185,0.5498127617298652,
0.7009615384615384,0.6990384615384615,0.5216111173772464,0.6990384615384615,0.5837034768713364,
0.6853823814133592,0.6834462729912875,0.5086621140376621,0.6834462729912875,0.5657695877475428,
0.7158098933074685,0.7061105722599418,0.5766196492807756,0.7061105722599418,0.6135908597013939,
0.702755905511811,0.7017716535433071,0.5557432650119868,0.7017716535433071,0.6080491538469155,
0.7015655577299413,0.6976516634050881,0.5250956569449721,0.6976516634050881,0.5856567817333216,
0.7002967359050445,0.695351137487636,0.5369330770382639,0.695351137487636,0.594573796773487,
0.699616122840691,0.6986564299424184,0.5477678244149153,0.6986564299424184,0.6017736184885952,
0.685404339250493,0.6804733727810651,0.530734176353943,0.6804733727810651,0.5709521775201231,
0.6973180076628352,0.6954022988505747,0.5430211311912055,0.6954022988505747,0.5848555705915883,
0.6964112512124151,0.6896217264791464,0.5300438000579574,0.6896217264791464,0.5797953052957591,
0.6876847290640394,0.6886699507389162,0.5505136268871255,0.6886699507389162,0.5819988060529269,
0.6861966236345581,0.6703078450844091,0.4991669252190431,0.6703078450844091,0.5658031508050555,
0.6819512195121952,0.6780487804878049,0.5273373284996752,0.6780487804878049,0.568300058309196,
