Majority Class Accuracy,Accuracy,Precision,Recall,F Score,Support
0.1254980079681275,0.2559760956175299,0.24484721925856465,0.2559760956175299,0.2481339790390653,
0.13001912045889102,0.21892925430210325,0.21359039705283525,0.21892925430210325,0.2150705055909125,
0.09941520467836257,0.25146198830409355,0.25040245367268854,0.25146198830409355,0.24660948031415508,
0.11911623439000961,0.23150816522574447,0.21814239866114477,0.23150816522574447,0.2195660019895624,
0.11467444120505345,0.2565597667638484,0.24948397663943664,0.2565597667638484,0.24822126683307716,
0.14114114114114115,0.23623623623623624,0.23017446687732643,0.23623623623623624,0.2294898772292096,
0.11549851924975321,0.228035538005923,0.22286570967316777,0.228035538005923,0.2236223047703272,
0.12586037364798427,0.2359882005899705,0.23906283138173062,0.2359882005899705,0.235037919337617,
0.12130177514792899,0.24260355029585798,0.23517848543571118,0.24260355029585798,0.2362600429996799,
0.13254203758654798,0.21266073194856577,0.1999798599166434,0.21266073194856577,0.20288156249946462,
0.11450381679389313,0.2547709923664122,0.24839863375731283,0.2547709923664122,0.24861995568537776,
0.1252465483234714,0.23964497041420119,0.2338580515940537,0.23964497041420119,0.2347777169903831,
0.12585365853658537,0.24390243902439024,0.23766878593658888,0.24390243902439024,0.23899196345344678,
0.13131313131313133,0.2545454545454545,0.24722791551991544,0.2545454545454545,0.24986109704455198,
0.12035225048923678,0.24168297455968688,0.23111981396362757,0.24168297455968688,0.23485032437593906,
0.13494461228600202,0.23867069486404835,0.23212991968415697,0.23867069486404835,0.23177386748358367,
0.12574257425742574,0.24554455445544554,0.24313979983531508,0.24554455445544554,0.2429009372992555,
0.11838306063522618,0.22617901828681425,0.22455228778452244,0.22617901828681425,0.2244592462509543,
0.125,0.237,0.21826856011855228,0.237,0.22247097383518497,
0.11057225994180407,0.23375363724539283,0.22577302991545825,0.23375363724539283,0.22631264217183505,
0.12487512487512488,0.24175824175824176,0.23199743848760437,0.24175824175824176,0.23083204940519259,
0.10939012584704744,0.21781219748305905,0.21250185499399094,0.21781219748305905,0.2124952604256511,
0.12042389210019268,0.23892100192678228,0.23200197191855584,0.23892100192678228,0.23325812942901542,
0.13018322082931533,0.22854387656702024,0.22024880668697192,0.22854387656702024,0.2230527992340543,
0.11298315163528246,0.24182358771060455,0.2382424484607062,0.24182358771060455,0.23873746569137966,
0.1167953667953668,0.23455598455598456,0.2287439351398127,0.23455598455598456,0.2267945471107225,
0.13565891472868216,0.2315891472868217,0.22198280150863556,0.2315891472868217,0.22409006014538504,
0.1223091976516634,0.22798434442270057,0.2167320924851348,0.22798434442270057,0.2191664561925279,
0.13713713713713713,0.23523523523523523,0.2328461953436708,0.23523523523523523,0.2295571589573614,
0.11829025844930417,0.24950298210735586,0.2388199080643515,0.24950298210735586,0.23985899361319202,
