Majority Class Accuracy,Accuracy,Precision,Recall,F Score,Support
0.6948176583493282,0.6890595009596929,0.5705712612046393,0.6890595009596929,0.6084053070243045,
0.705078125,0.677734375,0.5329596209867992,0.677734375,0.5919786317304699,
0.6976047904191617,0.6826347305389222,0.5400870425929668,0.6826347305389222,0.5928905426692462,
0.6815476190476191,0.6775793650793651,0.5421352525125699,0.6775793650793651,0.5765850527347325,
0.6890838206627681,0.6842105263157895,0.5511123834985928,0.6842105263157895,0.5886629366378215,
0.6985507246376812,0.6850241545893719,0.5587514187025583,0.6850241545893719,0.6050051979055143,
0.6891495601173021,0.6813294232649071,0.5450824685530916,0.6813294232649071,0.5968531089671045,
0.7039922103213242,0.691333982473223,0.5463585982218421,0.691333982473223,0.5996439367184265,
0.688800792864222,0.6808721506442021,0.5145808183256199,0.6808721506442021,0.5742785805980514,
0.68762278978389,0.6709233791748527,0.5341834484924902,0.6709233791748527,0.582411481541862,
0.6938369781312127,0.6709741550695825,0.5245636395924845,0.6709741550695825,0.5780797966247929,
0.7126099706744868,0.6832844574780058,0.5779146701013737,0.6832844574780058,0.623743022959042,
0.6942307692307692,0.6923076923076923,0.554333210649516,0.6923076923076923,0.600717515609499,
0.7094594594594594,0.694980694980695,0.5295776295776297,0.694980694980695,0.5952099752870254,
0.6996124031007752,0.6821705426356589,0.5358597399289678,0.6821705426356589,0.594473801878717,
0.676728334956183,0.6728334956183057,0.5421964420593782,0.6728334956183057,0.5843877375967805,
0.7126436781609196,0.7116858237547893,0.5897866635157873,0.7116858237547893,0.6214605246745339,
0.6805825242718446,0.6766990291262136,0.5299650896738274,0.6766990291262136,0.5801597464220005,
0.6905697445972495,0.6728880157170923,0.5428905996858222,0.6728880157170923,0.575480614158583,
0.6978131212723658,0.6769383697813122,0.5432078809559961,0.6769383697813122,0.5876960255541258,
0.6900296150049359,0.6900296150049359,0.5645445169216649,0.6900296150049359,0.5988151046397859,
0.7177974434611603,0.7030481809242871,0.5712809770139512,0.7030481809242871,0.624617214440945,
0.6969990319457889,0.6882865440464666,0.5448961265554967,0.6882865440464666,0.5993033188072181,
0.7075098814229249,0.691699604743083,0.5569374096010421,0.691699604743083,0.604630924885312,
0.6949317738791423,0.6783625730994152,0.5367765150121986,0.6783625730994152,0.5878069403883414,
0.6899302093718843,0.6819541375872383,0.5362369728096078,0.6819541375872383,0.5809877778012568,
0.7227722772277227,0.7069306930693069,0.5666259209041109,0.7069306930693069,0.6256996742145257,
0.6829035339063992,0.670487106017192,0.5062984097531443,0.670487106017192,0.5689627534365348,
0.7044804575786463,0.6968541468064824,0.553397736766815,0.6968541468064824,0.5938591394359864,
0.729,0.712,0.6385522392928206,0.712,0.6340462679402278,
