Majority Class Accuracy,Accuracy,Precision,Recall,F Score,Support
0.6986301369863014,0.6829745596868885,0.5594655085527797,0.6829745596868885,0.6044482957770319,
0.7032640949554896,0.6834817012858556,0.5355456518129655,0.6834817012858556,0.5929321510338236,
0.712632594021215,0.7078109932497589,0.5800498038323825,0.7078109932497589,0.619500725222661,
0.7129367327667611,0.7129367327667611,0.5914429312026137,0.7129367327667611,0.6213927965434446,
0.6989247311827957,0.6940371456500489,0.5782029664552535,0.6940371456500489,0.6137799754550196,
0.7057115198451114,0.6902226524685382,0.580202560289866,0.6902226524685382,0.6209879462131156,
0.6966966966966966,0.6796796796796797,0.5332549530662739,0.6796796796796797,0.5897768758288852,
0.6689520078354554,0.66307541625857,0.5398451055533118,0.66307541625857,0.581655009635586,
0.7105517909002904,0.691190706679574,0.5460300062517786,0.691190706679574,0.6015057199306941,
0.6747809152872444,0.6640701071080818,0.5207943225226574,0.6640701071080818,0.573261151410125,
0.702252693437806,0.693437806072478,0.5566655832629266,0.693437806072478,0.6071452979610356,
0.696078431372549,0.6852941176470588,0.5303431483931905,0.6852941176470588,0.5816555613284411,
0.7123152709359606,0.7073891625615764,0.5996735554744069,0.7073891625615764,0.6237623212901299,
0.6938369781312127,0.6789264413518886,0.5466012599477608,0.6789264413518886,0.5956351147657348,
0.6770126091173618,0.6731328806983511,0.5621192224348288,0.6731328806983511,0.5917538180025574,
0.6969990319457889,0.6815101645692159,0.5454809517633252,0.6815101645692159,0.5993269141861409,
0.7094918504314478,0.7046979865771812,0.5874969794760266,0.7046979865771812,0.6172784287871617,
0.6776180698151951,0.6704312114989733,0.5403514339522608,0.6704312114989733,0.5802454324446585,
0.7189030362389814,0.6885406464250735,0.5666617446202679,0.6885406464250735,0.6163158467949803,
0.694980694980695,0.6805019305019305,0.5518915263249328,0.6805019305019305,0.6002256715219417,
0.6819960861056752,0.6800391389432485,0.5290918250861988,0.6800391389432485,0.5807860818856099,
0.6773566569484937,0.6754130223517979,0.5543030451343045,0.6754130223517979,0.5959667843039944,
0.6910167818361304,0.6860809476801579,0.5612001125698197,0.6860809476801579,0.595902627301749,
0.7210682492581603,0.7151335311572701,0.5882274971100927,0.7151335311572701,0.6378421670530157,
0.6851485148514852,0.6722772277227723,0.5300050500605196,0.6722772277227723,0.5809648830239089,
0.6964112512124151,0.6799224054316197,0.5367934694332163,0.6799224054316197,0.5929237405419989,
0.7127555988315482,0.7000973709834469,0.5893422853116939,0.7000973709834469,0.6263967556299592,
0.6976744186046512,0.688953488372093,0.561668153480169,0.688953488372093,0.5962622451436065,
0.6861804222648752,0.6756238003838771,0.535345940158256,0.6756238003838771,0.5826748566092075,
0.6683022571148185,0.6633954857703631,0.5109118885548255,0.6633954857703631,0.5653993693898752,
