Majority Class Accuracy,Accuracy,Precision,Recall,F Score,Support
0.11268939393939394,0.14015151515151514,0.14273441251650623,0.14015151515151514,0.14068146162163161,
0.14785214785214784,0.14285714285714285,0.1450242274236352,0.14285714285714285,0.14309112065715765,
0.12,0.14476190476190476,0.1449635192091993,0.14476190476190476,0.14440381176234263,
0.13333333333333333,0.12338308457711443,0.12586303997133283,0.12338308457711443,0.1234445168008582,
0.14146341463414633,0.13365853658536586,0.1335408029269629,0.13365853658536586,0.13306612451773828,
0.10766246362754607,0.1425800193986421,0.1438853191668675,0.1425800193986421,0.14262491091532545,
0.09504950495049505,0.13564356435643565,0.13560172986961058,0.13564356435643565,0.1347923865273422,
0.10381978452497552,0.11655239960822723,0.11962798911717067,0.11655239960822723,0.11724002212018012,
0.12770137524557956,0.12966601178781925,0.1324787839563179,0.12966601178781925,0.13050989240141594,
0.12659470068694798,0.12757605495583907,0.1288836964475777,0.12757605495583907,0.12775878558247494,
0.126232741617357,0.14398422090729784,0.14448452238568088,0.14398422090729784,0.14365206181225645,
0.11339198435972629,0.12121212121212122,0.12105112259174422,0.12121212121212122,0.12053211303940377,
0.12439261418853255,0.16132167152575316,0.1607364090739002,0.16132167152575316,0.16035138217011433,
0.14481409001956946,0.1223091976516634,0.12281523351902822,0.1223091976516634,0.12183820176444807,
0.11324570273003033,0.12942366026289182,0.13049698606264223,0.12942366026289182,0.12936899794973733,
0.1293774319066148,0.13326848249027237,0.1357936262611208,0.13326848249027237,0.1338976332183992,
0.13068731848983542,0.1335914811229429,0.13569785099996817,0.1335914811229429,0.1336267226446427,
0.131,0.134,0.13677283239254553,0.134,0.13440915979193999,
0.11381322957198443,0.14299610894941633,0.14554596913206733,0.14299610894941633,0.1428993277867522,
0.11208576998050682,0.1442495126705653,0.14349493143760145,0.1442495126705653,0.14270842297240371,
0.10772163965681601,0.15061963775023832,0.15236071497496725,0.15061963775023832,0.15027675355717132,
0.1248780487804878,0.13951219512195123,0.13803034894570754,0.13951219512195123,0.13827427293582512,
0.12391093901258471,0.12778315585672798,0.13272414586195724,0.12778315585672798,0.12877679019322824,
0.11980676328502415,0.14589371980676327,0.1454518390290686,0.14589371980676327,0.14511967635503023,
0.14368370298939248,0.12632594021215043,0.12826001454346544,0.12632594021215043,0.12632247481126757,
0.1384909264565425,0.12989493791786055,0.13027822864345096,0.12989493791786055,0.12869736016037528,
0.11730769230769231,0.13365384615384615,0.13485257263063172,0.13365384615384615,0.1340128134341867,
0.12272291466922339,0.1361457334611697,0.13679566285016062,0.1361457334611697,0.13610613726076753,
0.1294820717131474,0.1344621513944223,0.1364051264537851,0.1344621513944223,0.1349179540629056,
0.12324649298597194,0.12424849699398798,0.12442266208343139,0.12424849699398798,0.1237688979426378,
