Majority Class Accuracy,Accuracy,Precision,Recall,F Score,Support
0.7010204081632653,0.5071428571428571,0.5029124213405859,0.5071428571428571,0.5047667285332447,
0.7188434695912264,0.5533399800598205,0.5536900614737754,0.5533399800598205,0.5534753230756165,
0.7169811320754716,0.5243296921549155,0.5325913535516735,0.5243296921549155,0.5283918603807384,
0.7054726368159204,0.5343283582089552,0.5326119235117618,0.5343283582089552,0.5333319508752465,
0.6843156843156843,0.5134865134865135,0.5034740557061985,0.5134865134865135,0.5082926101142016,
0.6943907156673114,0.5386847195357833,0.5380882428973337,0.5386847195357833,0.5383609147748761,
0.6883629191321499,0.5207100591715976,0.5020893428406332,0.5207100591715976,0.5109606884308133,
0.7054263565891473,0.500968992248062,0.5026292612180561,0.500968992248062,0.5017153650432559,
0.7009708737864078,0.558252427184466,0.5331052853036029,0.558252427184466,0.5449945056157398,
0.7124631992149166,0.5309126594700687,0.5148352086854582,0.5309126594700687,0.5226064427157099,
0.7117818889970788,0.5199610516066212,0.5242012752063817,0.5199610516066212,0.522027271131991,
0.7100591715976331,0.5463510848126233,0.5368372615634266,0.5463510848126233,0.5414472960929655,
0.7105263157894737,0.5380116959064327,0.528173830595616,0.5380116959064327,0.5329483022615057,
0.7066929133858267,0.530511811023622,0.5322769674591761,0.530511811023622,0.5312843518972417,
0.6606786427145709,0.5099800399201597,0.4849599546061196,0.5099800399201597,0.4966617816140134,
0.7046783625730995,0.5428849902534113,0.5350864598049725,0.5428849902534113,0.5388921157930865,
0.7066276803118908,0.5058479532163743,0.5263159480839347,0.5058479532163743,0.5156964205300568,
0.7020447906523856,0.5628042843232717,0.520982706983942,0.5628042843232717,0.5401632900657225,
0.6766698935140368,0.5246853823814134,0.5026793982716516,0.5246853823814134,0.5129422898053984,
0.6917874396135266,0.48985507246376814,0.49044401818698496,0.48985507246376814,0.4901240338709953,
0.6994163424124513,0.541828793774319,0.5352074736950306,0.541828793774319,0.5382258497008963,
0.6591355599214146,0.5029469548133595,0.4755375651268173,0.5029469548133595,0.48863477158479024,
0.713170731707317,0.5560975609756098,0.5528221479921281,0.5560975609756098,0.553734173313334,
0.7012732615083251,0.5426052889324192,0.5377994045975005,0.5426052889324192,0.5400448079155717,
0.7221153846153846,0.5509615384615385,0.5482297757407272,0.5509615384615385,0.5494208213264229,
0.7144249512670565,0.5311890838206628,0.5384057526962583,0.5311890838206628,0.5345183585386398,
0.7061183550651956,0.5356068204613842,0.5401274192515696,0.5356068204613842,0.5376437554359336,
0.6954413191076625,0.5460717749757517,0.5212305375465822,0.5460717749757517,0.5330339467559191,
0.7000983284169124,0.5545722713864307,0.531998492854055,0.5545722713864307,0.5427942368024035,
0.6985221674876847,0.5320197044334976,0.5204005663693528,0.5320197044334976,0.5256533359668208,
