Majority Class Accuracy,Accuracy,Precision,Recall,F Score,Support
0.46078431372549017,0.3254901960784314,0.31126729036592715,0.3254901960784314,0.31709004982910616,
0.4491771539206196,0.324298160696999,0.2989783895681179,0.324298160696999,0.3099937660567274,
0.47586872586872586,0.32625482625482627,0.3009124296767692,0.32625482625482627,0.31252037278968636,
0.47581441263573543,0.3119447186574531,0.3060946908689199,0.3119447186574531,0.30865592376178796,
0.47127555988315484,0.32327166504381694,0.3077101344485459,0.32327166504381694,0.31501848538726834,
0.4951267056530214,0.30701754385964913,0.31460687016705646,0.30701754385964913,0.3101168220170254,
0.4684512428298279,0.2887189292543021,0.288328269002538,0.2887189292543021,0.28803129494326374,
0.48346303501945526,0.3103112840466926,0.30129895790988037,0.3103112840466926,0.3053501245317123,
0.43984220907297833,0.3175542406311637,0.29602387151926757,0.3175542406311637,0.3042065909373511,
0.4980276134122288,0.3175542406311637,0.32759412885470157,0.3175542406311637,0.32201298300302694,
0.4591937069813176,0.3048180924287119,0.3054973568203051,0.3048180924287119,0.30428602601320764,
0.474559686888454,0.30039138943248533,0.2987339592658304,0.30039138943248533,0.2994317085314863,
0.4625121713729309,0.31256085686465435,0.29245647865499014,0.31256085686465435,0.3014279523485416,
0.4494274809160305,0.3139312977099237,0.28616290393001453,0.3139312977099237,0.2979740380904763,
0.4823182711198428,0.31335952848722987,0.31236538749335074,0.31335952848722987,0.3125771629814778,
0.43267326732673267,0.30594059405940593,0.2959591395352589,0.30594059405940593,0.30014114445045603,
0.5019607843137255,0.32450980392156864,0.33167883599309456,0.32450980392156864,0.3276545068407137,
0.472852912142152,0.32477788746298125,0.30477657122419133,0.3247778874629812,0.3142487384987063,
0.4786821705426357,0.3226744186046512,0.3197635929605806,0.3226744186046512,0.3210049241066945,
0.4647058823529412,0.2950980392156863,0.28409976175227336,0.2950980392156863,0.288993128915326,
0.4884393063583815,0.3044315992292871,0.3031713393965499,0.3044315992292871,0.3037029397060686,
0.46296296296296297,0.30116959064327486,0.297198148229001,0.30116959064327486,0.2987000065671613,
0.47058823529411764,0.31666666666666665,0.30046436209852556,0.31666666666666665,0.30774928828660536,
0.467935871743487,0.313627254509018,0.30203361397049483,0.313627254509018,0.3068393450553956,
0.46875,0.32421875,0.30391185844641105,0.32421875,0.3131246901322479,
0.4836795252225519,0.3026706231454006,0.3090017512889043,0.3026706231454006,0.3053389419979259,
0.447702834799609,0.32942326490713586,0.31321847654666135,0.32942326490713586,0.3204364305476424,
0.4304174950298211,0.2753479125248509,0.25670932055399753,0.2753479125248509,0.2652041388675738,
0.4713313896987366,0.304178814382896,0.3051298059010623,0.304178814382896,0.30427141453077444,
0.48080614203454897,0.31381957773512476,0.2993677061418892,0.31381957773512476,0.3061953734210766,
