Majority Class Accuracy,Accuracy,Precision,Recall,F Score,Support
0.7212953876349362,0.5289499509322866,0.5454628436737687,0.5289499509322866,0.5369946971023235,
0.6885406464250735,0.5161606268364348,0.5111160051261653,0.5161606268364348,0.5134983736209576,
0.7154308617234469,0.5250501002004008,0.5359413017831832,0.5250501002004008,0.5300933547491522,
0.6816874400767018,0.5397890699904123,0.5115028297269295,0.5397890699904123,0.5244735733179442,
0.7336538461538461,0.5605769230769231,0.5556442969038902,0.5605769230769231,0.5579660984265986,
0.6875,0.5205078125,0.5111518308605716,0.5205078125,0.515156002961429,
0.702415458937198,0.5439613526570048,0.5337021941669291,0.5439613526570048,0.5386472224746864,
0.7083333333333334,0.5406976744186046,0.5293898642909218,0.5406976744186046,0.5348603697065812,
0.6875,0.5085227272727273,0.49456062275419643,0.5085227272727273,0.5005979729098714,
0.6942482341069627,0.5126135216952573,0.5194636644598372,0.5126135216952573,0.5156701371479095,
0.7018572825024438,0.5356793743890518,0.5252933381851724,0.5356793743890518,0.5300127731015727,
0.6927592954990215,0.5205479452054794,0.5184555300751463,0.5205479452054794,0.5194683142799928,
0.7159533073929961,0.5282101167315175,0.5331304975652755,0.5282101167315175,0.5304667577344322,
0.6971484759095379,0.5447394296951819,0.5359080043352549,0.5447394296951819,0.5401037278601566,
0.7191119691119691,0.528957528957529,0.5369897807883866,0.528957528957529,0.5328533253976897,
0.6884272997032641,0.5262116716122651,0.49866312193082046,0.5262116716122651,0.5115960400506706,
0.689922480620155,0.5523255813953488,0.5177573821441754,0.5523255813953488,0.5339208967916699,
0.6943359375,0.53515625,0.5144081069811508,0.53515625,0.5241218010411385,
0.696911196911197,0.5135135135135135,0.5182133314116554,0.5135135135135135,0.5157699220782869,
0.6753623188405797,0.5169082125603864,0.4974926664094847,0.5169082125603864,0.5068373013411301,
0.6974708171206225,0.5486381322957199,0.5225637785399246,0.5486381322957199,0.5350017619190385,
0.6942857142857143,0.5228571428571429,0.5390507564915259,0.5228571428571429,0.5303679969665369,
0.6805143422354105,0.5093966369930761,0.49235663140073216,0.5093966369930761,0.5005138560776805,
0.7082125603864734,0.5458937198067633,0.5363348890028864,0.5458937198067633,0.5410266919267752,
0.6828322017458778,0.5033947623666344,0.5025371572613956,0.5033947623666344,0.5028279852747499,
0.7037037037037037,0.5194931773879142,0.5267789469836032,0.5194931773879142,0.5229676669685698,
0.7034548944337812,0.5316698656429942,0.5183773654026488,0.5316698656429942,0.5248137217621892,
0.7,0.5366336633663367,0.5316357378060773,0.5366336633663367,0.5337686671767057,
0.7095191364082434,0.5426889106967615,0.5280575844588271,0.5426889106967615,0.5351404254743976,
0.7086156824782188,0.5072604065827686,0.5274832687586993,0.5072604065827686,0.5169987223012327,
