Majority Class Accuracy,Accuracy,Precision,Recall,F Score,Support
0.11872586872586872,0.13513513513513514,0.13736657562610785,0.13513513513513514,0.1359303949846293,
0.11717974180734857,0.14895729890764647,0.14803800505221848,0.14895729890764647,0.14754527489647112,
0.11839530332681017,0.12720156555772993,0.12920243133533654,0.12720156555772993,0.12738344282391867,
0.12512315270935961,0.15467980295566502,0.15548661855314877,0.15467980295566502,0.1546672974098855,
0.11496531219028741,0.12685827552031714,0.13245388380658996,0.12685827552031714,0.1286561825986419,
0.1281809613572102,0.1460885956644675,0.15116077108201567,0.1460885956644675,0.14746104150385667,
0.13609467455621302,0.14694280078895464,0.1442091819804577,0.14694280078895464,0.14388624796931665,
0.11833171677982542,0.13191076624636275,0.12964512955391402,0.13191076624636275,0.1298621048650723,
0.11132623426911907,0.14327202323330107,0.14431434815352714,0.14327202323330107,0.14290012657702236,
0.11519364448857994,0.1420059582919563,0.14175887234831414,0.1420059582919563,0.14085518410836456,
0.1242603550295858,0.14694280078895464,0.14690953960497394,0.14694280078895464,0.1461329445146291,
0.11383709519136408,0.13150147203140333,0.12850282233593568,0.13150147203140333,0.12900836291355083,
0.12772277227722773,0.11188118811881188,0.11310018106601341,0.11188118811881188,0.11184105228800499,
0.1378640776699029,0.1533980582524272,0.15454997776188792,0.1533980582524272,0.15358752837693368,
0.1286549707602339,0.13352826510721247,0.12994670975334488,0.13352826510721247,0.1302056667230094,
0.13653846153846153,0.1528846153846154,0.15465466830094332,0.1528846153846154,0.15270453252393554,
0.1294820717131474,0.14442231075697212,0.14541873118659307,0.14442231075697212,0.14458448401059654,
0.12618595825426945,0.12903225806451613,0.13187693523508595,0.12903225806451613,0.1294566212306466,
0.12024048096192384,0.1402805611222445,0.14064143141624055,0.1402805611222445,0.13968688744573496,
0.11467444120505345,0.1467444120505345,0.1507083133540693,0.1467444120505345,0.14734776037103986,
0.1233140655105973,0.13198458574181118,0.13195046377870967,0.13198458574181118,0.13078726303456975,
0.13978494623655913,0.12805474095796676,0.12906795134051036,0.12805474095796676,0.1277416498556293,
0.12262357414448669,0.12737642585551331,0.12655251359184547,0.12737642585551331,0.1266756141022428,
0.10661401776900296,0.12931885488647582,0.12759409442684863,0.12931885488647582,0.12761168667971096,
0.11867704280155641,0.1303501945525292,0.1305476799501755,0.1303501945525292,0.12951261591329383,
0.11196911196911197,0.10810810810810811,0.10835257760568519,0.10810810810810811,0.1078573578087825,
0.140748031496063,0.13188976377952755,0.1328815370898042,0.13188976377952755,0.1313100657915756,
0.10818713450292397,0.14230019493177387,0.14015466175997926,0.14230019493177387,0.14070065033281587,
0.13326848249027237,0.13618677042801555,0.13598673450152188,0.13618677042801555,0.13580327508356857,
0.1349206349206349,0.12996031746031747,0.1273063762413284,0.12996031746031747,0.12763854547523645,
