Majority Class Accuracy,Accuracy,Precision,Recall,F Score,Support
0.7236580516898609,0.6819085487077535,0.5503756916146509,0.6819085487077535,0.6052378552767123,
0.6944990176817288,0.656188605108055,0.5208243552076292,0.656188605108055,0.5684715988337417,
0.6944713870029098,0.6585838991270611,0.5055316192801568,0.6585838991270611,0.5618929134563884,
0.7013358778625954,0.6688931297709924,0.5108656813383141,0.6688931297709924,0.5733644242376923,
0.703125,0.66015625,0.5226573019952315,0.66015625,0.5744437064694836,
0.696078431372549,0.653921568627451,0.5202105084458026,0.653921568627451,0.5679642919397374,
0.7016520894071915,0.6676384839650146,0.5124002565068788,0.6676384839650146,0.5690075044401204,
0.7119301648884578,0.6711930164888458,0.5504056431197415,0.6711930164888458,0.5924635206988624,
0.7042115572967679,0.6689520078354554,0.5339366406721584,0.6689520078354554,0.5818275116055693,
0.6782945736434108,0.6463178294573644,0.5104441023668429,0.6463178294573644,0.558970325777642,
0.700587084148728,0.6526418786692759,0.5217362322519453,0.6526418786692759,0.5714754953825901,
0.6961271102284012,0.6544190665342602,0.5135504097900726,0.6544190665342602,0.5658828956883242,
0.6960309777347532,0.6592449177153921,0.5283920293192934,0.6592449177153921,0.5752617335047376,
0.6946564885496184,0.6498091603053435,0.4906838050763481,0.6498091603053435,0.5553996141581516,
0.6796494644595911,0.6426484907497566,0.47321255031800935,0.6426484907497566,0.5404428648198426,
0.702252693437806,0.6571988246816847,0.5217105568806313,0.6571988246816847,0.5724704982982778,
0.7277992277992278,0.6805019305019305,0.5451881887100866,0.6805019305019305,0.6019866010544503,
0.7177497575169738,0.6886517943743938,0.5506311668500041,0.6886517943743938,0.6014348564827801,
0.6709486166007905,0.6225296442687747,0.48175955757797195,0.6225296442687747,0.5352586115352147,
0.7144259077526988,0.6692836113837095,0.5271322976153477,0.6692836113837095,0.585420890074405,
0.6756496631376323,0.6371511068334937,0.4857570618879569,0.6371511068334937,0.5424915982328182,
0.7151051625239006,0.6692160611854685,0.529971757051107,0.6692160611854685,0.5846315058915384,
0.6942551119766309,0.6484907497565725,0.5170495364650242,0.6484907497565725,0.5621112234792025,
0.7061704211557297,0.6660137120470128,0.516993705275392,0.6660137120470128,0.5765000918438278,
0.689453125,0.6494140625,0.5032138179077391,0.6494140625,0.5589594635404563,
0.6987487969201155,0.6650625601539942,0.5251739470244087,0.6650625601539942,0.5764752448510762,
0.7024390243902439,0.6595121951219513,0.5326300891635608,0.6595121951219513,0.5780309777026271,
0.7114285714285714,0.6733333333333333,0.5357745784006653,0.6733333333333333,0.5896735274444863,
0.7167630057803468,0.684971098265896,0.5596809060576156,0.684971098265896,0.5946187670816449,
0.6946640316205533,0.6482213438735178,0.5114366614558843,0.6482213438735178,0.562633589872585,
