Majority Class Accuracy,Accuracy,Precision,Recall,F Score,Support
0.4681684622918707,0.3633692458374143,0.2803268913425056,0.3633692458374143,0.3075381942578477,
0.4753623188405797,0.38357487922705313,0.29829498708671953,0.38357487922705313,0.3280580700246869,
0.4844054580896686,0.41130604288499023,0.32068381911347493,0.41130604288499023,0.3496049114140713,
0.46511627906976744,0.3953488372093023,0.2977214517741129,0.3953488372093023,0.3307537743590959,
0.46418338108882523,0.3839541547277937,0.28566451327447007,0.3839541547277937,0.32131281474987156,
0.48104956268221577,0.39844509232264336,0.30194146660532306,0.39844509232264336,0.3368438787928013,
0.47433460076045625,0.4011406844106464,0.31119821812823023,0.4011406844106464,0.3416873511861294,
0.47352941176470587,0.4,0.31998919917021346,0.4,0.34837951351945945,
0.4515181194906954,0.3780607247796278,0.27271497131827455,0.3780607247796278,0.3047985788367019,
0.46477495107632094,0.38649706457925637,0.29027344855854487,0.38649706457925637,0.32098705084942075,
0.45428015564202334,0.38910505836575876,0.28989912102665005,0.38910505836575876,0.3208716310966563,
0.45139557266602504,0.37247353224254093,0.27854101268800474,0.37247353224254093,0.30950726935342554,
0.454726368159204,0.3850746268656716,0.2885376076134099,0.3850746268656716,0.32302776295172136,
0.5,0.41635338345864664,0.3240514677629749,0.41635338345864664,0.35541375132601494,
0.4720616570327553,0.394990366088632,0.3002929233649095,0.394990366088632,0.33329529555280246,
0.4468937875751503,0.3717434869739479,0.2715888367585514,0.3717434869739479,0.3046814679141834,
0.47230320699708456,0.3945578231292517,0.28984751121626395,0.3945578231292517,0.3261290948580772,
0.4510184287099903,0.38700290979631424,0.30075342804618366,0.38700290979631424,0.3266814458449452,
0.47053140096618357,0.3748792270531401,0.2799891697515189,0.3748792270531401,0.3159072740724674,
0.4773820981713186,0.39268527430221367,0.308583025267833,0.39268527430221367,0.3364408695843007,
0.46826923076923077,0.4009615384615385,0.3146615351072989,0.4009615384615385,0.3437129407466301,
0.46161417322834647,0.39468503937007876,0.2827370162113846,0.39468503937007876,0.32020188611223127,
0.5004803073967339,0.414985590778098,0.3295824637408756,0.414985590778098,0.35883851249976384,
0.46507177033492825,0.37320574162679426,0.2741046591007416,0.37320574162679426,0.3087385669529626,
0.4736328125,0.3935546875,0.30151672408702457,0.3935546875,0.3298577987102474,
0.467,0.377,0.2790967355256243,0.377,0.3132579235692573,
0.4666666666666667,0.39516908212560387,0.3055360578092758,0.39516908212560387,0.3337629470807436,
0.47357926221335994,0.39581256231306083,0.28892016530118786,0.39581256231306083,0.32782581585258225,
0.48202137998056366,0.4159378036929057,0.3216388683701798,0.4159378036929057,0.351775447954946,
0.46463654223968565,0.3968565815324165,0.3130100707047935,0.3968565815324165,0.3359222750632638,
