Majority Class Accuracy,Accuracy,Precision,Recall,F Score,Support
0.11024390243902439,0.14146341463414633,0.1400540337112615,0.14146341463414633,0.1398488537616936,
0.128,0.123,0.12135459982637392,0.123,0.12166367645380069,
0.1232741617357002,0.1390532544378698,0.13701200783927722,0.1390532544378698,0.13747655846950746,
0.12176414189837009,0.13135186960690318,0.1317925510166475,0.13135186960690318,0.1309102610870332,
0.12277227722772277,0.12574257425742574,0.1272577659631727,0.12574257425742574,0.12564817244790855,
0.12893700787401574,0.15551181102362205,0.15519219927730246,0.15551181102362205,0.15488778319232444,
0.11188811188811189,0.12787212787212787,0.13202825896203696,0.12787212787212787,0.1293125473090662,
0.1203155818540434,0.1351084812623274,0.1374056475573098,0.1351084812623274,0.13560634031379803,
0.12142152023692004,0.12240868706811452,0.12505113637899246,0.12240868706811452,0.1232794472649333,
0.1183206106870229,0.13740458015267176,0.13836313903438618,0.13740458015267176,0.13723003168712852,
0.10894941634241245,0.13521400778210116,0.13529098962445926,0.13521400778210116,0.1341037714210739,
0.135,0.141,0.14334039172288268,0.141,0.1414440550120084,
0.1095890410958904,0.14481409001956946,0.14419012690995997,0.14481409001956946,0.14386847897351235,
0.12745098039215685,0.1450980392156863,0.14603482163059534,0.1450980392156863,0.14504736491407738,
0.12659470068694798,0.14033366045142295,0.141312875058558,0.14033366045142295,0.14047601467632542,
0.1219758064516129,0.1280241935483871,0.12800464550940044,0.1280241935483871,0.1274422692624932,
0.11328125,0.1376953125,0.13768985662704009,0.1376953125,0.1369232290024539,
0.11869436201780416,0.1434223541048467,0.14391962727695634,0.1434223541048467,0.14245393897388242,
0.11707317073170732,0.12975609756097561,0.1303588972030936,0.12975609756097561,0.12929715263467575,
0.13444553483807656,0.13052011776251227,0.13069575717656148,0.13052011776251227,0.13008849611736795,
0.13263358778625955,0.11927480916030535,0.11856809576288768,0.11927480916030535,0.11860420917665854,
0.13260219341974078,0.13359920239282153,0.1342651342020438,0.13359920239282153,0.13347657468560817,
0.10952380952380952,0.12857142857142856,0.13175246259481735,0.12857142857142856,0.12910668948738918,
0.13924050632911392,0.13242453748782862,0.13072673324886153,0.13242453748782862,0.1307150235623621,
0.118042226487524,0.11900191938579655,0.11666583543660428,0.11900191938579655,0.11709951854320347,
0.1332675222112537,0.13129318854886476,0.13205008335054802,0.13129318854886476,0.13139802090214003,
0.11770428015564202,0.14105058365758755,0.1441682218831379,0.14105058365758755,0.14066299349398997,
0.12058823529411765,0.13333333333333333,0.13587419835854414,0.13333333333333333,0.1339878120863629,
0.12365063788027478,0.12659470068694798,0.12699630588441477,0.12659470068694798,0.1261020182039741,
0.13667649950835792,0.13470993117010815,0.1342556484846295,0.13470993117010815,0.13416074649640608,
