Majority Class Accuracy,Accuracy,Precision,Recall,F Score,Support
0.46131528046421666,0.34332688588007737,0.3143839999709486,0.34332688588007737,0.3264280797249204,
0.47445972495088407,0.3506876227897839,0.33879788054618565,0.3506876227897839,0.3443861940118568,
0.4800389483933788,0.3476144109055501,0.3469051520199522,0.3476144109055501,0.34691058452063056,
0.49608610567514677,0.3806262230919765,0.36704348373661055,0.3806262230919765,0.37265373361778215,
0.4729064039408867,0.38620689655172413,0.3623284557015145,0.38620689655172413,0.3728564486111679,
0.46334012219959264,0.3340122199592668,0.3170059823133704,0.3340122199592668,0.3248991040394977,
0.47632850241545893,0.32463768115942027,0.30686307250307837,0.32463768115942027,0.31516258528413077,
0.4681059862610402,0.3277723258096173,0.31637185080936275,0.3277723258096173,0.3216317095932837,
0.463531669865643,0.32629558541266795,0.3020681073057252,0.32629558541266795,0.3131499051716251,
0.4748549323017408,0.344294003868472,0.34118455913033496,0.344294003868472,0.34245141016688896,
0.4588910133843212,0.3508604206500956,0.33174601083095856,0.3508604206500956,0.3402128665064855,
0.4468503937007874,0.35039370078740156,0.33133868386666704,0.35039370078740156,0.33972371166232174,
0.4691607684529828,0.34984833164812945,0.33935455786977803,0.34984833164812945,0.3439393798738146,
0.46168958742632615,0.33988212180746563,0.31625316506280393,0.33988212180746563,0.3265511043873681,
0.484027105517909,0.3649564375605034,0.35374977759952797,0.3649564375605034,0.3587498140645992,
0.48807157057654077,0.36182902584493043,0.3542130898054601,0.36182902584493043,0.3577385743100555,
0.4358974358974359,0.3599605522682446,0.3247759411993076,0.3599605522682446,0.3396647805482092,
0.47333333333333333,0.3580952380952381,0.34730996448406465,0.3580952380952381,0.3522167795742988,
0.425531914893617,0.33365570599613154,0.30284798099274807,0.33365570599613154,0.3156229763954781,
0.4712301587301587,0.3551587301587302,0.3441845140363624,0.3551587301587302,0.34931640655736307,
0.46772591857000995,0.31976166832174774,0.31831050095488356,0.31976166832174774,0.31861116494483055,
0.4632495164410058,0.3617021276595745,0.339293757569161,0.3617021276595745,0.3481421921614555,
0.4887365328109696,0.35063663075416257,0.3334240236407142,0.35063663075416257,0.34130772426293055,
0.46963562753036436,0.3340080971659919,0.32090959517913104,0.3340080971659919,0.32694940909852505,
0.4644595910418695,0.3495618305744888,0.3315016576691334,0.3495618305744888,0.3392863822701762,
0.4684159378036929,0.34110787172011664,0.3228458989015691,0.34110787172011664,0.33115025463226605,
0.486646884272997,0.3768545994065282,0.34478691166791636,0.3768545994065282,0.35748494256778096,
0.47761194029850745,0.3502487562189055,0.33832150011429657,0.3502487562189055,0.34378186682089446,
0.47173489278752434,0.3713450292397661,0.36467384363031463,0.3713450292397661,0.3678975314117475,
0.45136186770428016,0.3531128404669261,0.32440131054817445,0.3531128404669261,0.3370790128817165,
