Majority Class Accuracy,Accuracy,Precision,Recall,F Score,Support
0.12729026036644167,0.16972034715525555,0.17004650745113745,0.16972034715525555,0.16934045427071923,
0.11690821256038647,0.1748792270531401,0.17387391681069325,0.1748792270531401,0.1738854568164122,
0.12711022840119166,0.18768619662363456,0.1916839431264452,0.18768619662363456,0.18908544341024278,
0.12716763005780346,0.16377649325626203,0.16344407687097381,0.16377649325626203,0.16308416921742147,
0.13565891472868216,0.16085271317829458,0.16574887791243437,0.16085271317829458,0.16278645161899324,
0.1215311004784689,0.1722488038277512,0.1720415849009475,0.1722488038277512,0.1698162555498422,
0.11992263056092843,0.18181818181818182,0.1827356341933527,0.18181818181818182,0.18182043740384535,
0.11278952668680765,0.16515609264853978,0.16532256486048294,0.16515609264853978,0.16435761658444664,
0.14299802761341224,0.1804733727810651,0.1842847243426239,0.1804733727810651,0.1819123289500029,
0.1157684630738523,0.1656686626746507,0.17064578771482372,0.1656686626746507,0.16745544526738892,
0.12070657507360157,0.1815505397448479,0.184284008267063,0.1815505397448479,0.1822230998234623,
0.12254901960784313,0.1784313725490196,0.17462100420960366,0.1784313725490196,0.17585464221168048,
0.13875598086124402,0.17129186602870813,0.171385520875007,0.17129186602870813,0.17102174121756739,
0.13429951690821257,0.18164251207729468,0.18416728118334919,0.18164251207729468,0.18252790800543572,
0.1286549707602339,0.17446393762183235,0.17590611271256923,0.17446393762183235,0.17464736470794415,
0.11862745098039215,0.15588235294117647,0.15809349936091333,0.15588235294117647,0.15652774175053444,
0.11089494163424124,0.16342412451361868,0.16387944200296453,0.16342412451361868,0.16318720685241997,
0.12805474095796676,0.16129032258064516,0.16142622630544312,0.16129032258064516,0.16052136294420938,
0.14383561643835616,0.16536203522504891,0.16731748157744258,0.16536203522504891,0.16577255451487738,
0.11465603190428714,0.16350947158524426,0.1641616964942318,0.16350947158524426,0.16343857022985045,
0.124634858812074,0.18500486854917234,0.1910580382789063,0.18500486854917234,0.1869297338118423,
0.11707317073170732,0.16,0.16338862670283516,0.16,0.1606916780853838,
0.12268743914313535,0.17818889970788704,0.1861726567068087,0.17818889970788704,0.18095110828478528,
0.10186092066601371,0.1733594515181195,0.17730257259320026,0.1733594515181195,0.17370761327664147,
0.11676646706586827,0.17465069860279442,0.17527285838457732,0.17465069860279442,0.17467413266105267,
0.1350293542074364,0.16731898238747553,0.16986748610053495,0.16731898238747553,0.16779662854070398,
0.12720156555772993,0.1761252446183953,0.1756006132000883,0.1761252446183953,0.17500904656403274,
0.13738959764474976,0.17369970559371933,0.17819935642322493,0.17369970559371933,0.17514672629923972,
0.11504424778761062,0.1710914454277286,0.17188410361064432,0.1710914454277286,0.1700997765466002,
0.13683223992502344,0.1893158388003749,0.1924072725306975,0.1893158388003749,0.1899950467560251,
