Majority Class Accuracy,Accuracy,Precision,Recall,F Score,Support
0.11022840119165839,0.17676266137040714,0.17512648489432378,0.17676266137040714,0.17535856317263854,
0.11742059672762271,0.17805582290664101,0.17993671576225934,0.17805582290664101,0.1785030237030324,
0.12306201550387597,0.14147286821705427,0.14210196437669836,0.14147286821705427,0.1410037122117686,
0.11044776119402985,0.1691542288557214,0.17333655811634127,0.1691542288557214,0.17083728081977906,
0.11274509803921569,0.16470588235294117,0.16777410402481488,0.16470588235294117,0.16562417161036683,
0.13267326732673268,0.14752475247524752,0.1495433034538693,0.14752475247524752,0.14811953863822322,
0.12244897959183673,0.15840621963070942,0.1593500648352397,0.15840621963070942,0.15787148455124542,
0.12280701754385964,0.16861598440545808,0.17023528170194163,0.16861598440545808,0.16903569744282973,
0.10531496062992125,0.1486220472440945,0.15045379826026634,0.1486220472440945,0.14849229222299432,
0.14617618586640851,0.16940948693126814,0.1708615011844634,0.16940948693126814,0.1696663495950964,
0.1399014778325123,0.1684729064039409,0.1690371781979206,0.1684729064039409,0.16800904246609244,
0.12133072407045009,0.1771037181996086,0.17791552028489693,0.1771037181996086,0.17723155178645172,
0.10946745562130178,0.17357001972386588,0.175015387547837,0.17357001972386588,0.1729209423364642,
0.11363636363636363,0.16996047430830039,0.17255066369002578,0.16996047430830039,0.17010563360352035,
0.11884057971014493,0.1603864734299517,0.1635200085392176,0.1603864734299517,0.1616750020792513,
0.134765625,0.1552734375,0.15861677861199858,0.1552734375,0.1564399128465735,
0.1279527559055118,0.18011811023622049,0.1847700332148085,0.18011811023622049,0.1811571731406527,
0.13359920239282153,0.17347956131605186,0.17379512926505677,0.17347956131605186,0.17327229683197695,
0.13035204567078973,0.13891531874405327,0.14031392238310625,0.13891531874405327,0.13910480344880766,
0.13039117352056168,0.1675025075225677,0.16718592814120473,0.1675025075225677,0.1665628236469646,
0.16336633663366337,0.19207920792079208,0.19444942795837045,0.19207920792079208,0.19293533977732893,
0.12633624878522837,0.15743440233236153,0.16279631743961898,0.15743440233236153,0.1590705063042978,
0.12852969814995133,0.17818889970788704,0.1786566150909495,0.17818889970788704,0.17785752033565516,
0.1286549707602339,0.1627680311890838,0.16488032308857728,0.1627680311890838,0.16331833121735986,
0.13254203758654798,0.1681503461918892,0.17184758006532946,0.1681503461918892,0.16893825007195018,
0.11392405063291139,0.14216163583252192,0.14195608535621954,0.14216163583252192,0.14180080289481253,
0.1218568665377176,0.16827852998065765,0.1694893756246632,0.16827852998065765,0.16820179046541953,
0.13773035887487875,0.1629485935984481,0.16230638318869514,0.1629485935984481,0.1620677582316876,
0.13418217433888344,0.1890303623898139,0.191890821691128,0.1890303623898139,0.18986755363942304,
0.12649402390438247,0.18824701195219123,0.1902159409947154,0.18824701195219123,0.18887916526499238,
