Majority Class Accuracy,Accuracy,Precision,Recall,F Score,Support
0.48405797101449277,0.3719806763285024,0.3613092912845151,0.3719806763285024,0.3659648157856914,
0.4570877531340405,0.3413693346190935,0.3159024501125432,0.3413693346190935,0.3272726739763097,
0.49455984174085066,0.36795252225519287,0.35527954289192604,0.36795252225519287,0.3605292098603512,
0.48104956268221577,0.37900874635568516,0.35150573720827505,0.37900874635568516,0.36349568921021735,
0.4771622934888241,0.3760932944606414,0.35306046595814616,0.3760932944606414,0.36353412534336055,
0.4836795252225519,0.37388724035608306,0.36276024714415134,0.37388724035608306,0.3678031165335096,
0.4886475814412636,0.3800592300098717,0.35139923287234054,0.3800592300098717,0.36422003593439267,
0.47439613526570046,0.3719806763285024,0.3449617349951704,0.3719806763285024,0.3574287983926546,
0.47326732673267324,0.36237623762376237,0.3389209087292357,0.36237623762376237,0.3496478492733213,
0.45865384615384613,0.36538461538461536,0.33757913084174385,0.36538461538461536,0.34978002193761004,
0.4766536964980545,0.3735408560311284,0.3562754827416681,0.3735408560311284,0.36412500499823724,
0.4722222222222222,0.3649425287356322,0.3431097231642887,0.3649425287356322,0.35327046856137195,
0.45764362220058424,0.38266796494644595,0.3512586355624323,0.38266796494644595,0.36501211195062244,
0.4775828460038986,0.3810916179337232,0.3719391612322668,0.3810916179337232,0.3761303299616872,
0.4603024574669187,0.34026465028355385,0.3139331123389999,0.34026465028355385,0.32607149226076565,
0.4687199230028874,0.3763233878729548,0.34912872338366197,0.3763233878729548,0.35930400484077524,
0.47288296860133205,0.3615604186489058,0.3355360263638138,0.3615604186489058,0.3469523590542472,
0.49204771371769385,0.3856858846918489,0.3659492988425445,0.3856858846918489,0.3750211346127917,
0.501466275659824,0.38807429130009774,0.3765535932949056,0.38807429130009774,0.38208372479311614,
0.46865671641791046,0.3761194029850746,0.34856837214178865,0.3761194029850746,0.36069999488598514,
0.4780058651026393,0.36852394916911047,0.34400424590545103,0.36852394916911047,0.3544918533447793,
0.5086206896551724,0.39176245210727967,0.3892151827996706,0.39176245210727967,0.3903363309362732,
0.495,0.393,0.3624487343533926,0.393,0.37598916613334593,
0.4542743538767396,0.36182902584493043,0.3340703011119755,0.36182902584493043,0.3455222120797063,
0.4633911368015414,0.37764932562620424,0.3541084581823376,0.37764932562620424,0.3650468760390536,
0.4564796905222437,0.3346228239845261,0.3180472167800507,0.3346228239845261,0.32511038730757086,
0.4892367906066536,0.350293542074364,0.3460650259043637,0.350293542074364,0.34808050562162085,
0.48717948717948717,0.39447731755424065,0.37181814420729653,0.39447731755424065,0.3819322448801424,
0.4846449136276392,0.3886756238003839,0.3641913185378862,0.3886756238003839,0.37543461248675186,
0.4881889763779528,0.4183070866141732,0.3939766011124107,0.4183070866141732,0.4040513958075533,
