Majority Class Accuracy,Accuracy,Precision,Recall,F Score,Support
0.6931268151016456,0.579864472410455,0.5502990264401112,0.579864472410455,0.5641079568223826,
0.6979670861568248,0.5769603097773476,0.5561350273840372,0.5769603097773476,0.5662278836856287,
0.7048543689320388,0.5902912621359223,0.554884029892208,0.5902912621359223,0.5712573620553371,
0.7015968063872255,0.5718562874251497,0.5450095527631579,0.5718562874251497,0.5570498444200956,
0.7116682738669238,0.579556412729026,0.5663627873785982,0.579556412729026,0.5726755681933376,
0.6812865497076024,0.5828460038986355,0.5535318280487048,0.5828460038986355,0.5672812415332091,
0.6952191235059761,0.5926294820717132,0.5598458294680296,0.5926294820717132,0.5752020545561572,
0.696039603960396,0.5811881188118811,0.5344652081654769,0.5811881188118811,0.5563042935282099,
0.7155511811023622,0.5728346456692913,0.571824029950337,0.5728346456692913,0.5722791711991154,
0.6934523809523809,0.5714285714285714,0.5562063457570815,0.5714285714285714,0.5631992436127434,
0.711556829035339,0.5835721107927412,0.5680357727993328,0.5835721107927412,0.5754590035069979,
0.7018572825024438,0.5786901270772239,0.5553788365255357,0.5786901270772239,0.5665913918583996,
0.7085377821393523,0.5799803729146222,0.5662109603016844,0.5799803729146222,0.5726224702773403,
0.6788899900891973,0.5629335976214074,0.5324781270053447,0.5629335976214074,0.5465307007757915,
0.693719806763285,0.5584541062801932,0.5362533350271605,0.5584541062801932,0.5468382589288309,
0.6968810916179338,0.5721247563352827,0.5494492905323093,0.5721247563352827,0.5598621326775362,
0.6709741550695825,0.5427435387673957,0.519706177254549,0.5427435387673957,0.5308480324930226,
0.6870229007633588,0.5706106870229007,0.5322263040761321,0.5706106870229007,0.5503091177857635,
0.7057692307692308,0.5673076923076923,0.5509545380806613,0.5673076923076923,0.5589000150193528,
0.6933333333333334,0.5780952380952381,0.5572887584963946,0.5780952380952381,0.5673798700075495,
0.7127344521224087,0.6377097729516288,0.5983316277401397,0.6377097729516288,0.6143623451274912,
0.6934235976789168,0.5715667311411993,0.5437730244046733,0.5715667311411993,0.5562614693339791,
0.705242334322453,0.5736894164193868,0.5625074436887889,0.5736894164193868,0.5677394295634329,
0.7082514734774067,0.5825147347740668,0.5663388180574898,0.5825147347740668,0.5741468521965429,
0.7155425219941349,0.5884652981427175,0.5722820813227216,0.5884652981427175,0.5800703783282973,
0.6793372319688109,0.5662768031189084,0.5289626022281525,0.5662768031189084,0.5458239455760487,
0.6830708661417323,0.5492125984251969,0.5315741224695975,0.5492125984251969,0.540052996919622,
0.6910331384015594,0.6023391812865497,0.5530508185963655,0.6023391812865497,0.575021645731863,
0.6938976377952756,0.5688976377952756,0.5542446080216258,0.5688976377952756,0.5612786760470545,
0.7021072796934866,0.5756704980842912,0.5575536778135556,0.5756704980842912,0.5661774829024978,
