Majority Class Accuracy,Accuracy,Precision,Recall,F Score,Support
0.7278978388998035,0.6552062868369352,0.6133145722552995,0.6552062868369352,0.6324044442741548,
0.7004926108374384,0.6600985221674877,0.5794275037978865,0.6600985221674877,0.6121672213364577,
0.7019417475728156,0.6368932038834951,0.5554186910174278,0.6368932038834951,0.5901301730495148,
0.692156862745098,0.65,0.5701647720350587,0.65,0.6024377170975546,
0.7010710808179162,0.6445959104186952,0.5807796457433094,0.6445959104186952,0.6075763618901301,
0.7131630648330058,0.6522593320235757,0.5949265278379887,0.6522593320235757,0.6211075616204896,
0.6624636275460718,0.6294859359844811,0.538628451983966,0.6294859359844811,0.5708061717418907,
0.6917073170731707,0.6224390243902439,0.5582208323050181,0.6224390243902439,0.5865246183725547,
0.702,0.644,0.5714693062765455,0.644,0.6030575725966055,
0.7001934235976789,0.6499032882011605,0.5636482592075962,0.6499032882011605,0.5990159532833427,
0.6828793774319066,0.6371595330739299,0.5594795413350426,0.6371595330739299,0.5920089911126902,
0.69267364414843,0.6336822074215034,0.559977530389495,0.6336822074215034,0.5909796458024462,
0.688412852969815,0.6397273612463485,0.5404049722219358,0.6397273612463485,0.5777093625412779,
0.7048543689320388,0.6427184466019418,0.5826678289252978,0.6427184466019418,0.6080635864819695,
0.6984126984126984,0.6478174603174603,0.5692762730459938,0.6478174603174603,0.6024828788432445,
0.6997026759167493,0.6313181367690783,0.5689846463526194,0.6313181367690783,0.596793084878637,
0.6794117647058824,0.634313725490196,0.5442713260937021,0.634313725490196,0.5801755649721421,
0.6814595660749507,0.636094674556213,0.5645132524235977,0.636094674556213,0.5928985815048156,
0.7010816125860374,0.6450344149459194,0.5897511343676535,0.6450344149459194,0.6135276617173058,
0.6705998033431662,0.6135693215339233,0.541870711051165,0.6135693215339233,0.5719134679343929,
0.7152641878669276,0.6526418786692759,0.5870917039388394,0.6526418786692759,0.6140897496295163,
0.7043222003929273,0.6532416502946955,0.5805350090110388,0.6532416502946955,0.6115850622783048,
0.7360157016683022,0.6604514229636899,0.611729427084881,0.6604514229636899,0.6333534294463542,
0.7019607843137254,0.6470588235294118,0.5639527957692614,0.6470588235294118,0.5984364185749395,
0.6686103012633625,0.6015549076773566,0.5182294624184957,0.6015549076773566,0.5537996233993112,
0.7067961165048544,0.6495145631067961,0.5852598453326608,0.6495145631067961,0.6122683376150995,
0.7127344521224087,0.6307996051332675,0.5794066157930337,0.6307996051332675,0.600291791574217,
0.7027804410354745,0.6318312559923298,0.5716895076274808,0.6318312559923298,0.5963459843246504,
0.7063414634146341,0.6302439024390244,0.5735627511097382,0.6302439024390244,0.5986851608842675,
0.674373795761079,0.5953757225433526,0.5275782465365263,0.5953757225433526,0.5562867963756327,
