Majority Class Accuracy,Accuracy,Precision,Recall,F Score,Support
0.686595949855352,0.5207328833172613,0.4944545162675286,0.5207328833172613,0.5069975333340974,
0.7017374517374517,0.5038610038610039,0.5082665963944769,0.5038610038610039,0.5053827645400992,
0.687199230028874,0.519730510105871,0.49218928207842627,0.519730510105871,0.5052962157441755,
0.7002967359050445,0.5489614243323442,0.5229378225483834,0.5489614243323442,0.5354355098937643,
0.6943359375,0.5146484375,0.5018592383574958,0.5146484375,0.5080755845074438,
0.700862895493768,0.5445829338446788,0.5242993851267993,0.5445829338446788,0.5339770956329083,
0.7073643410852714,0.5368217054263565,0.5198220884476651,0.5368217054263565,0.5281077461155806,
0.7119140625,0.5400390625,0.5246453662802164,0.5400390625,0.5319708814279271,
0.6783284742468416,0.5374149659863946,0.49200431801484157,0.5374149659863946,0.5123594010041179,
0.7113702623906706,0.564625850340136,0.5412339459279746,0.564625850340136,0.5525143449321119,
0.6914175506268081,0.5197685631629702,0.500114531468241,0.5197685631629702,0.5096966987272862,
0.7106549364613881,0.5454545454545454,0.5245628807390366,0.5454545454545454,0.5346526780829286,
0.7239024390243902,0.5375609756097561,0.5409003697490741,0.5375609756097561,0.5390722695960996,
0.6879770992366412,0.5305343511450382,0.5046354385806735,0.5305343511450382,0.516941485168542,
0.703953712632594,0.5467695274831244,0.5217821512683062,0.5467695274831244,0.5336154063780353,
0.7006737247353224,0.5303176130895092,0.5065110361450822,0.5303176130895092,0.5180163514637385,
0.6789264413518886,0.5089463220675944,0.46147400826291696,0.5089463220675944,0.48378267444936424,
0.7135922330097088,0.5504854368932038,0.5429086346207438,0.5504854368932038,0.5465696630408752,
0.682570593962999,0.5160662122687439,0.4852818061281568,0.5160662122687439,0.49997216447249987,
0.6847720659553831,0.5237633365664404,0.4927633834904282,0.5237633365664404,0.5072539166509051,
0.6974459724950884,0.5314341846758349,0.5133835978444501,0.5314341846758349,0.5220499787681013,
0.693050193050193,0.5318532818532818,0.49658117117561007,0.5318532818532818,0.51325008646892,
0.6856023506366308,0.5670910871694417,0.525621312258349,0.5670910871694417,0.5446302003456281,
0.710172744721689,0.5566218809980806,0.5323727142078423,0.5566218809980806,0.5436853504705766,
0.6964112512124151,0.5577109602327837,0.5262715382354944,0.5577109602327837,0.540998386189452,
0.7118155619596542,0.5734870317002881,0.5448851612474415,0.5734870317002881,0.5584299675378119,
0.7141463414634146,0.5395121951219513,0.5265979477337837,0.5395121951219513,0.53282380360753,
0.6905916585838991,0.5363724539282251,0.503259321734699,0.5363724539282251,0.5186876833813371,
0.7173699705593719,0.5583905789990187,0.5497148422067935,0.5583905789990187,0.5538320280363404,
0.7028347996089932,0.541544477028348,0.5276571026461078,0.541544477028348,0.5343479090718345,
