Majority Class Accuracy,Accuracy,Precision,Recall,F Score,Support
0.11872586872586872,0.12258687258687259,0.11771693803760211,0.12258687258687259,0.11367257517326455,
0.12379110251450677,0.12572533849129594,0.11911377437368675,0.12572533849129594,0.11745537577267232,
0.12536728697355534,0.12340842311459353,0.12786495689397637,0.12340842311459353,0.12219498115059663,
0.09395973154362416,0.13806327900287632,0.1332964390185343,0.13806327900287632,0.1304706436500123,
0.13416988416988418,0.11872586872586872,0.12043814242471847,0.11872586872586872,0.11558585508656433,
0.12810327706057598,0.13306852035749753,0.12637880413342586,0.13306852035749753,0.12527240397585912,
0.1286549707602339,0.1111111111111111,0.1086332282382324,0.1111111111111111,0.10691084783802858,
0.11588411588411589,0.13886113886113885,0.14259855372116412,0.13886113886113885,0.1354598086763082,
0.12487992315081652,0.1344860710854947,0.1391554528751881,0.1344860710854947,0.1326891848681,
0.13218390804597702,0.1388888888888889,0.13345587820278343,0.1388888888888889,0.13081878823056725,
0.11024390243902439,0.12097560975609756,0.12206324420611683,0.12097560975609756,0.11734837974499635,
0.14231136580706782,0.1251193887297039,0.12460095769023233,0.1251193887297039,0.12193248414809264,
0.12571428571428572,0.10952380952380952,0.11699716377206315,0.10952380952380952,0.10936434376158038,
0.12536443148688048,0.10689990281827016,0.10661511915159161,0.10689990281827016,0.10345062906401441,
0.12535885167464114,0.13014354066985645,0.13464262889524348,0.13014354066985645,0.12587829657382002,
0.1357421875,0.1357421875,0.13167637276287927,0.1357421875,0.12974522034020303,
0.10474308300395258,0.13142292490118576,0.13230480671912023,0.13142292490118576,0.12458428795233331,
0.13034825870646766,0.11343283582089553,0.11659085124562099,0.11343283582089553,0.11071899809905697,
0.11782477341389729,0.12084592145015106,0.11215368878962373,0.12084592145015106,0.1114961804012144,
0.1267056530214425,0.1189083820662768,0.12565620106147352,0.1189083820662768,0.11528525463804666,
0.107421875,0.1298828125,0.12805423962315624,0.1298828125,0.12650864450196275,
0.12275731822474033,0.13408876298394712,0.13593716548520435,0.13408876298394712,0.12965683493813354,
0.11348205625606207,0.12609117361784675,0.13136726533738574,0.12609117361784675,0.12506151711317107,
0.12549407114624506,0.1373517786561265,0.13572755581010648,0.1373517786561265,0.13314097132346994,
0.13579049466537343,0.1454898157129001,0.14150388494905597,0.1454898157129001,0.1382416686537856,
0.1182170542635659,0.1375968992248062,0.1369019939393786,0.1375968992248062,0.13314144998903207,
0.125,0.146,0.14557983186019674,0.146,0.1432537646371042,
0.10324483775811209,0.13077679449360866,0.13577466513441067,0.13077679449360866,0.12868917091211177,
0.13261296660117877,0.14047151277013753,0.14221885198301384,0.14047151277013753,0.13571552892117036,
0.1235632183908046,0.12452107279693486,0.12041026339845472,0.12452107279693486,0.11675775717206092,
