Majority Class Accuracy,Accuracy,Precision,Recall,F Score,Support
0.48616600790513836,0.3567193675889328,0.29790960403076683,0.3567193675889328,0.32019354809336725,
0.4727626459143969,0.35019455252918286,0.29723165098890425,0.35019455252918286,0.3168474451190765,
0.4896755162241888,0.39233038348082594,0.3468151722820518,0.39233038348082594,0.36192563754027407,
0.4680232558139535,0.3556201550387597,0.2923063920077636,0.3556201550387597,0.31710189125234284,
0.47783251231527096,0.3330049261083744,0.28209587417909976,0.3330049261083744,0.3012356612677898,
0.5106796116504855,0.3844660194174757,0.3420644393314994,0.3844660194174757,0.3576151856405108,
0.47184466019417476,0.3524271844660194,0.29843997266397465,0.3524271844660194,0.31908671454737686,
0.47127555988315484,0.33787731256085685,0.28366854797549196,0.33787731256085685,0.30367695128179045,
0.49652432969215493,0.3833167825223436,0.3401765229541883,0.3833167825223436,0.3549968829367557,
0.47053140096618357,0.36038647342995167,0.30125676752449554,0.36038647342995167,0.3231957089626758,
0.4583333333333333,0.35511363636363635,0.2859368554183907,0.35511363636363635,0.3090173468542626,
0.464816650148662,0.3597621407333994,0.3043332591941606,0.3597621407333994,0.32364731588034307,
0.45515911282545807,0.351976856316297,0.286890662145444,0.351976856316297,0.3100070440398019,
0.44031311154598823,0.3424657534246575,0.2729886351511848,0.3424657534246575,0.2956887447159661,
0.4459591041869523,0.3359298928919182,0.26900737032550415,0.3359298928919182,0.2919667145410781,
0.4764243614931238,0.3703339882121807,0.3116803478346034,0.3703339882121807,0.3330390243961946,
0.4343240651965484,0.3461169702780441,0.2748753027041939,0.3461169702780441,0.2962839276491432,
0.458252427184466,0.3766990291262136,0.3167322579782769,0.3766990291262136,0.3363394858680374,
0.46936758893280633,0.37450592885375494,0.3104613323634248,0.37450592885375494,0.33135862837910324,
0.45472061657032753,0.35741811175337185,0.29683881728745004,0.35741811175337185,0.3159512139111819,
0.4716073147256978,0.3474494706448508,0.28843358245126194,0.3474494706448508,0.310278386750435,
0.4494602551521099,0.34445534838076547,0.2877100116108948,0.34445534838076547,0.308185296592619,
0.4888673765730881,0.34462729912875123,0.2963976720860671,0.34462729912875123,0.3157043735107707,
0.4961612284069098,0.362763915547025,0.3099117002354558,0.362763915547025,0.3283966227416778,
0.48158914728682173,0.36143410852713176,0.30864141370028164,0.36143410852713176,0.3264403613272719,
0.4663507109004739,0.34881516587677724,0.29196592286241313,0.34881516587677724,0.3110073543438166,
0.4851190476190476,0.35912698412698413,0.2877577875804898,0.35912698412698413,0.314551309588199,
0.451171875,0.33203125,0.26541367989259823,0.33203125,0.2895368828654252,
0.4734811957569913,0.33365477338476374,0.2865051318670518,0.33365477338476374,0.3054199127932318,
0.47766990291262135,0.37281553398058254,0.3105451097541332,0.37281553398058254,0.33359046989288677,
