Majority Class Accuracy,Accuracy,Precision,Recall,F Score,Support
0.12391093901258471,0.1287512100677638,0.12814558593444542,0.1287512100677638,0.12752826821505092,
0.1282051282051282,0.12130177514792899,0.11953870009977038,0.12130177514792899,0.11907266703203773,
0.13212927756653992,0.11977186311787072,0.1208856649823793,0.11977186311787072,0.1196075700882435,
0.10770750988142293,0.1067193675889328,0.1053913962582089,0.1067193675889328,0.10525808359630848,
0.11741293532338308,0.13034825870646766,0.13293252379860493,0.13034825870646766,0.13054755279205144,
0.10969637610186092,0.13712047012732614,0.13522277992104584,0.13712047012732614,0.13456769180271477,
0.13712047012732614,0.11851126346718903,0.11748143887838608,0.11851126346718903,0.11680357684370112,
0.11678115799803729,0.11579980372914622,0.12046201079733374,0.11579980372914622,0.11670473928602783,
0.13056379821958458,0.11177052423343224,0.11370018190596722,0.11177052423343224,0.11160021360897718,
0.13293051359516617,0.11379657603222558,0.1146310550399887,0.11379657603222558,0.1137947537803437,
0.12671905697445973,0.15717092337917485,0.1545987090440985,0.15717092337917485,0.15457997658413097,
0.14811229428848016,0.13262342691190707,0.13748139498468465,0.13262342691190707,0.13213516000397907,
0.126953125,0.12109375,0.11725251556387628,0.12109375,0.11796037245290694,
0.11764705882352941,0.12156862745098039,0.12313017746291634,0.12156862745098039,0.12147855405918734,
0.12452107279693486,0.12931034482758622,0.12992900162012344,0.12931034482758622,0.12795593099172411,
0.13712047012732614,0.12928501469147893,0.1282909674220841,0.12928501469147893,0.12793536876957756,
0.12173913043478261,0.13719806763285025,0.13773745953520972,0.13719806763285025,0.13645720398760858,
0.13203883495145632,0.13203883495145632,0.13531910756122736,0.13203883495145632,0.1321951753779056,
0.12903225806451613,0.1241446725317693,0.12572202039801025,0.1241446725317693,0.12431771374836156,
0.12810327706057598,0.12611717974180736,0.12343512491795103,0.12611717974180736,0.12275982041408998,
0.1053639846743295,0.12547892720306514,0.12519399871241477,0.12547892720306514,0.12389324367546194,
0.1465603190428714,0.14456630109670987,0.14555402241445586,0.14456630109670987,0.1437911874315862,
0.12475633528265107,0.11500974658869395,0.11264214809524556,0.11500974658869395,0.11306738013202365,
0.13261296660117877,0.13261296660117877,0.1336802517150028,0.13261296660117877,0.13175536455102047,
0.13261296660117877,0.11886051080550099,0.12051784820398516,0.11886051080550099,0.1178004705322408,
0.12585365853658537,0.13853658536585367,0.14356090714429925,0.13853658536585367,0.13934305057604235,
0.12376237623762376,0.13366336633663367,0.13393231804898445,0.13366336633663367,0.1331031139637542,
0.125,0.12007874015748031,0.11790945934631293,0.12007874015748031,0.118311123358095,
0.12413793103448276,0.12807881773399016,0.12521059159553077,0.12807881773399016,0.12555369266940514,
0.15362035225048923,0.11741682974559686,0.11710606850841816,0.11741682974559686,0.11606096050296137,
