Majority Class Accuracy,Accuracy,Precision,Recall,F Score,Support
0.7074626865671642,0.6228855721393035,0.5209517886756693,0.6228855721393035,0.566014777862708,
0.6637764932562621,0.581888246628131,0.46233949773423455,0.581888246628131,0.5101040564424859,
0.7008973080757727,0.6141575274177468,0.5030933865071452,0.6141575274177468,0.55068283870915,
0.6912955465587044,0.6143724696356275,0.5139122638781278,0.6143724696356275,0.5541726820540899,
0.6703187250996016,0.5876494023904383,0.46672443080666837,0.5876494023904383,0.5150788136234457,
0.6886699507389162,0.6118226600985222,0.4996391862575185,0.6118226600985222,0.5452550624793439,
0.7035271687321258,0.6177311725452812,0.5181147505151824,0.6177311725452812,0.5604692288288501,
0.6972386587771203,0.6301775147928994,0.5174882355681871,0.6301775147928994,0.5638257379148067,
0.6862367661212705,0.5861405197305101,0.4821558162157154,0.5861405197305101,0.5277187792840066,
0.6734496124031008,0.6114341085271318,0.5096063529424766,0.6114341085271318,0.5371541552288388,
0.6810431293881645,0.6108324974924775,0.4813763323869915,0.6108324974924775,0.5351436906583208,
0.718296224588577,0.6553727008712488,0.5383831365936461,0.6553727008712488,0.5872579673329291,
0.7174975562072337,0.64613880742913,0.5318942868323792,0.64613880742913,0.5802345101704246,
0.6950980392156862,0.6284313725490196,0.521817963526837,0.6284313725490196,0.5658258464128679,
0.6953125,0.623046875,0.5054509633892489,0.623046875,0.5554164388375851,
0.7020447906523856,0.6455696202531646,0.5223809566874973,0.6455696202531646,0.5702542555483733,
0.7220602526724975,0.6287657920310982,0.5323391439458645,0.6287657920310982,0.5744933126884073,
0.6942551119766309,0.629016553067186,0.5165195401806891,0.629016553067186,0.5604008622198209,
0.6917874396135266,0.6164251207729469,0.5146907126926309,0.6164251207729469,0.5540695374999339,
0.6905916585838991,0.6304558680892337,0.513348517958617,0.6304558680892337,0.5593057146605798,
0.6822966507177034,0.6086124401913876,0.4993472917778063,0.6086124401913876,0.5456030677618545,
0.6991150442477876,0.6066863323500492,0.5182948715281555,0.6066863323500492,0.5548817367205542,
0.6879227053140097,0.6154589371980677,0.5010068587577846,0.6154589371980677,0.5471128021063024,
0.6842601319509897,0.6079170593779454,0.48843757393208603,0.6079170593779454,0.5377585370926353,
0.7047898338220919,0.635386119257087,0.5168922889112768,0.635386119257087,0.5661104305260006,
0.6821322803553801,0.6011846001974334,0.48593999767233975,0.6011846001974334,0.5346721480774762,
0.6973434535104365,0.6242884250474383,0.508501962509834,0.6242884250474383,0.5584454494870954,
0.714148219441771,0.6400384985563041,0.5437261109287534,0.6400384985563041,0.5812387066536582,
0.6856023506366308,0.6033300685602351,0.49282940245278417,0.6033300685602351,0.539795765539431,
0.6926782273603083,0.6194605009633911,0.5189745186034121,0.6194605009633911,0.5576714594650303,
