Majority Class Accuracy,Accuracy,Precision,Recall,F Score,Support
0.12574257425742574,0.13465346534653466,0.137299920526406,0.13465346534653466,0.13355896706143622,
0.12173913043478261,0.12753623188405797,0.12597444147394807,0.12753623188405797,0.1251080068017868,
0.1382667964946446,0.11587147030185005,0.11260188470019906,0.11587147030185005,0.11322912741116319,
0.14118792599805258,0.12074001947419669,0.12088148861507314,0.12074001947419669,0.11976233633689644,
0.10926829268292683,0.13951219512195123,0.14171682582583287,0.13951219512195123,0.13886665758703817,
0.15758176412289396,0.1337958374628345,0.13846066915161495,0.1337958374628345,0.1350858291227522,
0.11350293542074363,0.14285714285714285,0.13973911784574616,0.14285714285714285,0.14037475628404028,
0.12487309644670051,0.1350253807106599,0.1364614427906522,0.1350253807106599,0.13467996264467005,
0.12818003913894324,0.12426614481409001,0.12232889715868574,0.12426614481409001,0.12210651725362666,
0.11188118811881188,0.1405940594059406,0.13926205302147773,0.1405940594059406,0.13658354563426678,
0.12632594021215043,0.12921890067502412,0.13415674532503669,0.12921890067502412,0.13036941426878584,
0.13550939663699307,0.10979228486646884,0.11074285898605497,0.10979228486646884,0.10961451061563923,
0.12524461839530332,0.13111545988258316,0.13105592544583192,0.13111545988258316,0.13015906738900063,
0.11736641221374046,0.15839694656488548,0.15596564979841315,0.15839694656488548,0.1552100390565361,
0.11318897637795275,0.12893700787401574,0.1267952274379724,0.12893700787401574,0.12735909737729584,
0.12416427889207259,0.16141356255969436,0.1651947445609448,0.16141356255969436,0.16033193554574496,
0.11549851924975321,0.13228035538005922,0.1327431748040329,0.13228035538005922,0.13149919532869614,
0.13565891472868216,0.14147286821705427,0.13973090962688858,0.14147286821705427,0.13869383162537569,
0.11971830985915492,0.1358148893360161,0.1385766063697521,0.1358148893360161,0.13523445140461912,
0.13697318007662834,0.15708812260536398,0.1582035221142,0.15708812260536398,0.15705955279971826,
0.14188532555879493,0.14965986394557823,0.14832035923289552,0.14965986394557823,0.14839198284333285,
0.12109375,0.1201171875,0.12134334903720023,0.1201171875,0.1194637137599927,
0.13022351797862003,0.10495626822157435,0.10439913504186951,0.10495626822157435,0.10423106318581561,
0.13524185587364265,0.11846001974333663,0.11802132365550227,0.11846001974333663,0.11596606414965938,
0.12424849699398798,0.1312625250501002,0.12971830793967584,0.1312625250501002,0.12953206425386243,
0.1218809980806142,0.13051823416506717,0.12847638277916032,0.13051823416506717,0.12862328051513552,
0.1218809980806142,0.13051823416506717,0.13103514328425325,0.13051823416506717,0.13015461493892902,
0.11068702290076336,0.13263358778625955,0.13280998950843212,0.13263358778625955,0.13079955792828438,
0.11932938856015779,0.1341222879684418,0.13478301347682936,0.1341222879684418,0.13259399122130308,
0.11549851924975321,0.13820335636722605,0.1362098192087735,0.13820335636722605,0.13568866598145005,
