Majority Class Accuracy,Accuracy,Precision,Recall,F Score,Support
0.4673807205452775,0.33008763388510226,0.3059887143411493,0.33008763388510226,0.3158288036146113,
0.48855721393034823,0.3243781094527363,0.3131020971915287,0.3243781094527363,0.31819252553733135,
0.486328125,0.345703125,0.316034467528939,0.345703125,0.32899753732703163,
0.4458413926499033,0.28916827852998067,0.2676846828662841,0.28916827852998067,0.2766561692594313,
0.4598039215686274,0.33431372549019606,0.3059264851017676,0.33431372549019606,0.31720433014837074,
0.4505928853754941,0.325098814229249,0.2991997956393283,0.325098814229249,0.3091548358777095,
0.4847890088321884,0.338567222767419,0.2989607065765674,0.338567222767419,0.31622964280192456,
0.475,0.3076923076923077,0.27577040801776287,0.3076923076923077,0.2886881304108172,
0.4707631318136769,0.3280475718533201,0.2800043255595397,0.3280475718533201,0.2982540255495763,
0.4712195121951219,0.32195121951219513,0.297799692981914,0.32195121951219513,0.30826466919528994,
0.46844181459566075,0.3234714003944773,0.28980043187697146,0.3234714003944773,0.304245540095996,
0.4471624266144814,0.312133072407045,0.27476196185704704,0.312133072407045,0.2891600138895371,
0.4830261881668283,0.33074684772065954,0.3171401990581042,0.33074684772065954,0.32315716313986875,
0.46844181459566075,0.3155818540433925,0.287335616804638,0.3155818540433925,0.29752633164135245,
0.46477495107632094,0.30528375733855184,0.2767763444486905,0.30528375733855184,0.28857674706958103,
0.48349514563106794,0.3407766990291262,0.3131514890708136,0.3407766990291262,0.3249848163241743,
0.4855212355212355,0.3359073359073359,0.29852607154843996,0.3359073359073359,0.3147263607780251,
0.47557328015952144,0.32103688933200397,0.28733649436650405,0.32103688933200397,0.301573851142583,
0.4530168150346192,0.3323442136498516,0.28921121784116727,0.3323442136498516,0.3054124461044836,
0.458128078817734,0.33497536945812806,0.2957511775316947,0.33497536945812806,0.310952899715142,
0.442156862745098,0.30392156862745096,0.2705872776944814,0.30392156862745096,0.28282698396665135,
0.47041420118343197,0.3224852071005917,0.2851047636078298,0.3224852071005917,0.3008136059579291,
0.4604878048780488,0.3297560975609756,0.3197514810767489,0.3297560975609756,0.32161245275791306,
0.45634920634920634,0.314484126984127,0.2751684043000625,0.314484126984127,0.2922956766273771,
0.48616600790513836,0.34288537549407117,0.3176924875942681,0.34288537549407117,0.3281105484321869,
0.46511627906976744,0.29069767441860467,0.26438078137405013,0.29069767441860467,0.2758139136680491,
0.4564796905222437,0.3307543520309478,0.29039582809624864,0.3307543520309478,0.30669129301859976,
0.45142296368989204,0.31108930323846906,0.27423461756412965,0.31108930323846906,0.2886715917526389,
0.46564885496183206,0.3301526717557252,0.2928207446223856,0.3301526717557252,0.30805661500600456,
0.48148148148148145,0.3304093567251462,0.30751225571240265,0.3304093567251462,0.31731415031058907,
