Majority Class Accuracy,Accuracy,Precision,Recall,F Score,Support
0.7160493827160493,0.6685660018993352,0.531826266305075,0.6685660018993352,0.5878337516130762,
0.714859437751004,0.6586345381526104,0.538326961003461,0.6586345381526104,0.5860991107379107,
0.7161531279178338,0.6638655462184874,0.52239551361461,0.6638655462184874,0.5819176312788474,
0.6633266533066132,0.6282565130260521,0.47852211993372784,0.6282565130260521,0.5298863940893437,
0.6866404715127702,0.6473477406679764,0.49782945267170386,0.6473477406679764,0.553079780731909,
0.7001934235976789,0.6470019342359767,0.5016049576150149,0.6470019342359767,0.5605098201419491,
0.7041306436119116,0.6445725264169068,0.5144059040245623,0.6445725264169068,0.566976344198524,
0.6978346456692913,0.6535433070866141,0.5109680378572171,0.6535433070866141,0.565834282660868,
0.6853490658800393,0.6440511307767945,0.5161286167038379,0.6440511307767945,0.5620859950373245,
0.7000973709834469,0.6592015579357352,0.5356563003423868,0.6592015579357352,0.5798104176938685,
0.7009615384615384,0.6586538461538461,0.5132673595754091,0.6586538461538461,0.5697529437025433,
0.7014925373134329,0.6457711442786069,0.5036405447072461,0.6457711442786069,0.5636397410225027,
0.6735294117647059,0.6166666666666667,0.4720152505446623,0.6166666666666667,0.525918930670045,
0.7103984450923226,0.6608357628765792,0.529769289447886,0.6608357628765792,0.5828924294546651,
0.7029411764705882,0.6588235294117647,0.5184322335388741,0.6588235294117647,0.5706470236553611,
0.6912487708947886,0.6460176991150443,0.5003973230482861,0.6460176991150443,0.5587789955704091,
0.7094861660079052,0.66600790513834,0.5431273614513908,0.66600790513834,0.5888824585208756,
0.6917740336967294,0.6481665014866204,0.5102503490811714,0.6481665014866204,0.560778056248173,
0.7056530214424951,0.6617933723196882,0.5328822312984106,0.6617933723196882,0.5803716624197575,
0.6805825242718446,0.6349514563106796,0.48657293712109273,0.6349514563106796,0.5445839548327422,
0.712632594021215,0.6644165863066538,0.5366012151805754,0.6644165863066538,0.5877101981759805,
0.711595639246779,0.6699702675916749,0.5397039249688712,0.6699702675916749,0.5889223151906343,
0.6929212362911267,0.6530408773678963,0.5117157660332764,0.6530408773678963,0.5645225698011097,
0.6873156342182891,0.6224188790560472,0.4899453218407479,0.6224188790560472,0.5439459247920274,
0.7070124879923151,0.654178674351585,0.5221058498359452,0.654178674351585,0.5740689674569559,
0.6914175506268081,0.6624879459980714,0.5109053457448554,0.6624879459980714,0.5660868960671456,
0.7123287671232876,0.6673189823874756,0.5349654648870936,0.6673189823874756,0.5863127413579928,
0.693579766536965,0.6361867704280155,0.5134502206763282,0.6361867704280155,0.561840633897267,
0.686595949855352,0.6200578592092575,0.49296418870868347,0.6200578592092575,0.5440874351192578,
0.6821782178217822,0.6396039603960396,0.4935259013351994,0.6396039603960396,0.5517531205371072,
