Majority Class Accuracy,Accuracy,Precision,Recall,F Score,Support
0.4525691699604743,0.36363636363636365,0.2681330072102988,0.36363636363636365,0.30111844704952434,
0.45935727788279773,0.3667296786389414,0.27407018203023786,0.3667296786389414,0.30416561807098413,
0.4713313896987366,0.3945578231292517,0.3127396634549163,0.3945578231292517,0.3337591605465933,
0.5044334975369458,0.41083743842364534,0.3168224315718877,0.41083743842364534,0.3523895931327335,
0.4883268482490272,0.377431906614786,0.29430906201544166,0.377431906614786,0.3272415193327236,
0.4666001994017946,0.386839481555334,0.31323323538084186,0.386839481555334,0.337042871859256,
0.46449704142011833,0.3895463510848126,0.3033403252385882,0.3895463510848126,0.3307291213653784,
0.4723320158102767,0.4031620553359684,0.31319585865332367,0.4031620553359684,0.34081483923246475,
0.4721153846153846,0.36153846153846153,0.2738662284650596,0.36153846153846153,0.30578540381264785,
0.45542635658914726,0.3691860465116279,0.28547397025853005,0.3691860465116279,0.3081473378790275,
0.4548133595284872,0.36738703339882123,0.2683126947689273,0.36738703339882123,0.301530331320905,
0.45290199809705045,0.3434823977164605,0.2597737340279457,0.3434823977164605,0.288864844202928,
0.46646942800788954,0.3816568047337278,0.2989439531934346,0.3816568047337278,0.32151785556059675,
0.4563691073219659,0.37512537612838515,0.285770642274637,0.37512537612838515,0.31136124004093485,
0.4675834970530452,0.36345776031434185,0.26987431363659264,0.36345776031434185,0.30137366583722663,
0.45284872298624756,0.3899803536345776,0.3032519254032004,0.3899803536345776,0.3194585511733982,
0.45472249269717624,0.3933787731256086,0.30537046634059206,0.3933787731256086,0.33090403102399746,
0.4797297297297297,0.37258687258687256,0.3007251980899692,0.37258687258687256,0.3218976862764947,
0.51252408477842,0.41329479768786126,0.32657677394427864,0.41329479768786126,0.35864599688590987,
0.47555129434324067,0.3720038350910834,0.2691483009830364,0.3720038350910834,0.3064490824510538,
0.4714566929133858,0.3887795275590551,0.29720712016953,0.3887795275590551,0.3294800976114458,
0.4807881773399015,0.39408866995073893,0.3119117268629985,0.39408866995073893,0.3361978646607268,
0.47791952894995093,0.4013738959764475,0.31626112731209044,0.4013738959764475,0.3417927235506341,
0.46778989098116946,0.39345887016848363,0.3128047304355269,0.39345887016848363,0.32910618724073276,
0.47053140096618357,0.4048309178743961,0.30025833634866284,0.4048309178743961,0.33356396744593503,
0.47109826589595377,0.38246628131021193,0.29168151511483753,0.38246628131021193,0.3243775733305145,
0.4793070259865255,0.38402309913378246,0.28654110073143085,0.38402309913378246,0.32080553570680026,
0.4690873405299313,0.3856722276741904,0.2931063386736139,0.3856722276741904,0.32248298359118627,
0.4632713026444662,0.39764936336924583,0.3026269030368175,0.39764936336924583,0.3278368727308424,
0.44976076555023925,0.3751196172248804,0.28989677802530583,0.3751196172248804,0.3102200313365109,
