Majority Class Accuracy,Accuracy,Precision,Recall,F Score,Support
0.8086538461538462,0.7548076923076923,0.7102367818962647,0.7548076923076923,0.7282697236663243,
0.8195413758723828,0.7587238285144566,0.7279708711208623,0.7587238285144566,0.7414095421962281,
0.8078817733990148,0.7546798029556651,0.713175913440188,0.7546798029556651,0.7300054081496665,
0.8035714285714286,0.7400793650793651,0.6941228881573579,0.7400793650793651,0.713293798532071,
0.8126829268292682,0.7609756097560976,0.715298890659673,0.7609756097560976,0.7336919532983274,
0.7996146435452793,0.7408477842003853,0.7101539823807922,0.7408477842003853,0.7231753553523371,
0.825615763546798,0.787192118226601,0.7360872179795165,0.787192118226601,0.7553657589951971,
0.8134110787172012,0.7434402332361516,0.712876003026846,0.7434402332361516,0.7264577259475219,
0.7904483430799221,0.7485380116959064,0.6970077105830385,0.7485380116959064,0.7151164627102736,
0.7927927927927928,0.7347347347347347,0.6902841366712336,0.7347347347347347,0.7080801852204067,
0.7924710424710425,0.7451737451737451,0.6886369260160882,0.7451737451737451,0.7093751652826994,
0.7980392156862746,0.7431372549019608,0.6976078431372549,0.7431372549019608,0.7157006339341974,
0.7942913385826772,0.7293307086614174,0.6901780074950523,0.7293307086614174,0.70655089388407,
0.7904483430799221,0.7436647173489279,0.6920576118146082,0.7436647173489279,0.7109467785198196,
0.7890699904122723,0.7468839884947267,0.7025606795066855,0.7468839884947267,0.7185399692638742,
0.8043264503441495,0.7384464110127827,0.6991789072464109,0.7384464110127827,0.7159027173118321,
0.803639846743295,0.7432950191570882,0.7028047885660254,0.7432950191570882,0.7196505166576114,
0.7866531850353893,0.7411526794742164,0.6892747031356599,0.7411526794742164,0.7078610188551754,
0.811623246492986,0.7645290581162325,0.7177378024476571,0.7645290581162325,0.7360084823838403,
0.802504816955684,0.7418111753371869,0.6915238733941854,0.7418111753371869,0.7121198280818641,
0.8163869693978283,0.7838104639684107,0.7397075092184975,0.7838104639684107,0.75533546522336,
0.8070175438596491,0.7758284600389863,0.7353558568911361,0.7758284600389863,0.7494596583201122,
0.825147347740668,0.7583497053045186,0.724784815936101,0.7583497053045186,0.7396932631979213,
0.813047711781889,0.762414800389484,0.7205113741960663,0.762414800389484,0.7374351477225776,
0.8,0.7529411764705882,0.7056010069225929,0.7529411764705882,0.7235689741255249,
0.8038834951456311,0.7524271844660194,0.7129123853457062,0.7524271844660194,0.7287787339388893,
0.7974683544303798,0.7341772151898734,0.6829817158931083,0.7341772151898734,0.7039573617588274,
0.7895256916996047,0.7430830039525692,0.6860574618035885,0.7430830039525692,0.7066395264650361,
0.7934458788480635,0.7318768619662364,0.6900451684276201,0.7318768619662364,0.7071787190419769,
0.8090551181102362,0.7372047244094488,0.7058607040152811,0.7372047244094488,0.7197560140259182,
