Majority Class Accuracy,Accuracy,Precision,Recall,F Score,Support
0.7948969578017664,0.7556427870461236,0.7491203221270095,0.7556427870461236,0.7522161008809044,
0.8080614203454894,0.746641074856046,0.7561811142796614,0.746641074856046,0.7511508405222417,
0.8052580331061344,0.7692307692307693,0.7510177487353384,0.7692307692307693,0.7588441533569347,
0.8127490039840638,0.7788844621513944,0.761432148066594,0.7788844621513944,0.768970576257137,
0.81648675171737,0.7644749754661433,0.7741423227355433,0.7644749754661433,0.7690201339978184,
0.8092933204259438,0.7541142303969022,0.7483382641075019,0.7541142303969022,0.7511282278099748,
0.7978620019436345,0.7560738581146744,0.7459285124871738,0.7560738581146744,0.750620845401964,
0.8102466793168881,0.7609108159392789,0.7663771198638383,0.7609108159392789,0.7635468628829783,
0.7861271676300579,0.74373795761079,0.7386872349677075,0.74373795761079,0.7411140255060342,
0.8134765625,0.76953125,0.7657977701458062,0.76953125,0.7676170454944767,
0.7924528301886793,0.7219463753723933,0.7199757164842151,0.7219463753723933,0.7209506881779235,
0.8081002892960463,0.7579556412729026,0.7565622689691069,0.7579556412729026,0.7572527252289819,
0.7903381642512077,0.7314009661835749,0.7193532676272882,0.7314009661835749,0.7249436187736574,
0.8073572120038722,0.7657308809293321,0.7648340676834783,0.7657308809293321,0.7652795731544333,
0.8254580520732884,0.7569913211186113,0.7548631523145647,0.7569913211186113,0.7559169576322623,
0.7974806201550387,0.7664728682170543,0.752695292689995,0.7664728682170543,0.7587594986468901,
0.8099415204678363,0.7553606237816765,0.7539174800510469,0.7553606237816765,0.7546328049796022,
0.8146679881070367,0.7680872150644202,0.7690443512580862,0.7680872150644202,0.7685627663927957,
0.8209099709583737,0.7734753146176185,0.7696258436483321,0.7734753146176185,0.7715040275077751,
0.7954759660697456,0.76248821866164,0.7608625212886456,0.76248821866164,0.7616642594883787,
0.8034849951597289,0.7734753146176185,0.7658919846987209,0.7734753146176185,0.7694358475340609,
0.8095703125,0.7470703125,0.7465739043480624,0.7470703125,0.7468214396361438,
0.8126195028680688,0.765774378585086,0.7653144309890507,0.765774378585086,0.7655437067190907,
0.8160919540229885,0.7413793103448276,0.7455156071253471,0.7413793103448276,0.7434083425172282,
0.8209817131857555,0.7507218479307026,0.7553914119306928,0.7507218479307026,0.7530050576346489,
0.8247126436781609,0.7787356321839081,0.7839437694736623,0.7787356321839081,0.7812523738580289,
0.8121272365805169,0.7544731610337972,0.7529717446696688,0.7544731610337972,0.753716032455238,
0.8088235294117647,0.7382352941176471,0.7335757579894339,0.7382352941176471,0.7358536158408344,
0.8065134099616859,0.7586206896551724,0.75036391687877,0.7586206896551724,0.7542690634797431,
0.8107036669970268,0.7770069375619425,0.776559464275285,0.7770069375619425,0.7767824060294658,
