Majority Class Accuracy,Accuracy,Precision,Recall,F Score,Support
0.8184584178498986,0.7849898580121704,0.7649333583689488,0.7849898580121704,0.7734277872232908,
0.8072866730584851,0.7871524448705657,0.767964315656132,0.7871524448705657,0.7756714909046064,
0.8134254689042448,0.7857847976307996,0.7695456196410415,0.7857847976307996,0.7765150694065894,
0.8048076923076923,0.7855769230769231,0.7621993999923689,0.7855769230769231,0.7709978896236589,
0.8013698630136986,0.7984344422700587,0.7688566233332751,0.7984344422700587,0.7763765176556591,
0.8021760633036598,0.7744807121661721,0.7450417933499935,0.7744807121661721,0.7559224378418984,
0.7910592808551993,0.7570456754130224,0.729861003693797,0.7570456754130224,0.7403986480956648,
0.8131760078662733,0.7708947885939036,0.7408370760140671,0.7708947885939036,0.7530642107289488,
0.8082191780821918,0.7974559686888454,0.7772015569949087,0.7974559686888454,0.7847709257569297,
0.8270893371757925,0.8117195004803074,0.798612273442122,0.8117195004803074,0.8042525818743312,
0.7732673267326733,0.7564356435643564,0.7345523021931896,0.7564356435643564,0.7425814106731482,
0.7954990215264188,0.7896281800391389,0.7679991119969491,0.7896281800391389,0.7754586402286715,
0.8141858141858141,0.7942057942057942,0.769469040409762,0.7942057942057942,0.7787348869321278,
0.797676669893514,0.7879961277831559,0.767234743806266,0.7879961277831559,0.774802739717431,
0.8558909444985394,0.8198636806231743,0.8090012446107333,0.8198636806231743,0.8140489476156647,
0.812007874015748,0.7696850393700787,0.7535903451977893,0.7696850393700787,0.7607590534412783,
0.8073572120038722,0.7831558567279767,0.7546157814776187,0.7831558567279767,0.7650612864427935,
0.7869346733668342,0.7587939698492462,0.7303461425156859,0.7587939698492462,0.7407764138033699,
0.7990243902439025,0.7658536585365854,0.7415856910569105,0.7658536585365854,0.7513078416140277,
0.7994157740993184,0.7653359298928919,0.7546379094210889,0.7653359298928919,0.7595159696652262,
0.8097087378640777,0.7669902912621359,0.7568788478004895,0.7669902912621359,0.7615796068372619,
0.8078770413064361,0.7723342939481268,0.7569736287512926,0.7723342939481268,0.7637392283188639,
0.8085742771684945,0.7766699900299102,0.7695584237723238,0.7766699900299102,0.772905734672608,
0.8120740019474196,0.7877312560856865,0.7656410141054723,0.7877312560856865,0.7744160554595616,
0.811949069539667,0.7933398628795298,0.7830873426680415,0.7933398628795298,0.7876790845748647,
0.8046647230320699,0.7667638483965015,0.7488891082666,0.7667638483965015,0.7566282994858679,
0.814382896015549,0.7745383867832848,0.7538856164428843,0.7745383867832848,0.7627471818702515,
0.8057692307692308,0.7865384615384615,0.7651015494625361,0.7865384615384615,0.773402909229499,
0.8184523809523809,0.7936507936507936,0.7769247308145297,0.7936507936507936,0.784020289424289,
0.8074291300097751,0.7869012707722385,0.7664486542082654,0.7869012707722385,0.7745445668649296,
