Majority Class Accuracy,Accuracy,Precision,Recall,F Score,Support
0.8009803921568628,0.7578431372549019,0.7291653062777936,0.7578431372549019,0.7407924616556897,
0.804950495049505,0.7346534653465346,0.7094979019677634,0.7346534653465346,0.720766296230349,
0.8081791626095424,0.7468354430379747,0.7122097572535536,0.7468354430379747,0.7269852627719232,
0.8333333333333334,0.7648809523809523,0.7464907355418304,0.7648809523809523,0.7550622299297698,
0.8081002892960463,0.7473481195756991,0.7203762551253694,0.7473481195756991,0.7321641932092126,
0.7998037291462218,0.704612365063788,0.6779449563170322,0.704612365063788,0.6902711077416105,
0.8202459791863765,0.7407757805108799,0.7071509890541309,0.7407757805108799,0.7224285914606188,
0.7889546351084813,0.7317554240631163,0.6897836595638793,0.7317554240631163,0.7065078779758155,
0.7827788649706457,0.7270058708414873,0.6803563102410781,0.7270058708414873,0.6983380486847625,
0.8104448742746615,0.7620889748549323,0.7229728967123632,0.7620889748549323,0.7386395918349551,
0.8011695906432749,0.7543859649122807,0.7169880436056735,0.7543859649122807,0.7316998717022312,
0.8220502901353965,0.7495164410058027,0.7234063542850817,0.7495164410058027,0.7352976265779916,
0.7971291866028708,0.7253588516746412,0.684135161194586,0.7253588516746412,0.7017642901349278,
0.8224206349206349,0.7638888888888888,0.7431528653736562,0.7638888888888888,0.7525149043501048,
0.8033268101761253,0.7416829745596869,0.71583382151245,0.7416829745596869,0.7271533358315638,
0.8104448742746615,0.7736943907156673,0.7409695417006318,0.7736943907156673,0.7536324362096605,
0.7847358121330724,0.7338551859099804,0.6900805595289287,0.7338551859099804,0.7067065295494401,
0.8156862745098039,0.7598039215686274,0.7202236887599405,0.7598039215686274,0.7367613478991067,
0.7891156462585034,0.7356656948493683,0.6976729095971103,0.7356656948493683,0.712764737260515,
0.7966436327739388,0.7423494570582428,0.7141850435391367,0.7423494570582428,0.7260592348524733,
0.8091528724440117,0.7322297955209348,0.6977213608683004,0.7322297955209348,0.7130983128600057,
0.7958015267175572,0.7519083969465649,0.7169504795458994,0.7519083969465649,0.7305314463707032,
0.8001978239366964,0.7527200791295747,0.7257168376459782,0.7527200791295747,0.7369600973561413,
0.8107588856868396,0.7588856868395774,0.7209425936775145,0.7588856868395774,0.7364668043727833,
0.8125,0.7317307692307692,0.7005973760155588,0.7317307692307692,0.7147140916357247,
0.7982954545454546,0.7244318181818182,0.6967380275974026,0.7244318181818182,0.7090532029818152,
0.812015503875969,0.7577519379844961,0.7277398968308253,0.7577519379844961,0.7405149101053181,
0.8138401559454191,0.753411306042885,0.7224348356296298,0.753411306042885,0.7358567303991375,
0.8046875,0.736328125,0.7118158960292581,0.736328125,0.722776862005483,
0.8070175438596491,0.7563352826510721,0.7240220892234602,0.7563352826510721,0.7373828238289756,
