Majority Class Accuracy,Accuracy,Precision,Recall,F Score,Support
0.806484295845998,0.8004052684903749,0.6741548454732773,0.8004052684903749,0.7189207793896204,
0.7995971802618328,0.7905337361530715,0.7023185607183949,0.7905337361530715,0.7179516281803723,
0.8058823529411765,0.8049019607843138,0.7339452661617462,0.8049019607843138,0.7241684291181748,
0.8139079333986288,0.8060724779627816,0.7026420207560647,0.8060724779627816,0.7317023552570068,
0.7969494756911344,0.7940896091515729,0.7150405310557836,0.7940896091515729,0.7139783034313856,
0.8065764023210832,0.7978723404255319,0.6672603617758668,0.7978723404255319,0.7176319510092084,
0.8134957825679475,0.8069353327085286,0.7225782195173289,0.8069353327085286,0.7362985357321188,
0.8065764023210832,0.8065764023210832,0.748237591782314,0.8065764023210832,0.7238264894455304,
0.8291956305858987,0.8291956305858987,0.7740561829902547,0.8291956305858987,0.7554814390079612,
0.8056365403304179,0.8027210884353742,0.7050867313657361,0.8027210884353742,0.7210378353456965,
0.811949069539667,0.8099902056807052,0.7309791515392938,0.8099902056807052,0.7320758746029365,
0.8094768015794669,0.8084896347482725,0.7498818441903042,0.8084896347482725,0.7390830131713491,
0.8262586377097729,0.8252714708785784,0.753127203497391,0.8252714708785784,0.7508311370057466,
0.8071705426356589,0.7994186046511628,0.6700740681745779,0.7994186046511628,0.7189434004253524,
0.8044530493707648,0.8025169409486931,0.7216015394423064,0.8025169409486931,0.7216196190730523,
0.790720631786772,0.7847976307996052,0.6779449573131705,0.7847976307996052,0.7006675623740901,
0.8119001919385797,0.8080614203454894,0.7232556261607936,0.8080614203454894,0.7325782762801125,
0.7919132149901381,0.7938856015779092,0.7680127031088568,0.7938856015779092,0.7081931970296843,
0.8128712871287128,0.807920792079208,0.7291126411379365,0.807920792079208,0.736838675892937,
0.8063872255489022,0.8003992015968064,0.6992147019093127,0.8003992015968064,0.7223281872381677,
0.7806763285024154,0.7797101449275362,0.7159423639618998,0.7797101449275362,0.6975805509343797,
0.8194980694980695,0.8185328185328186,0.7446502065318747,0.8185328185328186,0.7413087194337195,
0.8126232741617357,0.8096646942800789,0.7144482843818266,0.8096646942800789,0.7307717925801087,
0.8007774538386784,0.7978620019436345,0.7151117329538402,0.7978620019436345,0.717731685335665,
0.8186323092170465,0.8067393458870169,0.7168697458910415,0.8067393458870169,0.7409998844338485,
0.7994157740993184,0.7994157740993184,0.7436277012245197,0.7994157740993184,0.7255452699061332,
0.8081395348837209,0.810077519379845,0.7832404007434607,0.810077519379845,0.730504684994778,
0.8072407045009785,0.8082191780821918,0.7613280023319374,0.8082191780821918,0.7305157004504077,
0.8093385214007782,0.8044747081712063,0.7149070438484098,0.8044747081712063,0.728560205244116,
0.8107317073170732,0.8117073170731708,0.76213756234201,0.8117073170731708,0.7417928695171074,
