Majority Class Accuracy,Accuracy,Precision,Recall,F Score,Support
0.8182711198428291,0.768172888015717,0.7288842299519036,0.768172888015717,0.7449688706593767,
0.8109696376101861,0.761998041136141,0.7275315388458927,0.761998041136141,0.7416315371831634,
0.8201581027667985,0.7529644268774703,0.7290831127388765,0.7529644268774703,0.7399014412246926,
0.7922465208747514,0.7514910536779325,0.715122586184095,0.7514910536779325,0.7287821760682738,
0.8045409674234946,0.7265547877591313,0.7011912848428703,0.7265547877591313,0.7126993931549633,
0.8097514340344169,0.751434034416826,0.7190997881661413,0.751434034416826,0.7328889885113398,
0.8166501486620417,0.7561942517343905,0.7286130058728163,0.7561942517343905,0.740736529362942,
0.8136094674556213,0.7652859960552268,0.7400548538345992,0.7652859960552268,0.7508478856977919,
0.8072763028515241,0.744346116027532,0.7078489373308341,0.744346116027532,0.7234064904610021,
0.813953488372093,0.7655038759689923,0.7280956752345981,0.7655038759689923,0.7432650443959777,
0.7858527131782945,0.7267441860465116,0.691564303341069,0.7267441860465116,0.7059642231946671,
0.8015414258188824,0.7350674373795761,0.6990507358141598,0.7350674373795761,0.7144693348920654,
0.8113948919449901,0.7367387033398821,0.7142565461417351,0.7367387033398821,0.7245446496570986,
0.8067393458870169,0.7383548067393458,0.704447916879284,0.7383548067393458,0.719218972376573,
0.8117760617760618,0.7519305019305019,0.7204722474575415,0.7519305019305019,0.7340249492092983,
0.8020833333333334,0.7509469696969697,0.7094262032770097,0.7509469696969697,0.7259105079554394,
0.8052434456928839,0.7284644194756554,0.7040148183669115,0.7284644194756554,0.7151216010442091,
0.8062930186823992,0.7522123893805309,0.7201638658303919,0.7522123893805309,0.7335887647592334,
0.8079534432589719,0.7449078564500485,0.7269927613082126,0.7449078564500485,0.7351662985816179,
0.7883650952858575,0.7422266800401204,0.6959761682223741,0.7422266800401204,0.7129927475133305,
0.8152492668621701,0.7370478983382209,0.715799202191519,0.7370478983382209,0.7256353144537802,
0.8106796116504854,0.7359223300970874,0.7050061471091159,0.7359223300970874,0.7188375902249711,
0.7879961277831559,0.7492739593417231,0.7052770181777172,0.7492739593417231,0.7206629095680036,
0.8090551181102362,0.7637795275590551,0.7285234312621091,0.7637795275590551,0.7426040575424978,
0.8199802176063303,0.7546983184965381,0.7370556399926018,0.7546983184965381,0.7451989334967035,
0.8074291300097751,0.7409579667644184,0.7059012440051112,0.7409579667644184,0.721063845265051,
0.8045977011494253,0.7490421455938697,0.7070497009559736,0.7490421455938697,0.7241411168030175,
0.8115653040877367,0.7607178464606181,0.725615227488267,0.7607178464606181,0.7400704977973175,
0.8021653543307087,0.7480314960629921,0.698727482866344,0.7480314960629921,0.7182820841491414,
0.812007874015748,0.7401574803149606,0.7077062207935321,0.7401574803149606,0.7221044251278729,
