Majority Class Accuracy,Accuracy,Precision,Recall,F Score,Support
0.8342857142857143,0.7952380952380952,0.783228606118907,0.7952380952380952,0.788754235218952,
0.8013500482160077,0.7994214079074252,0.7749522442283882,0.7994214079074252,0.7823479360545624,
0.8122605363984674,0.7873563218390804,0.7681112911105967,0.7873563218390804,0.7760286285717729,
0.8195121951219512,0.7941463414634147,0.7762560022024737,0.7941463414634147,0.7837716564972625,
0.814,0.775,0.7602958579881657,0.775,0.7668748972546441,
0.810126582278481,0.8023369036027264,0.778198777923599,0.8023369036027264,0.7862860656997899,
0.8284023668639053,0.8067061143984221,0.7881328073635767,0.8067061143984221,0.7957980902468266,
0.8087378640776699,0.7941747572815534,0.7691622633881192,0.7941747572815534,0.7780231179860789,
0.8170498084291188,0.7835249042145593,0.7590396175039043,0.7835249042145593,0.7690262326800383,
0.7986381322957199,0.7684824902723736,0.7308793777155445,0.7684824902723736,0.743892251159055,
0.8076923076923077,0.7850098619329389,0.7606094227872187,0.7850098619329389,0.7699067314249742,
0.8021760633036598,0.7922848664688428,0.774853582511931,0.7922848664688428,0.7816534279491862,
0.7827352085354026,0.7759456838021338,0.7498357844965935,0.7759456838021338,0.7577959417091833,
0.8250478011472275,0.8021032504780115,0.779282529989319,0.8021032504780115,0.7882962856178669,
0.8190567853705486,0.793070259865255,0.7616165764132585,0.793070259865255,0.7731282582982488,
0.8041543026706232,0.7922848664688428,0.7692083628717014,0.7922848664688428,0.7774348712208412,
0.8041749502982107,0.7803180914512923,0.7535958084166505,0.7803180914512923,0.7635283925398153,
0.798828125,0.79296875,0.7674567384286433,0.79296875,0.775411450440832,
0.812,0.765,0.7380971954613573,0.765,0.7494332906875206,
0.8090107737512243,0.7952987267384917,0.7642535987919158,0.7952987267384917,0.7739708055561222,
0.8170377541142304,0.7957405614714425,0.7717591940975553,0.7957405614714425,0.7809414200826181,
0.8252427184466019,0.8077669902912621,0.7781246402394566,0.8077669902912621,0.7883676723428642,
0.8077669902912621,0.7776699029126214,0.7582240999930322,0.7776699029126214,0.7663450813853877,
0.8109696376101861,0.7855044074436827,0.7591564382517362,0.7855044074436827,0.7691850223308812,
0.8169154228855722,0.7910447761194029,0.7631270711404085,0.7910447761194029,0.7736775251057609,
0.8049261083743843,0.780295566502463,0.7472560764854215,0.780295566502463,0.758723184955072,
0.7919528949950932,0.774288518155054,0.7441943821254002,0.774288518155054,0.7540496201652471,
0.805984555984556,0.7992277992277992,0.7670458102890536,0.7992277992277992,0.7754036504036504,
0.8273453093812375,0.7984031936127745,0.7737171879072785,0.7984031936127745,0.7836401192125833,
0.7944015444015444,0.7664092664092664,0.7393077864715338,0.7664092664092664,0.7494994076185666,
