Majority Class Accuracy,Accuracy,Precision,Recall,F Score,Support
0.7824773413897281,0.770392749244713,0.7475322786025717,0.770392749244713,0.7555599795302467,
0.8131868131868132,0.7772227772227772,0.7510464219324979,0.7772227772227772,0.7616579949237151,
0.7960975609756098,0.7726829268292683,0.747248220820139,0.7726829268292683,0.7567370152275621,
0.8031809145129225,0.7932405566600398,0.777167312864892,0.7932405566600398,0.7835939526302349,
0.8108632395732299,0.7740058195926285,0.7405621090643583,0.7740058195926285,0.7534588618414205,
0.8159156279961649,0.775647171620326,0.7618465995005772,0.775647171620326,0.7680837053251839,
0.8,0.7826923076923077,0.7541168330532767,0.7826923076923077,0.7638086393582729,
0.8087649402390438,0.7778884462151394,0.7462545929347033,0.7778884462151394,0.7580881379833239,
0.8033106134371957,0.7711781888997079,0.7462990917751784,0.7711781888997079,0.7562048659689593,
0.7925998052580331,0.7740993184031159,0.7479157287600263,0.7740993184031159,0.7571737330507825,
0.8131553860819828,0.7931363203050524,0.7692142361951653,0.7931363203050524,0.7782680538203808,
0.827893175074184,0.7893175074183977,0.7741146094261822,0.7893175074183977,0.7809312929158665,
0.8179190751445087,0.7851637764932563,0.7620238194968026,0.7851637764932563,0.77154275355734,
0.7961352657004831,0.7797101449275362,0.7492149554487095,0.7797101449275362,0.7590445517981751,
0.7990338164251207,0.77487922705314,0.7476346806050226,0.77487922705314,0.7576522850203985,
0.8266796494644596,0.7925998052580331,0.7761697034851284,0.7925998052580331,0.7833872880915866,
0.8075435203094777,0.769825918762089,0.7481381275987039,0.769825918762089,0.7572580234765358,
0.816888045540797,0.7979127134724858,0.7797597193810925,0.7979127134724858,0.7871517760049765,
0.7945736434108527,0.7829457364341085,0.7566477461774155,0.7829457364341085,0.7653112301014932,
0.8084696823869105,0.7757459095283927,0.7477868925845512,0.7757459095283927,0.7587121156396663,
0.8094282848545636,0.7973921765295887,0.7744036102000167,0.7973921765295887,0.7826590189898651,
0.8267326732673267,0.804950495049505,0.7877336974847033,0.804950495049505,0.7949462531704884,
0.8019607843137255,0.7676470588235295,0.7487834956041014,0.7676470588235295,0.7567841997247094,
0.8286852589641435,0.7928286852589641,0.771057038967418,0.7928286852589641,0.7803046051547129,
0.7901353965183753,0.7649903288201161,0.737512740220343,0.7649903288201161,0.7475379982329418,
0.8057692307692308,0.7884615384615384,0.7681019878997407,0.7884615384615384,0.7760194088319089,
0.8058252427184466,0.7970873786407767,0.7745316544646013,0.7970873786407767,0.7824272974591343,
0.8027079303675049,0.7640232108317214,0.7338996066953398,0.7640232108317214,0.7457652437325677,
0.7802516940948693,0.7666989351403679,0.7293465988575214,0.7666989351403679,0.7387370530707575,
0.7836490528414756,0.7557328015952144,0.7283149457450238,0.7557328015952144,0.7384285806416777,
