Majority Class Accuracy,Accuracy,Precision,Recall,F Score,Support
0.8223748773307163,0.746810598626104,0.7257078500675287,0.746810598626104,0.7354928538267161,
0.8048543689320389,0.7485436893203884,0.7137753554091539,0.7485436893203884,0.7282814126917124,
0.8257502420135527,0.7589545014520813,0.731884956017019,0.7589545014520813,0.7440881934508975,
0.8092042186001918,0.7574304889741131,0.7234542121181186,0.7574304889741131,0.7375106467383278,
0.8172147001934236,0.7640232108317214,0.7323855419650674,0.7640232108317214,0.7458065659751729,
0.8067961165048544,0.7388349514563107,0.7051578813536329,0.7388349514563107,0.719821413036352,
0.8061325420375866,0.7467853610286844,0.715946590591299,0.7467853610286844,0.729149910341467,
0.8107843137254902,0.7441176470588236,0.7135312579137936,0.7441176470588236,0.7269760141456239,
0.8075072184793071,0.7516843118383061,0.7175464702130238,0.7516843118383061,0.7318487610874621,
0.8043052837573386,0.7397260273972602,0.7110151998498782,0.7397260273972602,0.7235542627644546,
0.8105263157894737,0.7636363636363637,0.72598804296069,0.7636363636363637,0.741034324265782,
0.8044132397191575,0.7492477432296891,0.721220531748357,0.7492477432296891,0.7331814286561218,
0.7939221272554606,0.7226970560303894,0.6845308911742655,0.7226970560303894,0.7008441110186425,
0.811411992263056,0.7572533849129593,0.7313695767138273,0.7572533849129593,0.742573810258556,
0.8037661050545094,0.757185332011893,0.72273583729521,0.757185332011893,0.7365212068698216,
0.8036072144288577,0.749498997995992,0.7228901597105217,0.749498997995992,0.7342760257656546,
0.8157894736842105,0.7573099415204678,0.7145083102493075,0.7573099415204678,0.7324775178610214,
0.817658349328215,0.7514395393474088,0.7232206136685463,0.7514395393474088,0.7357857771383316,
0.8037109375,0.7333984375,0.7081608058338931,0.7333984375,0.7194507774088417,
0.8060724779627816,0.732615083251714,0.7041556172019772,0.732615083251714,0.7168697143743022,
0.8224852071005917,0.7712031558185405,0.7409455016503278,0.7712031558185405,0.7538457203016603,
0.8214643931795386,0.7612838515546639,0.7232722187543736,0.7612838515546639,0.7396113779582231,
0.7902439024390244,0.7229268292682927,0.6799171766998569,0.7229268292682927,0.6977806927649107,
0.805984555984556,0.752895752895753,0.7194489558529514,0.752895752895753,0.7333238439229223,
0.8197674418604651,0.750968992248062,0.7243182198427305,0.750968992248062,0.736327418653,
0.7754901960784314,0.7382352941176471,0.6974875489766676,0.7382352941176471,0.7113966620371296,
0.8056365403304179,0.7356656948493683,0.7011144197381011,0.7356656948493683,0.7161861807767398,
0.8115079365079365,0.7291666666666666,0.6995805623041873,0.7291666666666666,0.7130580233743027,
0.8046875,0.748046875,0.721691136770332,0.748046875,0.7330761916835701,
0.8007662835249042,0.75,0.6977873718294658,0.75,0.7179497227501617,
