Majority Class Accuracy,Accuracy,Precision,Recall,F Score,Support
0.8096172718351324,0.7988223748773308,0.7746434922363277,0.7988223748773308,0.7830230338640597,
0.8050436469447139,0.7992240543161979,0.7745136632527946,0.7992240543161979,0.7824291719334856,
0.8100289296046287,0.8003857280617165,0.7760904865853266,0.8003857280617165,0.7843847373115928,
0.8274509803921568,0.8235294117647058,0.8149804956624682,0.8235294117647058,0.8187822497420021,
0.7935735150925024,0.7984420642648491,0.7726490083603953,0.7984420642648491,0.778795330139422,
0.8046647230320699,0.7920310981535471,0.7706916339859172,0.7920310981535471,0.77860260536915,
0.8092428711897739,0.8072763028515241,0.7913437876741303,0.8072763028515241,0.7974597793205611,
0.8238238238238238,0.8038038038038038,0.7836502520046824,0.8038038038038038,0.7917240004571392,
0.8003857280617165,0.8003857280617165,0.7791939017818865,0.8003857280617165,0.7861209880607098,
0.8132295719844358,0.8005836575875487,0.7907257652159989,0.8005836575875487,0.7951090804181898,
0.8023483365949119,0.7935420743639922,0.7688513727679146,0.7935420743639922,0.7770705606683098,
0.8073929961089494,0.8258754863813229,0.8052699852191462,0.8258754863813229,0.8092973357270629,
0.8034515819750719,0.7861936720997124,0.7569967026585447,0.7861936720997124,0.76683907555956,
0.8142023346303502,0.8083657587548638,0.7837181109910237,0.8083657587548638,0.7916729999161716,
0.8042635658914729,0.8023255813953488,0.7775791423550924,0.8023255813953488,0.7849997120443749,
0.8202676864244742,0.8078393881453155,0.7941089215275537,0.8078393881453155,0.7998982818524482,
0.8029411764705883,0.8117647058823529,0.7849108281257379,0.8117647058823529,0.7895173453996983,
0.8003972194637538,0.7934458788480635,0.7706868977792656,0.7934458788480635,0.7784380794136037,
0.8137535816618912,0.8118433619866284,0.7859390986112271,0.8118433619866284,0.7934099645421321,
0.8153409090909091,0.8058712121212122,0.7824337121212122,0.8058712121212122,0.7905965346939443,
0.7784256559766763,0.8027210884353742,0.7805894679300291,0.8027210884353742,0.7822852864124281,
0.8045186640471512,0.7927308447937131,0.7663985884025176,0.7927308447937131,0.7751850287854972,
0.8056918547595682,0.8007850834151129,0.7850127373804524,0.8007850834151129,0.7911935083927811,
0.8287937743190662,0.8005836575875487,0.7750897102245671,0.8005836575875487,0.7852368331814781,
0.793974732750243,0.7959183673469388,0.7696285599034686,0.7959183673469388,0.7763285169300207,
0.8311817279046674,0.8113207547169812,0.7927124251400605,0.8113207547169812,0.8003335780339705,
0.7949709864603481,0.7872340425531915,0.7631657236964432,0.7872340425531915,0.7711391904482094,
0.8023483365949119,0.8101761252446184,0.7898184334438407,0.8101761252446184,0.795875116398093,
0.8002070393374742,0.8074534161490683,0.7934520582570338,0.8074534161490683,0.79875163379133,
0.818973862536302,0.797676669893514,0.7672864821256523,0.797676669893514,0.7780461305162165,
