Majority Class Accuracy,Accuracy,Precision,Recall,F Score,Support
0.8060135790494666,0.7807953443258971,0.7090706465514801,0.7807953443258971,0.730293870464669,
0.812015503875969,0.7819767441860465,0.7085493611335673,0.7819767441860465,0.7331343737309803,
0.8124401913875599,0.7779904306220096,0.7027409537187422,0.7779904306220096,0.7296410578205228,
0.8015488867376573,0.7696030977734754,0.7014539047063347,0.7696030977734754,0.7234091362797935,
0.8087804878048781,0.7804878048780488,0.7058539324207853,0.7804878048780488,0.7298977312237483,
0.8273809523809523,0.8065476190476191,0.7365123557338006,0.8065476190476191,0.7578064652044663,
0.8134765625,0.7890625,0.7241334413144377,0.7890625,0.7434379773128275,
0.7879961277831559,0.7696030977734754,0.7048702720306821,0.7696030977734754,0.7182159172391614,
0.8089668615984406,0.7875243664717348,0.706913937708315,0.7875243664717348,0.7304787190060392,
0.7954990215264188,0.764187866927593,0.703598307039029,0.764187866927593,0.7223036961539482,
0.8013765978367748,0.7669616519174042,0.6995121156893324,0.7669616519174042,0.721961777351095,
0.8054740957966764,0.782991202346041,0.7217170692520664,0.782991202346041,0.7382918640619216,
0.8019512195121952,0.7707317073170732,0.7063273143407491,0.7707317073170732,0.7267710901549372,
0.8175675675675675,0.7808880308880309,0.7279592236079578,0.7808880308880309,0.7471060564098787,
0.7945736434108527,0.7751937984496124,0.7148067398794142,0.7751937984496124,0.7286245125136324,
0.8031809145129225,0.7703777335984096,0.7038711512218443,0.7703777335984096,0.7256637576087737,
0.801980198019802,0.7663366336633664,0.6995334606153053,0.7663366336633664,0.7221538767358985,
0.8115501519756839,0.7922998986828774,0.7333166664473656,0.7922998986828774,0.7484054362023222,
0.8092885375494071,0.7816205533596838,0.7170677320804385,0.7816205533596838,0.737068380332256,
0.7972304648862513,0.7626112759643917,0.6937300802285965,0.7626112759643917,0.7163609675235523,
0.810546875,0.783203125,0.734347768706876,0.783203125,0.7498987601202453,
0.814382896015549,0.7784256559766763,0.7127788599575458,0.7784256559766763,0.7361941518995645,
0.8098933074684772,0.7895247332686712,0.7325700383191487,0.7895247332686712,0.7475847043225935,
0.8187134502923976,0.7875243664717348,0.7357663443818322,0.7875243664717348,0.7534710326133328,
0.7932692307692307,0.7663461538461539,0.6893529548326204,0.7663461538461539,0.7117309690735749,
0.8171091445427728,0.7797443461160275,0.7141631939567042,0.7797443461160275,0.7381522291997699,
0.8201798201798202,0.7832167832167832,0.7175537655104738,0.7832167832167832,0.7417609916046332,
0.7909002904162633,0.7628267182962246,0.6940888742280983,0.7628267182962246,0.713691887447163,
0.7892107892107892,0.7592407592407593,0.6818005067237991,0.7592407592407593,0.7051389374956254,
0.8049261083743843,0.7694581280788177,0.6918609785913713,0.7694581280788177,0.7192393619727439,
