Majority Class Accuracy,Accuracy,Precision,Recall,F Score,Support
0.809477756286267,0.7640232108317214,0.756635497537928,0.7640232108317214,0.7601460429611002,
0.8021338506304558,0.7681862269641125,0.7634756567695659,0.7681862269641125,0.7657404523434179,
0.8108632395732299,0.7516973811833172,0.7396957080405433,0.7516973811833172,0.7453131698659226,
0.7990196078431373,0.7549019607843137,0.7384867198953369,0.7549019607843137,0.745753916539878,
0.7945205479452054,0.7729941291585127,0.7650400698796518,0.7729941291585127,0.768699796686998,
0.8040737148399612,0.7497575169738119,0.7506934599458422,0.7497575169738119,0.7502227651589197,
0.8102119460500964,0.7524084778420038,0.7576651425622454,0.7524084778420038,0.7549558986498089,
0.7978723404255319,0.7504835589941973,0.7469073370853582,0.7504835589941973,0.7486512219535357,
0.7978825794032723,0.7786333012512031,0.7708296527188456,0.7786333012512031,0.7744183632148359,
0.8111545988258317,0.7573385518590998,0.7534581485089661,0.7573385518590998,0.7553533263707745,
0.8017839444995044,0.7631318136769079,0.7528121862494395,0.7631318136769079,0.7575663453214339,
0.8185365853658536,0.7678048780487805,0.7735961913647937,0.7678048780487805,0.7705966898954704,
0.8005982053838484,0.752741774675972,0.7414497192165397,0.752741774675972,0.7466708606721281,
0.806829268292683,0.7375609756097561,0.7410672218917311,0.7375609756097561,0.7392825198750571,
0.8054474708171206,0.7714007782101168,0.7648884050285383,0.7714007782101168,0.7679735754399217,
0.7976424361493124,0.7445972495088409,0.7473661507997208,0.7445972495088409,0.7459567309138599,
0.8029268292682927,0.7482926829268293,0.7367999966350697,0.7482926829268293,0.7421527061409914,
0.8060135790494666,0.7623666343355965,0.7555583319250075,0.7623666343355965,0.7588001739536714,
0.814453125,0.7685546875,0.7536333507152725,0.7685546875,0.7603870764089276,
0.8184466019417476,0.7699029126213592,0.760673752189588,0.7699029126213592,0.7650274508136997,
0.8019138755980861,0.7454545454545455,0.7407941593891215,0.7454545454545455,0.7430591101814807,
0.806483300589391,0.775049115913556,0.7597646425719308,0.775049115913556,0.7664309737850804,
0.7908113391984359,0.7585532746823069,0.7490176541144494,0.7585532746823069,0.7533894198306798,
0.8090107737512243,0.7463271302644466,0.745829820005834,0.7463271302644466,0.7460778036468412,
0.808910891089109,0.7653465346534654,0.7487261749886881,0.7653465346534654,0.7561077046083187,
0.816147859922179,0.7616731517509727,0.7532433790404217,0.7616731517509727,0.7572567271482293,
0.7958984375,0.7392578125,0.731282943334335,0.7392578125,0.7350765223922207,
0.8100289296046287,0.7367405978784957,0.7413024023979465,0.7367405978784957,0.7389712618967211,
0.8022813688212928,0.7661596958174905,0.7687010662891836,0.7661596958174905,0.7674049921948142,
0.7852941176470588,0.7274509803921568,0.7210719032488051,0.7274509803921568,0.7241319463522379,
