Majority Class Accuracy,Accuracy,Precision,Recall,F Score,Support
0.8243375858684985,0.8223748773307163,0.738856430034026,0.8223748773307163,0.7476148593934938,
0.801363193768257,0.7964946445959105,0.6864915774418149,0.7964946445959105,0.7141184990960644,
0.782608695652174,0.778743961352657,0.6783244962884412,0.778743961352657,0.6904929586340229,
0.7868369351669942,0.7779960707269156,0.6513029532705221,0.7779960707269156,0.6920805821658225,
0.8121387283236994,0.8092485549132948,0.7137835281340381,0.8092485549132948,0.7300511397337475,
0.8057482656095144,0.8057482656095144,0.7488221621026379,0.8057482656095144,0.728021968043412,
0.8122568093385214,0.8073929961089494,0.7117104379423169,0.8073929961089494,0.7309391169969849,
0.7946257197696737,0.7907869481765835,0.6937709235370263,0.7907869481765835,0.7069932644595205,
0.8019047619047619,0.7961904761904762,0.7063756102053974,0.7961904761904762,0.7192730226418926,
0.8113026819923371,0.8026819923371648,0.7177553077852195,0.8026819923371648,0.7338415536894455,
0.8215353938185443,0.8225324027916251,0.7791690905482063,0.8225324027916251,0.7488633237708593,
0.808955223880597,0.8039800995024876,0.7198341625207297,0.8039800995024876,0.729796098962133,
0.8067307692307693,0.8028846153846154,0.7165566073032026,0.8028846153846154,0.7254091998739585,
0.8186180422264875,0.817658349328215,0.752625916725041,0.817658349328215,0.743477132145632,
0.8021442495126706,0.7982456140350878,0.7106733797017197,0.7982456140350878,0.7191177231605556,
0.8118433619866284,0.8022922636103151,0.6854707465746612,0.8022922636103151,0.7261635913172236,
0.8309591642924976,0.8262108262108262,0.7144962183203101,0.8262108262108262,0.7536270663808404,
0.7956989247311828,0.7869012707722385,0.6971463300607761,0.7869012707722385,0.7124032010740016,
0.7994214079074252,0.793635486981678,0.7078087851237923,0.793635486981678,0.7174979074625776,
0.8127376425855514,0.8127376425855514,0.7585983408226755,0.8127376425855514,0.7436566518437907,
0.7980582524271844,0.7883495145631068,0.6881418821493801,0.7883495145631068,0.7119498995506743,
0.7998065764023211,0.7969052224371374,0.7185661151526906,0.7969052224371374,0.7180191665201335,
0.8117529880478087,0.8067729083665338,0.7276857169925697,0.8067729083665338,0.735327002282563,
0.8199608610567515,0.8131115459882583,0.7050860741767615,0.8131115459882583,0.738952768537068,
0.8120672601384767,0.8051434223541049,0.7032754545078896,0.8051434223541049,0.7296740113243739,
0.8059113300492611,0.7822660098522167,0.7002519090580281,0.7822660098522167,0.7251445997118059,
0.8027079303675049,0.8017408123791102,0.73376735701593,0.8017408123791102,0.7214089984966549,
0.8041543026706232,0.8021760633036598,0.7389194141936181,0.8021760633036598,0.731172686606526,
0.7974559686888454,0.7896281800391389,0.6693534324078201,0.7896281800391389,0.7072085355065277,
0.7899901864573111,0.7841020608439647,0.6769634150738745,0.7841020608439647,0.6996507449322242,
