Majority Class Accuracy,Accuracy,Precision,Recall,F Score,Support
0.814382896015549,0.7589893100097181,0.7140441190061039,0.7589893100097181,0.7325573572539164,
0.81610337972167,0.7743538767395626,0.7246872210187921,0.7743538767395626,0.743479307030043,
0.8028708133971292,0.7645933014354067,0.7255940282784697,0.7645933014354067,0.7400610441592579,
0.8181818181818182,0.7747035573122529,0.7305145834557599,0.7747035573122529,0.7477206337965832,
0.8068627450980392,0.7323529411764705,0.6869329786754237,0.7323529411764705,0.7067216665882708,
0.8065153010858835,0.7561697926949654,0.7061571813125405,0.7561697926949654,0.7257432015414043,
0.7978620019436345,0.7346938775510204,0.6864712608748309,0.7346938775510204,0.706290258864704,
0.7995930824008138,0.7426246185147508,0.6945498853646316,0.7426246185147508,0.7138264520516143,
0.814453125,0.7373046875,0.700261245588108,0.7373046875,0.7168220632022243,
0.81640625,0.74609375,0.7093764914094814,0.74609375,0.7255658422042478,
0.7774480712166172,0.7279920870425322,0.6826703174190687,0.7279920870425322,0.6993473374535608,
0.7858546168958742,0.7445972495088409,0.6875496142640788,0.7445972495088409,0.7069379948800381,
0.8194044188280499,0.7540826128722382,0.7144036939341504,0.7540826128722382,0.7316490738672817,
0.8095703125,0.7431640625,0.6994834157217921,0.7431640625,0.7181459711517325,
0.8042168674698795,0.7459839357429718,0.6924418526122427,0.7459839357429718,0.7141560927703727,
0.7904667328699106,0.746772591857001,0.7083503886094418,0.746772591857001,0.722827327393314,
0.7932739861523245,0.7438180019782393,0.687763674720136,0.7438180019782393,0.7087180170553171,
0.7723258096172718,0.7271835132482827,0.6725287097745275,0.7271835132482827,0.6910770314710829,
0.8109452736318408,0.7701492537313432,0.7323618837906218,0.7701492537313432,0.7469442843950528,
0.8339960238568589,0.7842942345924453,0.7476481508357328,0.7842942345924453,0.7631241994148068,
0.8023952095808383,0.7644710578842315,0.7201357910577055,0.7644710578842315,0.7360763818445006,
0.8191593352883676,0.7517106549364614,0.70282095646995,0.7517106549364614,0.7240694085547413,
0.8099902056807052,0.7453476983349657,0.7054331262708496,0.7453476983349657,0.722489784596008,
0.8003913894324853,0.7485322896281801,0.7001745929056651,0.7485322896281801,0.7190635788043483,
0.8108108108108109,0.7635135135135135,0.7300182416205083,0.7635135135135135,0.7436720151087638,
0.7947725072604066,0.7531461761858664,0.6853475540472908,0.7531461761858664,0.7092287265442557,
0.7730844793713163,0.7288801571709234,0.68034567042947,0.7288801571709234,0.6970699953012706,
0.8054211035818006,0.7579864472410455,0.7151255245794829,0.7579864472410455,0.7318373640503678,
0.7900390625,0.73828125,0.6944340318011042,0.73828125,0.711359905142154,
0.8228460793804453,0.7628267182962246,0.7212279314196582,0.7628267182962246,0.7390397060466778,
