Majority Class Accuracy,Accuracy,Precision,Recall,F Score,Support
0.7936660268714012,0.7015355086372361,0.69580146819675,0.7015355086372361,0.6986036357247403,
0.8231827111984283,0.7426326129666012,0.7357618332205181,0.7426326129666012,0.7391100572117315,
0.8120740019474196,0.7059396299902629,0.7128271232534287,0.7059396299902629,0.7093072647717086,
0.8075435203094777,0.7088974854932302,0.697946214348377,0.7088974854932302,0.7032380645418363,
0.8089233753637245,0.6983511154219205,0.7057897706339259,0.6983511154219205,0.7019838800346975,
0.806483300589391,0.7082514734774067,0.6983916915307026,0.7082514734774067,0.7031683824626911,
0.8021547502448579,0.7355533790401567,0.7180976143645205,0.7355533790401567,0.7260918804168456,
0.791015625,0.716796875,0.7078691700865128,0.716796875,0.712136282162959,
0.8156899810964083,0.7041587901701323,0.7059104364078647,0.7041587901701323,0.7050304032563829,
0.8191489361702128,0.7108317214700194,0.711433026507721,0.7108317214700194,0.7111318780292653,
0.7992240543161979,0.7002909796314258,0.7008322715965821,0.7002909796314258,0.7005610884917078,
0.792,0.687,0.67249922748159,0.687,0.679425240693732,
0.8096192384769539,0.7054108216432866,0.6956193382188995,0.7054108216432866,0.700380398806663,
0.8036224976167778,0.7092469018112488,0.6999334386912811,0.7092469018112488,0.7044413941134965,
0.8084905660377358,0.7160377358490566,0.7111676024784674,0.7160377358490566,0.7135606509944394,
0.8117073170731708,0.7326829268292683,0.7239754459584891,0.7326829268292683,0.7281760366638416,
0.8025169409486931,0.7212003872216844,0.722228401447482,0.7212003872216844,0.7217120290231481,
0.8083832335329342,0.717564870259481,0.7124418070722183,0.717564870259481,0.7149558562433145,
0.812015503875969,0.7267441860465116,0.7108428881755068,0.7267441860465116,0.7183626305637442,
0.8038277511961722,0.7148325358851675,0.7084133080207702,0.7148325358851675,0.7115447610307126,
0.8249754178957719,0.7286135693215339,0.7186751795180438,0.7286135693215339,0.7235096422830083,
0.8039408866995074,0.7093596059113301,0.6949356560041705,0.7093596059113301,0.7018121658930744,
0.8249516441005803,0.7350096711798839,0.7315121813761996,0.7350096711798839,0.7332409588228928,
0.779296875,0.6875,0.6642070815170578,0.6875,0.6748415829746534,
0.8011869436201781,0.6943620178041543,0.6867547896332606,0.6943620178041543,0.690471519102039,
0.8056092843326886,0.7311411992263056,0.7207344376425602,0.7311411992263056,0.7256976655332359,
0.806420233463035,0.7324902723735408,0.7078152628075164,0.7324902723735408,0.718973701921042,
0.7921951219512195,0.72,0.6957672833359048,0.72,0.7065762842467106,
0.7863501483679525,0.7240356083086054,0.695793257952057,0.7240356083086054,0.7078376546512948,
0.8052208835341366,0.7218875502008032,0.7124150666115134,0.7218875502008032,0.7169740334053798,
