Majority Class Accuracy,Accuracy,Precision,Recall,F Score,Support
0.8015488867376573,0.7250726040658277,0.7136605673961457,0.7250726040658277,0.7190805360843299,
0.8033268101761253,0.7123287671232876,0.7011697934140997,0.7123287671232876,0.7065289804208004,
0.7903682719546742,0.704438149197356,0.6959503046211706,0.704438149197356,0.7000402740641968,
0.8118226600985222,0.7389162561576355,0.7195177101543766,0.7389162561576355,0.7284639830775647,
0.7933398628795298,0.7257590597453477,0.7189478904660017,0.7257590597453477,0.7222287843636527,
0.8013500482160077,0.7029893924783028,0.6974817411809074,0.7029893924783028,0.7001834203090016,
0.8036573628488932,0.7122232916265641,0.7017893092854832,0.7122232916265641,0.7068139632361291,
0.7908820614469773,0.7006937561942518,0.6784132966458375,0.7006937561942518,0.688682272760887,
0.7976424361493124,0.7210216110019646,0.6984563738355346,0.7210216110019646,0.7087042367523126,
0.8147429679922406,0.7322987390882638,0.7234173207341441,0.7322987390882638,0.7277100872038865,
0.8039800995024876,0.736318407960199,0.7108677664310029,0.736318407960199,0.7221871169607675,
0.8005982053838484,0.7098703888334995,0.6920620724066502,0.7098703888334995,0.7004304764783478,
0.8152173913043478,0.733201581027668,0.716979048355448,0.733201581027668,0.7246322393998769,
0.7875848690591658,0.7129000969932104,0.6850749177349733,0.7129000969932104,0.6973329901769809,
0.7920696324951644,0.7001934235976789,0.6758240923572153,0.7001934235976789,0.6870273723473431,
0.8061716489874639,0.7107039537126326,0.7073936204046127,0.7107039537126326,0.7090295328141044,
0.7867575462512172,0.7370983446932814,0.7076220530437005,0.7370983446932814,0.719611735992972,
0.8184494602551521,0.7350343473994112,0.7361456624827577,0.7350343473994112,0.7355875776503263,
0.7890173410404624,0.710019267822736,0.6890255350256995,0.710019267822736,0.6985860145183211,
0.7966601178781926,0.7082514734774067,0.6980049068069292,0.7082514734774067,0.7029237136081575,
0.8216007714561234,0.7405978784956606,0.7321609113325971,0.7405978784956606,0.7362493238938378,
0.8076923076923077,0.7355769230769231,0.7268389834623552,0.7355769230769231,0.7310329784624,
0.8088669950738916,0.7133004926108374,0.713863929734409,0.7133004926108374,0.7135816458540094,
0.8049019607843138,0.7225490196078431,0.706527104959631,0.7225490196078431,0.7140540381712472,
0.8077294685990338,0.7304347826086957,0.7125335685062761,0.7304347826086957,0.7208576533650982,
0.8152173913043478,0.7420948616600791,0.7259216880902328,0.7420948616600791,0.7334826630758474,
0.824,0.75,0.7431730657019489,0.75,0.7464918497519489,
0.8156638013371538,0.7421203438395415,0.7281554109805916,0.7421203438395415,0.7347413767462151,
0.7893700787401575,0.7155511811023622,0.6923103189415617,0.7155511811023622,0.7027219411225988,
0.7926356589147286,0.7063953488372093,0.6943790209338665,0.7063953488372093,0.7000936608139042,
