Majority Class Accuracy,Accuracy,Precision,Recall,F Score,Support
0.8182701652089407,0.7784256559766763,0.770997987968987,0.7784256559766763,0.7745169767827322,
0.8202676864244742,0.7858508604206501,0.7796006449298726,0.7858508604206501,0.7825763543678735,
0.816125860373648,0.7659783677482792,0.7571297982307911,0.7659783677482792,0.7613172721078516,
0.8086359175662414,0.7536800785083415,0.7382920488468353,0.7536800785083415,0.7453190438798247,
0.7916260954235638,0.75365141187926,0.7325147201472497,0.75365141187926,0.7413298108553403,
0.7861271676300579,0.7533718689788054,0.7363458955944505,0.7533718689788054,0.7435822111808208,
0.814922480620155,0.7761627906976745,0.7637790599653398,0.7761627906976745,0.7694188413510716,
0.8084479371316307,0.7544204322200393,0.7466387546584423,0.7544204322200393,0.7503494851193799,
0.8025291828793775,0.754863813229572,0.7437900232194105,0.754863813229572,0.7489204486832792,
0.8019512195121952,0.751219512195122,0.7385321586110175,0.751219512195122,0.7443678343122991,
0.8066732090284593,0.7703631010794897,0.7596595686748242,0.7703631010794897,0.7645674818922679,
0.7978620019436345,0.7346938775510204,0.7245058679917659,0.7346938775510204,0.7293165501432007,
0.8133595284872298,0.7799607072691552,0.7736997540280139,0.7799607072691552,0.7766746258843066,
0.8115384615384615,0.775,0.770583717357911,0.775,0.7727175179916009,
0.805940594059406,0.7762376237623763,0.7701734053003962,0.7762376237623763,0.773047796050413,
0.8007699711260827,0.7680461982675649,0.7506479287261068,0.7680461982675649,0.7580869544253631,
0.7923976608187134,0.7631578947368421,0.7521070822216833,0.7631578947368421,0.7570787222138833,
0.8234723569350145,0.7710960232783706,0.7691134609499448,0.7710960232783706,0.7700933168651297,
0.788027477919529,0.7644749754661433,0.7518400584162561,0.7644749754661433,0.7573545852250464,
0.816267942583732,0.7732057416267942,0.7690695362304018,0.7732057416267942,0.7710792975016391,
0.8360488798370672,0.7942973523421588,0.7973676726613745,0.7942973523421588,0.7958015736534501,
0.8033268101761253,0.738747553816047,0.7342950200999694,0.738747553816047,0.7364681887033043,
0.8045409674234946,0.7502467917077986,0.7439839405910911,0.7502467917077986,0.7469962283145388,
0.8247821878025169,0.7763794772507261,0.7709822335559618,0.7763794772507261,0.7735926023299832,
0.7906066536203522,0.7690802348336595,0.7604294133481087,0.7690802348336595,0.7643745312278951,
0.7974927675988428,0.7656702025072324,0.7442104836483969,0.7656702025072324,0.7529813191163073,
0.7883349012229539,0.7601128880526811,0.7441777120407269,0.7601128880526811,0.7509533216004831,
0.8156370656370656,0.7673745173745173,0.7611953665324451,0.7673745173745173,0.7641646620421523,
0.8056918547595682,0.7674190382728164,0.7598085187461517,0.7674190382728164,0.7633944870306247,
0.7996089931573802,0.7741935483870968,0.7639202455813638,0.7741935483870968,0.7685614961837991,
