Majority Class Accuracy,Accuracy,Precision,Recall,F Score,Support
0.8025540275049116,0.7760314341846758,0.756675817052117,0.7760314341846758,0.764627791250272,
0.8130653266331658,0.7798994974874371,0.7499856352696577,0.7798994974874371,0.7615864970242595,
0.8145240431795878,0.7968596663395485,0.7630554589043088,0.7968596663395485,0.7738842623027599,
0.8197845249755142,0.7835455435847208,0.7642635810663047,0.7835455435847208,0.7725631252702616,
0.7897838899803536,0.7632612966601179,0.7307611353507756,0.7632612966601179,0.7420101697886669,
0.8150619637750238,0.797902764537655,0.7747739631824504,0.797902764537655,0.7834576477934297,
0.8033763654419066,0.7805362462760675,0.7567031028488751,0.7805362462760675,0.7658199130980771,
0.7931372549019607,0.7911764705882353,0.7802256458138811,0.7911764705882353,0.7848611651795476,
0.8191593352883676,0.7956989247311828,0.7771417662971961,0.7956989247311828,0.7848215342765141,
0.7854330708661418,0.765748031496063,0.7419681048366271,0.765748031496063,0.7507112863770634,
0.8161838161838162,0.7842157842157842,0.761915880787013,0.7842157842157842,0.7711109342500543,
0.8061420345489443,0.7763915547024952,0.7555735136811184,0.7763915547024952,0.764127963285084,
0.7933723196881092,0.7816764132553606,0.761790285113446,0.7816764132553606,0.7692492918477023,
0.7974434611602753,0.7826941986234022,0.7669030031924211,0.7826941986234022,0.7733654898221085,
0.822627037392138,0.7948226270373921,0.7852281349810892,0.7948226270373921,0.7896357263314046,
0.7873392680514342,0.7655786350148368,0.7439710264063573,0.7655786350148368,0.7523018742827081,
0.8033106134371957,0.7779941577409932,0.7546638805521638,0.7779941577409932,0.7637753253811401,
0.80039331366765,0.7630285152409046,0.7573219001282907,0.7630285152409046,0.7600477834455063,
0.7996127783155856,0.771539206195547,0.7624611556523554,0.771539206195547,0.7666295523750656,
0.8313953488372093,0.8042635658914729,0.7860568319123292,0.8042635658914729,0.7937827521845109,
0.7944550669216062,0.7609942638623327,0.7366943364642656,0.7609942638623327,0.7463918441369425,
0.8081395348837209,0.7713178294573644,0.7570628396824852,0.7713178294573644,0.7634181686986065,
0.8021653543307087,0.7854330708661418,0.7633125076179287,0.7854330708661418,0.7716326622287019,
0.8178256611165524,0.7933398628795298,0.766561144536169,0.7933398628795298,0.7767138757474192,
0.8255813953488372,0.8003875968992248,0.7881085178591299,0.8003875968992248,0.7935837015822029,
0.7982791586998088,0.777246653919694,0.7493624554021778,0.777246653919694,0.7592595392962866,
0.8110236220472441,0.7627952755905512,0.7436827451302416,0.7627952755905512,0.7521298968063774,
0.8147429679922406,0.7759456838021338,0.7709425994965573,0.7759456838021338,0.7733528635031409,
0.7933398628795298,0.7561214495592556,0.7302455398653592,0.7561214495592556,0.7405870600987665,
0.7988394584139265,0.7775628626692457,0.7609260276897194,0.7775628626692457,0.767830562056816,
