Majority Class Accuracy,Accuracy,Precision,Recall,F Score,Support
0.8209393346379648,0.7436399217221135,0.7532901434320207,0.7436399217221135,0.7482584570178954,
0.8132942326490714,0.7673509286412512,0.768288549332028,0.7673509286412512,0.7678168042072053,
0.8063279002876318,0.7660594439117929,0.7634157440223858,0.7660594439117929,0.764711844016491,
0.8079534432589719,0.7643064985451018,0.7638526379977222,0.7643064985451018,0.7640788462523828,
0.794995187680462,0.7324350336862367,0.7480618965092902,0.7324350336862367,0.7395120529892582,
0.7899408284023669,0.7534516765285996,0.7415136223153298,0.7534516765285996,0.746896715398972,
0.7931372549019607,0.7549019607843137,0.7488820163699628,0.7549019607843137,0.7517481257208766,
0.8259587020648967,0.7718780727630286,0.7749151324522857,0.7718780727630286,0.7733702681652059,
0.817560975609756,0.7541463414634146,0.7447582893514055,0.7541463414634146,0.7492371282520514,
0.7907662082514735,0.7514734774066798,0.7458877130958157,0.7514734774066798,0.7485573741450063,
0.7880658436213992,0.7294238683127572,0.7289434924867381,0.7294238683127572,0.7291829508015296,
0.8171206225680934,0.7480544747081712,0.7401026012547169,0.7480544747081712,0.7439349525997299,
0.7998046875,0.7626953125,0.7535464079483696,0.7626953125,0.7577918444526699,
0.7978410206084396,0.7752698724239451,0.7667733823444388,0.7752698724239451,0.7706676258802438,
0.8081002892960463,0.772420443587271,0.7574268469197385,0.772420443587271,0.764054214858661,
0.7891156462585034,0.7434402332361516,0.7408376808585055,0.7434402332361516,0.7421141130037245,
0.8400789733464955,0.7877591312931885,0.7966424226703114,0.7877591312931885,0.7919789415633951,
0.8080614203454894,0.7581573896353166,0.740079268910043,0.7581573896353166,0.7481324073587922,
0.8017839444995044,0.77998017839445,0.779152716658445,0.77998017839445,0.7795631794770203,
0.801363193768257,0.7565725413826679,0.7520691891328048,0.7565725413826679,0.7542493937685361,
0.8144230769230769,0.7490384615384615,0.7574553709342866,0.7490384615384615,0.7530596776413039,
0.8249516441005803,0.7688588007736944,0.7773043732653832,0.7688588007736944,0.7728794735006597,
0.8081395348837209,0.7625968992248062,0.7685184911718229,0.7625968992248062,0.7654374102541065,
0.7975167144221585,0.7526265520534862,0.7398369528342754,0.7526265520534862,0.7456569464719859,
0.7946768060836502,0.7480988593155894,0.7511214773025293,0.7480988593155894,0.7495776608433269,
0.7957610789980732,0.7379576107899807,0.7314663980848952,0.7379576107899807,0.7345847347821126,
0.8043684710351378,0.7549857549857549,0.7558851295537686,0.7549857549857549,0.7554327693602028,
0.8153998025666338,0.7897334649555775,0.7806083397167108,0.7897334649555775,0.7847987423817281,
0.7825661116552399,0.7414299706170421,0.7295908327544922,0.7414299706170421,0.734954404844282,
0.8137535816618912,0.7650429799426934,0.7594264904671687,0.7650429799426934,0.7621350314760057,
