Majority Class Accuracy,Accuracy,Precision,Recall,F Score,Support
0.8191593352883676,0.7409579667644184,0.7314329322818287,0.7409579667644184,0.7360209761589536,
0.8145631067961165,0.7427184466019418,0.724670789676334,0.7427184466019418,0.7330357959133842,
0.8017492711370262,0.7103984450923226,0.6822648095528382,0.7103984450923226,0.695184982961719,
0.7918326693227091,0.7091633466135459,0.6953577170455311,0.7091633466135459,0.7018579048123529,
0.7948969578017664,0.7055937193326791,0.6844573131466497,0.7055937193326791,0.6942471805301207,
0.7960151802656547,0.7144212523719166,0.6962681002619301,0.7144212523719166,0.704686500527803,
0.8120229007633588,0.7318702290076335,0.7238568434456787,0.7318702290076335,0.727735444227915,
0.7944664031620553,0.6986166007905138,0.689246033019332,0.6986166007905138,0.6937726194476765,
0.7982456140350878,0.7319688109161794,0.734378799671749,0.7319688109161794,0.7331577067926492,
0.7967401725790988,0.7075743048897412,0.6953577484831905,0.7075743048897412,0.7011838155137774,
0.7935420743639922,0.7074363992172211,0.6813766476312416,0.7074363992172211,0.6932217932077088,
0.8161838161838162,0.7432567432567433,0.7303886589600876,0.7432567432567433,0.7364804979771787,
0.8045186640471512,0.7102161100196464,0.7118625801387488,0.7102161100196464,0.7110342328781784,
0.7851485148514852,0.7029702970297029,0.6853023736770172,0.7029702970297029,0.6934635130179685,
0.8044103547459253,0.7325023969319271,0.7207706701342472,0.7325023969319271,0.7263206875862676,
0.7954319761668321,0.692154915590864,0.6794637862502239,0.692154915590864,0.6855572631092269,
0.7771428571428571,0.6714285714285714,0.647121287539406,0.6714285714285714,0.6583597500965142,
0.8061420345489443,0.708253358925144,0.7168397339358932,0.708253358925144,0.7124078097206696,
0.8287606433301797,0.7237464522232734,0.7342913667250585,0.7237464522232734,0.7288554574639812,
0.82025819265144,0.7557100297914597,0.7492945015513764,0.7557100297914597,0.7524030549887054,
0.8098522167487685,0.7359605911330049,0.7229718228420186,0.7359605911330049,0.729107467638822,
0.8092485549132948,0.7157996146435452,0.7050333313246105,0.7157996146435452,0.71022717986807,
0.8075072184793071,0.7228103946102021,0.7119313529558448,0.7228103946102021,0.7171483789276072,
0.8054435483870968,0.7116935483870968,0.7059359228117836,0.7116935483870968,0.7087561612834933,
0.7901477832512315,0.7054187192118226,0.6832690543391242,0.7054187192118226,0.6934042961545319,
0.7863590772316951,0.7301905717151455,0.7136310015227666,0.7301905717151455,0.7210602199387898,
0.7873392680514342,0.6943620178041543,0.6679280624534962,0.6943620178041543,0.6799910142111009,
0.7973102785782901,0.7002881844380403,0.697082708496514,0.7002881844380403,0.698666498299608,
0.8048543689320389,0.7184466019417476,0.7063724550724935,0.7184466019417476,0.7121398763900041,
0.8091976516634051,0.7181996086105675,0.7114444529118839,0.7181996086105675,0.7147414738889686,
