Majority Class Accuracy,Accuracy,Precision,Recall,F Score,Support
0.8080614203454894,0.7610364683301344,0.7532208964491504,0.7610364683301344,0.756927215371427,
0.7947470817120622,0.7723735408560312,0.749336806577365,0.7723735408560312,0.7581398649367852,
0.7838104639684107,0.7453109575518263,0.7283205736171566,0.7453109575518263,0.7356413712230307,
0.833822091886608,0.7663734115347018,0.7691064084019044,0.7663734115347018,0.7677229912957927,
0.7984111221449851,0.7457795431976166,0.7333904787513882,0.7457795431976166,0.7391050893439923,
0.7895238095238095,0.7523809523809524,0.7306740176206692,0.7523809523809524,0.7396379838485101,
0.7934782608695652,0.7697628458498024,0.7564229249011858,0.7697628458498024,0.762213362942864,
0.7946954813359528,0.7740667976424361,0.7542702590224424,0.7740667976424361,0.7621043636603486,
0.8194044188280499,0.7790585975024016,0.7698018140544657,0.7790585975024016,0.7741324559817441,
0.8207639569049952,0.7708129285014691,0.767863539460391,0.7708129285014691,0.7693118122285745,
0.7892204042348412,0.7468719923002888,0.7247490955885939,0.7468719923002888,0.7340101434913018,
0.808206106870229,0.7480916030534351,0.7403351836175379,0.7480916030534351,0.7440492224509777,
0.8079150579150579,0.7615830115830116,0.7490480773547633,0.7615830115830116,0.7547996591123276,
0.7782139352306182,0.7477919528949951,0.7306901221806206,0.7477919528949951,0.7378627853832177,
0.8007774538386784,0.7774538386783285,0.7624612147829101,0.7774538386783285,0.7688594115415521,
0.8099808061420346,0.7677543186180422,0.7493382631905692,0.7677543186180422,0.7573948371477432,
0.8036929057337221,0.7813411078717201,0.7597482865716668,0.7813411078717201,0.7682272017841043,
0.8017751479289941,0.7504930966469427,0.7405486261878073,0.7504930966469427,0.7452075854633669,
0.8019704433497536,0.7586206896551724,0.7376846187813231,0.7586206896551724,0.7466539927181376,
0.8042430086788814,0.7647058823529411,0.7459096801317311,0.7647058823529411,0.7540207986028419,
0.7624254473161034,0.7504970178926441,0.7288957656035311,0.7504970178926441,0.7364801571631088,
0.7998093422306959,0.7626310772163966,0.7423530185079613,0.7626310772163966,0.7509099202599826,
0.8098039215686275,0.7598039215686274,0.7437384530164751,0.7598039215686274,0.7509919469104146,
0.7865497076023392,0.7582846003898636,0.7340991630927478,0.7582846003898636,0.7434326557133575,
0.8159156279961649,0.7804410354745925,0.7647078074122147,0.7804410354745925,0.7716436536165292,
0.8051434223541049,0.7655786350148368,0.7542002767078558,0.7655786350148368,0.7594102282123707,
0.7879684418145957,0.742603550295858,0.7270599693814968,0.742603550295858,0.7339582921581751,
0.805528134254689,0.7571569595261599,0.745763375050846,0.7571569595261599,0.7510407012016523,
0.798,0.765,0.746144751306845,0.765,0.7540868274858495,
0.7924901185770751,0.7480237154150198,0.7377547152529715,0.7480237154150198,0.7425056790274006,
