Majority Class Accuracy,Accuracy,Precision,Recall,F Score,Support
0.8186372745490982,0.7464929859719439,0.7381391315996219,0.7464929859719439,0.742166731142829,
0.824853228962818,0.738747553816047,0.7055178275916415,0.738747553816047,0.7208827443142891,
0.8190954773869347,0.742713567839196,0.7225703683397545,0.742713567839196,0.731925317953619,
0.800990099009901,0.7178217821782178,0.6856434073772674,0.7178217821782178,0.7000972701144842,
0.8303921568627451,0.7627450980392156,0.7324645571854105,0.7627450980392156,0.7461076936353515,
0.8056112224448898,0.7605210420841684,0.7171754154581138,0.7605210420841684,0.7338134189290643,
0.8043052837573386,0.7465753424657534,0.7062262335639345,0.7465753424657534,0.7228624969426806,
0.808837656099904,0.729106628242075,0.706879285042517,0.729106628242075,0.7171155348441915,
0.8135922330097087,0.7582524271844661,0.723509324260636,0.7582524271844661,0.7381357787737953,
0.7927663734115347,0.7448680351906158,0.7143317844820275,0.7448680351906158,0.7266862392825775,
0.8172983479105929,0.7473275024295433,0.7321086646067272,0.7473275024295433,0.7392311806178987,
0.7994214079074252,0.7434908389585342,0.7069933011322468,0.7434908389585342,0.7219846198778027,
0.7852998065764023,0.730174081237911,0.6954104708665103,0.730174081237911,0.7094314282889679,
0.824390243902439,0.7424390243902439,0.7232381921649658,0.7424390243902439,0.7322682076994986,
0.8082595870206489,0.7413962635201573,0.7228590765619245,0.7413962635201573,0.7313435853259975,
0.8186226964112512,0.7342386032977691,0.7203830336496049,0.7342386032977691,0.7269895975105507,
0.7941176470588235,0.7362745098039216,0.7001294070572479,0.7362745098039216,0.7149850842788827,
0.7972166998011928,0.7524850894632207,0.712543565774373,0.7524850894632207,0.7277787444607936,
0.8117073170731708,0.7482926829268293,0.7138678219304352,0.7482926829268293,0.7287303905097761,
0.801363193768257,0.7517039922103214,0.7129908396309275,0.7517039922103214,0.7283717524587034,
0.8019417475728156,0.7572815533980582,0.721580283793876,0.7572815533980582,0.7355967002646037,
0.8151016456921588,0.7434656340755083,0.7182569947041002,0.7434656340755083,0.7296763279968758,
0.8013765978367748,0.7413962635201573,0.6967863832556109,0.7413962635201573,0.7150919632766449,
0.8063279002876318,0.7574304889741131,0.7299275092385241,0.7574304889741131,0.7414830388985969,
0.7840236686390533,0.717948717948718,0.6821167349545361,0.717948717948718,0.6970700527863964,
0.8154296875,0.7509765625,0.7239993548501131,0.7509765625,0.7359814636246333,
0.812007874015748,0.765748031496063,0.7332953951622189,0.765748031496063,0.746548938681051,
0.7857838364167478,0.7380720545277507,0.6778074144118141,0.7380720545277507,0.6994850765596866,
0.8170254403131115,0.7524461839530333,0.7413760102869184,0.7524461839530333,0.7466198318747187,
0.7934678194044188,0.7367915465898175,0.6916289634587521,0.7367915465898175,0.7095843166607876,
