Majority Class Accuracy,Accuracy,Precision,Recall,F Score,Support
0.8009756097560976,0.7463414634146341,0.7031303093380589,0.7463414634146341,0.7204721055224447,
0.8198636806231743,0.7799415774099319,0.7493113659798996,0.7799415774099319,0.7616999483761849,
0.8081791626095424,0.7546251217137293,0.7154802384681869,0.7546251217137293,0.7314894475460153,
0.7916260954235638,0.7565725413826679,0.716532624601414,0.7565725413826679,0.7305471474073076,
0.8108632395732299,0.7565470417070805,0.7162166046839948,0.7565470417070805,0.7327903543058579,
0.8040201005025126,0.7376884422110552,0.7046968303821374,0.7376884422110552,0.7189745924818665,
0.8045634920634921,0.748015873015873,0.715408916525755,0.748015873015873,0.7291258973230327,
0.8044806517311609,0.7556008146639511,0.7110478606578123,0.7556008146639511,0.7284498942570009,
0.8034849951597289,0.7763794772507261,0.7357081283659144,0.7763794772507261,0.7490896460288656,
0.8188824662813102,0.7524084778420038,0.7173176070515599,0.7524084778420038,0.7327235425117278,
0.7990049751243781,0.7432835820895523,0.7126601743944582,0.7432835820895523,0.7255182670082958,
0.8278210116731517,0.7607003891050583,0.7255675523410171,0.7607003891050583,0.7411984997466515,
0.830078125,0.7626953125,0.7346971004342999,0.7626953125,0.7473603375245081,
0.8052325581395349,0.7616279069767442,0.7211485093285894,0.7616279069767442,0.7366904136441221,
0.7971563981042654,0.7535545023696683,0.7039161271701617,0.7535545023696683,0.7220453922277176,
0.791828793774319,0.7587548638132295,0.7173015335653108,0.7587548638132295,0.7313917021500052,
0.8074356530028599,0.7368922783603432,0.7014142036019271,0.7368922783603432,0.7169184177280721,
0.8184466019417476,0.7572815533980582,0.7426419973630797,0.7572815533980582,0.7494431068589813,
0.8333333333333334,0.7774566473988439,0.742122415921012,0.7774566473988439,0.757430426988745,
0.7872954764196343,0.7516843118383061,0.694765731155058,0.7516843118383061,0.7129653209143736,
0.8203592814371258,0.782435129740519,0.7443052742224445,0.782435129740519,0.758974248479522,
0.8077304261645193,0.7542120911793855,0.7252885563399182,0.7542120911793855,0.7375648774147057,
0.811949069539667,0.7365328109696376,0.6943075048087081,0.7365328109696376,0.7129401222141573,
0.8291708291708292,0.7712287712287712,0.7316612974882186,0.7712287712287712,0.7486975641425492,
0.7974806201550387,0.7635658914728682,0.7152981611098567,0.7635658914728682,0.7314366689943642,
0.8228346456692913,0.7755905511811023,0.7412803571967296,0.7755905511811023,0.7554666499294389,
0.8116370808678501,0.7406311637080868,0.6976951316910016,0.7406311637080868,0.7163873586607012,
0.7947725072604066,0.7492739593417231,0.6933171920222793,0.7492739593417231,0.713698240443682,
0.816468253968254,0.7728174603174603,0.7320484273956495,0.7728174603174603,0.7480421661697771,
0.7885375494071146,0.7430830039525692,0.7063802062597738,0.7430830039525692,0.7204406315205755,
