Majority Class Accuracy,Accuracy,Precision,Recall,F Score,Support
0.8118811881188119,0.7564356435643564,0.7192237278668053,0.7564356435643564,0.7347418447483371,
0.8257059396299903,0.7546251217137293,0.7260580997898612,0.7546251217137293,0.739005075451706,
0.8047337278106509,0.7652859960552268,0.7275988509855315,0.7652859960552268,0.7418534427319089,
0.7982107355864811,0.7495029821073559,0.7124248928920358,0.7495029821073559,0.7271030443842965,
0.8047808764940239,0.7539840637450199,0.7132419474643799,0.7539840637450199,0.72951002317435,
0.7965931863727455,0.748496993987976,0.7060992143740784,0.748496993987976,0.7224218579967112,
0.8004012036108324,0.753259779338014,0.709678102630874,0.753259779338014,0.7264248158488203,
0.8063583815028902,0.7312138728323699,0.6979037792506485,0.7312138728323699,0.7126721116428577,
0.7843719090009891,0.7428288822947576,0.6957073835277171,0.7428288822947576,0.7121860349576117,
0.7942307692307692,0.7240384615384615,0.6708400981746515,0.7240384615384615,0.6930870553557976,
0.8036750483558994,0.7543520309477756,0.7113295494181437,0.7543520309477756,0.7282200491809768,
0.8066083576287658,0.7551020408163265,0.7077621839526602,0.7551020408163265,0.7265068100023652,
0.8090551181102362,0.7578740157480315,0.7186820397450319,0.7578740157480315,0.7345578344567928,
0.8007774538386784,0.7560738581146744,0.7105412130750652,0.7560738581146744,0.7276640812508571,
0.8185443668993021,0.7517447657028913,0.7220647567766622,0.7517447657028913,0.7352587243355712,
0.8112648221343873,0.7519762845849802,0.723513490290428,0.7519762845849802,0.7358763473938705,
0.7950738916256158,0.7536945812807881,0.6931237987259272,0.7536945812807881,0.7143331719771824,
0.8025415444770283,0.750733137829912,0.7122793525213674,0.750733137829912,0.7277653542391204,
0.804496578690127,0.7575757575757576,0.7093337749075455,0.7575757575757576,0.7277858313531501,
0.8062930186823992,0.7502458210422812,0.7063493264083235,0.7502458210422812,0.7242382387867227,
0.8040345821325648,0.74447646493756,0.7077538823616223,0.74447646493756,0.7231449798790287,
0.7969052224371374,0.753384912959381,0.7031789669462907,0.753384912959381,0.7214646423333747,
0.807502467917078,0.7492596248766041,0.7172930091548417,0.7492596248766041,0.7309003113893314,
0.803639846743295,0.7614942528735632,0.7158002371438438,0.7614942528735632,0.7327706850004061,
0.8285714285714286,0.7605911330049261,0.7310484751203853,0.7605911330049261,0.7443625322006755,
0.8129154795821463,0.7768281101614435,0.7471322493942835,0.7768281101614435,0.7588639016138548,
0.7972575905974535,0.7355533790401567,0.6986940724295686,0.7355533790401567,0.7140983749188804,
0.7982017982017982,0.7602397602397603,0.7167195852516437,0.7602397602397603,0.7322709288779262,
0.8159448818897638,0.764763779527559,0.7300186959865246,0.764763779527559,0.744459237115812,
0.7872340425531915,0.7359767891682786,0.690385440542398,0.7359767891682786,0.707729846479892,
