Majority Class Accuracy,Accuracy,Precision,Recall,F Score,Support
0.7798076923076923,0.7519230769230769,0.6921186558436294,0.7519230769230769,0.7081572333916083,
0.8088803088803089,0.7722007722007722,0.7092879153810117,0.7722007722007722,0.7313466178026704,
0.803729146221786,0.7821393523061825,0.7308894688216976,0.7821393523061825,0.7448507427249137,
0.8075396825396826,0.7847222222222222,0.7215703202182524,0.7847222222222222,0.7390134870214551,
0.7917077986179665,0.7759131293188549,0.7080872231670475,0.7759131293188549,0.7207422587892068,
0.7889105058365758,0.7762645914396887,0.7211818490569303,0.7762645914396887,0.7298382054153176,
0.8243375858684985,0.7811579980372915,0.7276334626762123,0.7811579980372915,0.7484969313841845,
0.8153241650294696,0.7730844793713163,0.7097929296231812,0.7730844793713163,0.7337574137760703,
0.8070678127984718,0.7736389684813754,0.719538467071766,0.7736389684813754,0.7377372980557306,
0.8091976516634051,0.7720156555772995,0.6942237183323868,0.7720156555772995,0.7227251952243319,
0.7918250950570342,0.785171102661597,0.7362615440297956,0.785171102661597,0.7411056240238675,
0.7872954764196343,0.7545717035611165,0.6661113246642764,0.7545717035611165,0.6952565966494221,
0.8029556650246306,0.7832512315270936,0.7156394932851533,0.7832512315270936,0.7322879436068471,
0.8041338582677166,0.7854330708661418,0.7231803592756573,0.7854330708661418,0.737987193475573,
0.8303393213572854,0.7894211576846307,0.7259283567168286,0.7894211576846307,0.7509515254223734,
0.80811078140455,0.7645895153313551,0.6946649618062833,0.7645895153313551,0.7210756011624541,
0.8025540275049116,0.7779960707269156,0.7125371080798002,0.7779960707269156,0.7309081332396946,
0.8280318091451292,0.7852882703777336,0.7231437024974614,0.7852882703777336,0.7477267159685865,
0.8044747081712063,0.7821011673151751,0.706343033664082,0.7821011673151751,0.7275669509988509,
0.8145315487571702,0.7868068833652008,0.7197579424569094,0.7868068833652008,0.7412162745143503,
0.8060724779627816,0.7659157688540646,0.7046962997760947,0.7659157688540646,0.7267005458370835,
0.7998075072184793,0.7767083734359962,0.7210090218757251,0.7767083734359962,0.7360678504757414,
0.8033431661750245,0.7728613569321534,0.7180597254898101,0.7728613569321534,0.7354918361276149,
0.7970149253731343,0.7681592039800995,0.691529363463317,0.7681592039800995,0.7151054265354849,
0.8241545893719807,0.7942028985507247,0.7351895001012148,0.7942028985507247,0.7553437270457681,
0.8023715415019763,0.7885375494071146,0.7262473746010221,0.7885375494071146,0.7376753281884356,
0.7964946445959105,0.7789678675754625,0.7197745946763842,0.7789678675754625,0.732562389515098,
0.8015640273704789,0.7712609970674487,0.7168951659647091,0.7712609970674487,0.7340432558763137,
0.7925270403146509,0.7699115044247787,0.7088060926040748,0.7699115044247787,0.724155959874151,
0.8011695906432749,0.7631578947368421,0.6958409282934924,0.7631578947368421,0.7192195723404956,
