Majority Class Accuracy,Accuracy,Precision,Recall,F Score,Support
0.8102766798418972,0.7786561264822134,0.7589597997206693,0.7786561264822134,0.7672255416488791,
0.8288557213930349,0.8119402985074626,0.7925221613133193,0.8119402985074626,0.8002616722734782,
0.8269230769230769,0.8028846153846154,0.7876687462027474,0.8028846153846154,0.794236248082402,
0.7849462365591398,0.7595307917888563,0.723295885561536,0.7595307917888563,0.7349936962003304,
0.8315163528245788,0.7958374628344896,0.7739772559823584,0.7958374628344896,0.7832715685334796,
0.8173913043478261,0.7777777777777778,0.7609710550887021,0.7777777777777778,0.7683966861598441,
0.8093385214007782,0.7986381322957199,0.774705768616921,0.7986381322957199,0.7830315890374855,
0.8148514851485148,0.799009900990099,0.7764827052181299,0.799009900990099,0.7849325673308072,
0.8135922330097087,0.7961165048543689,0.7717758596626415,0.7961165048543689,0.7807617357413787,
0.7902298850574713,0.7691570881226054,0.7363483360009351,0.7691570881226054,0.7470190397286519,
0.791380999020568,0.7747306562193927,0.7442225093134933,0.7747306562193927,0.7540009137376732,
0.8106796116504854,0.8058252427184466,0.7806232902429867,0.8058252427184466,0.7884931927240264,
0.8289601554907677,0.8027210884353742,0.7795498765878033,0.8027210884353742,0.7888712737811833,
0.7962598425196851,0.7755905511811023,0.7433504867009735,0.7755905511811023,0.7540016097573086,
0.7906309751434034,0.7810707456978967,0.7541307954496977,0.7810707456978967,0.7625916453137267,
0.8065764023210832,0.7756286266924565,0.7540055897377549,0.7756286266924565,0.7628671083702913,
0.8040540540540541,0.7818532818532818,0.7608175354611542,0.7818532818532818,0.7691326120224524,
0.8173828125,0.7890625,0.7639942208483284,0.7890625,0.7739034041334932,
0.802734375,0.767578125,0.7426481881104315,0.767578125,0.7527056393678161,
0.8182720953326713,0.7954319761668321,0.7717790374408856,0.7954319761668321,0.7809741777726753,
0.8076545632973503,0.8066732090284593,0.7800761351318414,0.8066732090284593,0.7873642173565226,
0.8029411764705883,0.7872549019607843,0.7680677619095176,0.7872549019607843,0.7755789664378205,
0.8051948051948052,0.7822177822177823,0.7585086298635181,0.7822177822177823,0.7676164069133525,
0.7986381322957199,0.7762645914396887,0.7504704818363065,0.7762645914396887,0.7600054608949742,
0.8015794669299111,0.7729516288252715,0.7443597194957079,0.7729516288252715,0.7550857241323489,
0.8084479371316307,0.7642436149312377,0.7338799698123133,0.7642436149312377,0.746240712247237,
0.8017751479289941,0.7781065088757396,0.7400940991466319,0.7781065088757396,0.7523169374047842,
0.8057482656095144,0.77601585728444,0.7522452902193046,0.77601585728444,0.761723378017119,
0.8007736943907157,0.7601547388781431,0.7348055698994371,0.7601547388781431,0.7452132077261384,
0.8031651829871415,0.7734915924826904,0.7458590213533485,0.7734915924826904,0.7564224508299336,
