Majority Class Accuracy,Accuracy,Precision,Recall,F Score,Support
0.807502467917078,0.7729516288252715,0.7328505422791894,0.7729516288252715,0.7473323313117344,
0.810546875,0.7490234375,0.7132037543036248,0.7490234375,0.7284989217368869,
0.805940594059406,0.7722772277227723,0.7337115995434129,0.7722772277227723,0.7476190743013181,
0.812984496124031,0.7713178294573644,0.7323370231396691,0.7713178294573644,0.7474402528833849,
0.820136852394917,0.7781036168132942,0.7339052252436775,0.7781036168132942,0.7510216337779008,
0.8196881091617934,0.7495126705653021,0.7130049651065014,0.7495126705653021,0.7291713620534269,
0.7994323557237465,0.7568590350047304,0.6968143017289061,0.7568590350047304,0.7183990834260255,
0.8093346573982125,0.7576961271102284,0.7204568483705659,0.7576961271102284,0.7356763427829843,
0.7916251246261217,0.7517447657028913,0.7060952500578506,0.7517447657028913,0.7222432524174357,
0.8152804642166345,0.753384912959381,0.7056708282046773,0.753384912959381,0.7258549523435452,
0.8185443668993021,0.7706879361914257,0.7228324497698696,0.7706879361914257,0.7418711420778221,
0.8180933852140078,0.7723735408560312,0.7255191444118912,0.7723735408560312,0.7439238097962921,
0.7923076923076923,0.7403846153846154,0.6864283345964381,0.7403846153846154,0.7069315582513044,
0.8041543026706232,0.7705242334322453,0.7255466561907726,0.7705242334322453,0.7410816761808311,
0.7862001943634597,0.7463556851311953,0.6939408722632024,0.7463556851311953,0.7117095128874468,
0.8135593220338984,0.765702891326022,0.7339732174492433,0.765702891326022,0.7470929690486351,
0.8104956268221575,0.7482993197278912,0.7163485775049101,0.7482993197278912,0.7301662432913308,
0.8204121687929342,0.7654563297350343,0.7291873061541947,0.7654563297350343,0.744520257706341,
0.7896786757546251,0.747809152872444,0.6862543052073351,0.747809152872444,0.7075031309312241,
0.8138862102217936,0.7377049180327869,0.7022161525967828,0.7377049180327869,0.7180689656442177,
0.7744360902255639,0.7415413533834586,0.6852431961748922,0.7415413533834586,0.7016601303552406,
0.8354554358472086,0.7610186092066601,0.7401432723883934,0.7610186092066601,0.7499008900178538,
0.7713444553483808,0.7095191364082434,0.6578325716887696,0.7095191364082434,0.6776696699454621,
0.7899497487437186,0.75678391959799,0.7084149479338909,0.75678391959799,0.7240521810059678,
0.8131760078662733,0.767944936086529,0.7098292478304291,0.767944936086529,0.7321133235931463,
0.7880928355196771,0.7497477295660948,0.6913112243929562,0.7497477295660948,0.7106521898896734,
0.7900874635568513,0.7434402332361516,0.6845667531922616,0.7434402332361516,0.7058576493149542,
0.830225711481845,0.7566241413150148,0.7238177294801376,0.7566241413150148,0.7387294160130582,
0.8129285014691479,0.7708129285014691,0.727457577662278,0.7708129285014691,0.7440308083536782,
0.812984496124031,0.7596899224806202,0.7158986054543719,0.7596899224806202,0.7337446465388459,
