Majority Class Accuracy,Accuracy,Precision,Recall,F Score,Support
0.8062015503875969,0.7684108527131783,0.7443923358332953,0.7684108527131783,0.7542989727129633,
0.7838645418326693,0.7559760956175299,0.7352648955032446,0.7559760956175299,0.7435583714549314,
0.7904667328699106,0.7547169811320755,0.7252372155053673,0.7547169811320755,0.7365235277599839,
0.8076545632973503,0.7831207065750736,0.7508467790946416,0.7831207065750736,0.76219036419321,
0.8169291338582677,0.7755905511811023,0.7435388859482013,0.7755905511811023,0.7564406563712336,
0.7909715407262021,0.7850834151128557,0.755651004580204,0.7850834151128557,0.7636800367393484,
0.8257425742574257,0.7970297029702971,0.7837337520968025,0.7970297029702971,0.7896523110188789,
0.8303212851405622,0.7941767068273092,0.7858660884495828,0.7941767068273092,0.7897735339754967,
0.7835153922542205,0.7735849056603774,0.7562087525210937,0.7735849056603774,0.7629217684902,
0.7790927021696252,0.7564102564102564,0.7314185318157512,0.7564102564102564,0.7405526717787148,
0.8184410646387833,0.785171102661597,0.7598397602315984,0.785171102661597,0.7701026731685597,
0.8112294288480155,0.7841239109390126,0.7586647803290165,0.7841239109390126,0.7685547147093914,
0.7964946445959105,0.7750730282375852,0.7492009731829748,0.7750730282375852,0.7586620008417501,
0.811949069539667,0.7796278158667973,0.7488476108856863,0.7796278158667973,0.7606189644404818,
0.8053691275167785,0.7679769894534996,0.744826725731906,0.7679769894534996,0.754418775798504,
0.7892204042348412,0.7767083734359962,0.7472398617168644,0.7767083734359962,0.7563086702600713,
0.8,0.7758793969849246,0.7611781280267675,0.7758793969849246,0.7674853242713778,
0.7941463414634147,0.7639024390243903,0.732482345261409,0.7639024390243903,0.7439326678124352,
0.8165853658536585,0.7726829268292683,0.7568336634200603,0.7726829268292683,0.7639451141717656,
0.8126858275520317,0.7849355797819624,0.7632303514628413,0.7849355797819624,0.7720397879847531,
0.7876447876447876,0.7799227799227799,0.7530422878281844,0.7799227799227799,0.7612321081934342,
0.8274547187797903,0.8141086749285034,0.7920810122236027,0.8141086749285034,0.8003114496123319,
0.8061938061938062,0.7912087912087912,0.7594281270795158,0.7912087912087912,0.7693900366527231,
0.8259615384615384,0.7951923076923076,0.7677913805987576,0.7951923076923076,0.7786522999947283,
0.8202137998056366,0.7842565597667639,0.7685045256597283,0.7842565597667639,0.775470840401865,
0.8131115459882583,0.7690802348336595,0.749879919915165,0.7690802348336595,0.7582896657533816,
0.8057692307692308,0.7846153846153846,0.7545485935391364,0.7846153846153846,0.7650200466200466,
0.7873786407766991,0.7533980582524272,0.7239322914105009,0.7533980582524272,0.7350451732234826,
0.8261738261738262,0.7812187812187812,0.7674886171038731,0.7812187812187812,0.7737747194456875,
0.782483156881617,0.7834456207892204,0.755285759666674,0.7834456207892204,0.7618899987651291,
