Majority Class Accuracy,Accuracy,Precision,Recall,F Score,Support
0.8155619596541787,0.8097982708933718,0.7353649792018199,0.8097982708933718,0.7429056447273966,
0.8174681059862611,0.81648675171737,0.7478732706470899,0.81648675171737,0.7402881816804968,
0.8385214007782101,0.8424124513618677,0.8124988350968596,0.8424124513618677,0.7822596301427824,
0.834774255523535,0.8309317963496637,0.7475070136060697,0.8309317963496637,0.7628948007349343,
0.8042024832855779,0.8013371537726839,0.7302307263907593,0.8013371537726839,0.7271942429535553,
0.8174681059862611,0.8125613346418057,0.7091058664257004,0.8125613346418057,0.7364937345328364,
0.792741165234002,0.789875835721108,0.7051216549783884,0.789875835721108,0.7065498164375551,
0.8189910979228486,0.8100890207715133,0.7071824389546315,0.8100890207715133,0.738266626912574,
0.8165853658536585,0.8097560975609757,0.709634850833154,0.8097560975609757,0.7359413671790633,
0.8015717092337917,0.7966601178781926,0.6867825025545035,0.7966601178781926,0.7144153863834093,
0.7864173228346457,0.7844488188976378,0.7093538575357362,0.7844488188976378,0.700222505637231,
0.8013245033112583,0.8013245033112583,0.7470685908079727,0.8013245033112583,0.7321918253649972,
0.7964774951076321,0.7954990215264188,0.7165547723918435,0.7954990215264188,0.7093853706268596,
0.8118811881188119,0.807920792079208,0.7282652533755958,0.807920792079208,0.7343708975717474,
0.8065476190476191,0.7956349206349206,0.6641720507298396,0.7956349206349206,0.7165112726506532,
0.8167170191339376,0.81067472306143,0.6661167177333533,0.81067472306143,0.7313205788685425,
0.791380999020568,0.7933398628795298,0.7675060189228179,0.7933398628795298,0.7074047516450559,
0.7912621359223301,0.7854368932038835,0.6926218618946401,0.7854368932038835,0.704689368254264,
0.8193359375,0.81640625,0.7429462808148825,0.81640625,0.7451981384793884,
0.799410029498525,0.7944936086529006,0.7018849946255369,0.7944936086529006,0.7148530997930626,
0.7922201138519924,0.7884250474383302,0.6798134938919749,0.7884250474383302,0.701960601220638,
0.8102261553588987,0.8082595870206489,0.7340674277110376,0.8082595870206489,0.7314165057728718,
0.8155619596541787,0.8117195004803074,0.6957969622297401,0.8117195004803074,0.7325788214938164,
0.7744433688286544,0.7666989351403679,0.6685677671394811,0.7666989351403679,0.6821958428146759,
0.8092428711897739,0.8023598820058997,0.7124010064202674,0.8023598820058997,0.729058141181639,
0.8029556650246306,0.8019704433497536,0.7107436541469525,0.8019704433497536,0.7165586805471298,
0.8093841642228738,0.7976539589442815,0.6933773459679612,0.7976539589442815,0.7249735575743894,
0.8297244094488189,0.8218503937007874,0.737350137720761,0.8218503937007874,0.7570640668254214,
0.8036929057337221,0.8007774538386784,0.7025021918188579,0.8007774538386784,0.7183439513604337,
0.812807881773399,0.8108374384236453,0.7372546136313506,0.8108374384236453,0.7350173625131229,
