Majority Class Accuracy,Accuracy,Precision,Recall,F Score,Support
0.8013565891472868,0.7732558139534884,0.7170136957806132,0.7732558139534884,0.7340121364555656,
0.7950738916256158,0.7704433497536946,0.6971958411232279,0.7704433497536946,0.717301776806357,
0.8035892323030908,0.7666999002991027,0.6992098990385167,0.7666999002991027,0.7225861343305723,
0.7909002904162633,0.7725072604065828,0.7254100348044021,0.7725072604065828,0.736983351729055,
0.8241758241758241,0.7712287712287712,0.7252246398587862,0.7712287712287712,0.7443007947466546,
0.7978515625,0.7783203125,0.7164712540187361,0.7783203125,0.7309854533597395,
0.8136769078295342,0.7700693756194251,0.7067028604774468,0.7700693756194251,0.7308350728306647,
0.8206106870229007,0.8091603053435115,0.7452604571305341,0.8091603053435115,0.7573056835602774,
0.8046647230320699,0.7871720116618076,0.7235587468069934,0.7871720116618076,0.7380336708315899,
0.7952380952380952,0.7723809523809524,0.6984223184223185,0.7723809523809524,0.717899780584712,
0.8235867446393762,0.797270955165692,0.7268451950440135,0.797270955165692,0.7501856094561633,
0.8013500482160077,0.7753134040501446,0.7118148841853852,0.7753134040501446,0.7300831158459758,
0.8104125736738703,0.768172888015717,0.7111076825698047,0.768172888015717,0.732297493861474,
0.7890625,0.7626953125,0.6998374815819436,0.7626953125,0.7168652467440804,
0.80620884289746,0.7770460959548448,0.7079005451855749,0.7770460959548448,0.729761165617241,
0.7958984375,0.7744140625,0.7036626496585408,0.7744140625,0.7213846256394303,
0.8133462282398453,0.8007736943907157,0.7578417844606745,0.8007736943907157,0.7680852385400929,
0.8106796116504854,0.7980582524271844,0.747681468300983,0.7980582524271844,0.7579681580481386,
0.8082191780821918,0.7925636007827789,0.7350287413847342,0.7925636007827789,0.7475808852367609,
0.8042381432896064,0.7709384460141272,0.7017859404831163,0.7709384460141272,0.7248319657395083,
0.8109696376101861,0.7825661116552399,0.724704009116931,0.7825661116552399,0.7429750017625845,
0.8133462282398453,0.7862669245647969,0.727330177130709,0.7862669245647969,0.7456984118696083,
0.7920792079207921,0.7702970297029703,0.7004003789517376,0.7702970297029703,0.7175285774640191,
0.8289345063538612,0.7966764418377321,0.7250763229208641,0.7966764418377321,0.7515822171491279,
0.8132411067193676,0.7786561264822134,0.7212681619350465,0.7786561264822134,0.7412018153875277,
0.7965284474445516,0.7772420443587271,0.7185757166425701,0.7772420443587271,0.7322312755827051,
0.8104448742746615,0.7940038684719536,0.7309592339857304,0.7940038684719536,0.7453040044870383,
0.8121927236971485,0.7915437561455261,0.7233383640463287,0.7915437561455261,0.7418495710961346,
0.8128598848368522,0.7927063339731286,0.7390095810498861,0.7927063339731286,0.7534975356948621,
0.7942583732057417,0.7559808612440191,0.690264978970319,0.7559808612440191,0.7124888291667734,
