Majority Class Accuracy,Accuracy,Precision,Recall,F Score,Support
0.7961165048543689,0.7766990291262136,0.7509140751130494,0.7766990291262136,0.7602022578164049,
0.8081791626095424,0.7877312560856865,0.7689706244913596,0.7877312560856865,0.7765637708957892,
0.7907662082514735,0.8015717092337917,0.7815552395962163,0.8015717092337917,0.78728945019873,
0.8143133462282398,0.7843326885880078,0.765463242292301,0.7843326885880078,0.7734198106416325,
0.7890699904122723,0.7718120805369127,0.7509990575087279,0.7718120805369127,0.7589273508991922,
0.8044354838709677,0.7651209677419355,0.7399961751163595,0.7651209677419355,0.7503155718307852,
0.8249516441005803,0.7756286266924565,0.7605266063455294,0.7756286266924565,0.7674300585919609,
0.8009569377990431,0.7722488038277512,0.7419483744040039,0.7722488038277512,0.7531102772733582,
0.7950738916256158,0.7645320197044335,0.7403082714398084,0.7645320197044335,0.7498549399126523,
0.8172888015717092,0.7721021611001965,0.7575010685757384,0.7721021611001965,0.764124627436685,
0.797676669893514,0.782187802516941,0.7642959375656009,0.782187802516941,0.7714108881541204,
0.80039331366765,0.7689282202556539,0.7486493129704872,0.7689282202556539,0.7570442542466344,
0.8031341821743389,0.7678746327130265,0.747016946172059,0.7678746327130265,0.7557421060228993,
0.8104639684106614,0.7897334649555775,0.7726452219849718,0.7897334649555775,0.7797276934388838,
0.8303921568627451,0.7980392156862746,0.7838970093782622,0.7980392156862746,0.7902096689949146,
0.7873563218390804,0.7739463601532567,0.7502504161986921,0.7739463601532567,0.7585739572430438,
0.8181818181818182,0.7823984526112185,0.7606298143812141,0.7823984526112185,0.7697960463917911,
0.7909715407262021,0.7644749754661433,0.7391979076821377,0.7644749754661433,0.7487781001029284,
0.7921951219512195,0.76,0.7355698924731183,0.76,0.7452248875562218,
0.8243243243243243,0.7934362934362934,0.7733776673933545,0.7934362934362934,0.7818288751079847,
0.7743538767395626,0.757455268389662,0.7295666764680497,0.757455268389662,0.7387130398365315,
0.7828627069133398,0.7604673807205453,0.7405592267242133,0.7604673807205453,0.7484123753749968,
0.8131760078662733,0.7856440511307768,0.7699361564454521,0.7856440511307768,0.7767108325928596,
0.819704433497537,0.7862068965517242,0.7756495765275256,0.7862068965517242,0.7804962984314795,
0.8123167155425219,0.7712609970674487,0.7534362144778269,0.7712609970674487,0.7612566795063422,
0.8185365853658536,0.7785365853658537,0.7599697262092792,0.7785365853658537,0.7680831710298875,
0.7878787878787878,0.7800586510263929,0.7578721623600795,0.7800586510263929,0.7655205959908861,
0.8189910979228486,0.7873392680514342,0.7675116282804842,0.7873392680514342,0.7758749481291956,
0.8241010689990281,0.7968901846452867,0.7785859129124895,0.7968901846452867,0.7863160904482223,
0.8023369036027264,0.7809152872444012,0.7553824088944605,0.7809152872444012,0.7648286749073807,
