Majority Class Accuracy,Accuracy,Precision,Recall,F Score,Support
0.8113570741097209,0.7776708373435997,0.7421228113792281,0.7776708373435997,0.7553524475862975,
0.8299319727891157,0.7842565597667639,0.7534051857360128,0.7842565597667639,0.7663727710479467,
0.808695652173913,0.7661835748792271,0.7108982217236962,0.7661835748792271,0.7313833090696897,
0.8224852071005917,0.7672583826429981,0.7296477386760787,0.7672583826429981,0.7455636622905341,
0.8082191780821918,0.7544031311154599,0.7130042842240433,0.7544031311154599,0.7298544922193083,
0.810546875,0.7626953125,0.7238629092866429,0.7626953125,0.7393933035673182,
0.8144126357354393,0.7512339585389931,0.7307779248296671,0.7512339585389931,0.7400501603332897,
0.8126232741617357,0.772189349112426,0.736930649420854,0.772189349112426,0.7507215691881125,
0.8146341463414634,0.7853658536585366,0.7418542126772566,0.7853658536585366,0.7566873994506119,
0.8103616813294232,0.7732160312805474,0.731001595958409,0.7732160312805474,0.7465171758587068,
0.797,0.746,0.7071044186487,0.746,0.722531155870078,
0.8182711198428291,0.7897838899803536,0.7489597614338139,0.7897838899803536,0.763114808108368,
0.8005893909626719,0.7406679764243614,0.7009541920751933,0.7406679764243614,0.7173975516888106,
0.8007736943907157,0.7495164410058027,0.7119909827548326,0.7495164410058027,0.7270700616699671,
0.8021760633036598,0.7428288822947576,0.7077059340228774,0.7428288822947576,0.7224473942968691,
0.8160804020100503,0.7748743718592965,0.7323718159783198,0.7748743718592965,0.7486729091796683,
0.816504854368932,0.7631067961165049,0.7325887019075602,0.7631067961165049,0.7455865695792881,
0.7966764418377321,0.761485826001955,0.7110804189344757,0.761485826001955,0.7279894229946259,
0.793713163064833,0.743614931237721,0.704580610873347,0.743614931237721,0.7198911228438544,
0.8007850834151129,0.7723258096172718,0.744933638244191,0.7723258096172718,0.75531870083551,
0.8015340364333653,0.74784276126558,0.7087753921505033,0.74784276126558,0.7245861113238915,
0.8003913894324853,0.7455968688845401,0.7109460933945302,0.7455968688845401,0.7252326745863308,
0.8055009823182712,0.7583497053045186,0.7197499315597926,0.7583497053045186,0.7350049631115446,
0.7958374628344896,0.759167492566898,0.7053978472997857,0.759167492566898,0.7235027122322331,
0.8157894736842105,0.7826510721247564,0.747143351800554,0.7826510721247564,0.760411592301236,
0.8076923076923077,0.7451923076923077,0.7064477953483136,0.7451923076923077,0.7228638646916349,
0.8174681059862611,0.7585868498527969,0.7156355207893618,0.7585868498527969,0.7337462319152943,
0.8,0.7478260869565218,0.7041495340527535,0.7478260869565218,0.7214063119228895,
0.8250244379276638,0.7683284457478006,0.7413644333486836,0.7683284457478006,0.7532273414798173,
0.8227969348659003,0.7806513409961686,0.7420551412373756,0.7806513409961686,0.7573556412985871,
