Majority Class Accuracy,Accuracy,Precision,Recall,F Score,Support
0.8003857280617165,0.7917068466730954,0.6708621451023663,0.7917068466730954,0.7107662557737925,
0.8076545632973503,0.8066732090284593,0.7438902480039369,0.8066732090284593,0.7317065495321687,
0.8091976516634051,0.8101761252446184,0.7709101824752207,0.8101761252446184,0.7297892142920818,
0.7996089931573802,0.7996089931573802,0.7414582821701842,0.7996089931573802,0.7177083326995842,
0.7988394584139265,0.7978723404255319,0.7317575833205706,0.7978723404255319,0.7177287940361996,
0.81648675171737,0.8076545632973503,0.7161791229791848,0.8076545632973503,0.7380417757274106,
0.8117073170731708,0.8097560975609757,0.735878889823381,0.8097560975609757,0.7334304109374997,
0.8165225744476465,0.8059558117195005,0.7200220865763538,0.8059558117195005,0.7400236544385906,
0.7920696324951644,0.7920696324951644,0.733143303132105,0.7920696324951644,0.7072282205938696,
0.7996070726915521,0.7996070726915521,0.7414655021494291,0.7996070726915521,0.7177393315553405,
0.7927308447937131,0.7917485265225933,0.7282230583952138,0.7917485265225933,0.7127202843800109,
0.8048309178743961,0.8009661835748793,0.7071266643101215,0.8009661835748793,0.7211214338535522,
0.806949806949807,0.805019305019305,0.6508666721432679,0.805019305019305,0.7197819668407903,
0.7801556420233463,0.7762645914396887,0.6637884336614023,0.7762645914396887,0.6854307905574953,
0.8214634146341463,0.8185365853658536,0.7556139206241238,0.8185365853658536,0.7544473062855669,
0.8034682080924855,0.791907514450867,0.6778930069137481,0.791907514450867,0.7151719315701582,
0.8181818181818182,0.8132411067193676,0.7101221587761967,0.8132411067193676,0.7374954755502207,
0.8084291187739464,0.8045977011494253,0.6529619805481874,0.8045977011494253,0.7208922078239012,
0.806420233463035,0.8073929961089494,0.7604360641117512,0.8073929961089494,0.729324785137042,
0.8281553398058252,0.8145631067961165,0.7172660201179618,0.8145631067961165,0.7500676066486132,
0.8349328214971209,0.8320537428023033,0.7302668816181329,0.8320537428023033,0.7601785622054144,
0.8076923076923077,0.8057199211045365,0.7309607722954335,0.8057199211045365,0.7279148343194475,
0.8027210884353742,0.7978620019436345,0.6435879039115646,0.7978620019436345,0.7124692038977753,
0.801,0.802,0.7753948512203276,0.802,0.7167325851606294,
0.7798076923076923,0.7740384615384616,0.6071036676089867,0.7740384615384616,0.6804825932874713,
0.8081510934393639,0.7972166998011928,0.686750253253571,0.7972166998011928,0.7221436877387963,
0.812375249500998,0.8083832335329342,0.7385172628266888,0.8083832335329342,0.7399615707765554,
0.8134254689042448,0.8124383020730503,0.7488605307557729,0.8124383020730503,0.738115181717627,
0.7846750727449079,0.7837051406401552,0.7156142643989964,0.7837051406401552,0.6982453316277679,
0.8058823529411765,0.8029411764705883,0.6882932483338163,0.8029411764705883,0.7196171866903425,
