Majority Class Accuracy,Accuracy,Precision,Recall,F Score,Support
0.7938856015779092,0.76232741617357,0.7509614707284826,0.76232741617357,0.7560813660998366,
0.8123167155425219,0.7683284457478006,0.7622593130380708,0.7683284457478006,0.765168534103046,
0.8218905472636816,0.7442786069651741,0.7368532925932824,0.7442786069651741,0.7404589794206926,
0.7781094527363184,0.7621890547263681,0.7625704930623998,0.7621890547263681,0.7623789873366938,
0.8043912175648703,0.7774451097804391,0.7624090081740051,0.7774451097804391,0.7689002865015352,
0.7992315081652257,0.7694524495677233,0.7570611051939877,0.7694524495677233,0.7625809770069444,
0.8090551181102362,0.7568897637795275,0.7564107899481042,0.7568897637795275,0.7566495615559188,
0.8032945736434108,0.750968992248062,0.7523565356623952,0.750968992248062,0.7516566010403982,
0.7986512524084779,0.7639691714836223,0.7584757311269626,0.7639691714836223,0.7610991554691692,
0.8353174603174603,0.7728174603174603,0.7755476155542181,0.7728174603174603,0.7741645201235038,
0.7914645974781765,0.7546071774975752,0.7328153636132129,0.7546071774975752,0.7418146516903008,
0.8009615384615385,0.7519230769230769,0.7473991777381592,0.7519230769230769,0.749592904260134,
0.8115079365079365,0.7688492063492064,0.7646307013544983,0.7688492063492064,0.766677817922298,
0.8190661478599222,0.7811284046692607,0.773281231979021,0.7811284046692607,0.7769815317905415,
0.8025169409486931,0.755082284607938,0.7463997614667034,0.755082284607938,0.7504884325592202,
0.8118908382066277,0.7807017543859649,0.767975978086805,0.7807017543859649,0.7736706854764884,
0.8205625606207565,0.7895247332686712,0.7828410681061713,0.7895247332686712,0.7860028322238339,
0.8191593352883676,0.7673509286412512,0.7702794939114818,0.7673509286412512,0.7687892387683608,
0.8147410358565738,0.7689243027888446,0.7765609250118363,0.7689243027888446,0.7725476355998939,
0.8092428711897739,0.767944936086529,0.7530649523404271,0.767944936086529,0.7597281773851963,
0.8222433460076045,0.7804182509505704,0.7854613691972665,0.7804182509505704,0.7828525736733488,
0.8132820019249278,0.7468719923002888,0.7453596092889033,0.7468719923002888,0.7461100509971279,
0.8015414258188824,0.7543352601156069,0.7592556295981193,0.7543352601156069,0.7567120862106042,
0.8125613346418057,0.7350343473994112,0.7423906641551871,0.7350343473994112,0.7385885102551033,
0.7956131605184447,0.7666999002991027,0.7599496403085635,0.7666999002991027,0.7631206593091202,
0.8128128128128128,0.7557557557557557,0.7537386309485313,0.7557557557557557,0.7547355709517872,
0.8017408123791102,0.7678916827852998,0.7576339543259828,0.7678916827852998,0.7623318253658032,
0.8003894839337877,0.7740993184031159,0.7625577017729673,0.7740993184031159,0.7677117487156868,
0.822265625,0.7724609375,0.7588839745582612,0.7724609375,0.7651411823282582,
0.8255360623781677,0.8011695906432749,0.7967922967379691,0.8011695906432749,0.798896254450816,
