Majority Class Accuracy,Accuracy,Precision,Recall,F Score,Support
0.8064516129032258,0.7917888563049853,0.767146178436501,0.7917888563049853,0.7759219589059712,
0.8035538005923001,0.788746298124383,0.7683446021348245,0.788746298124383,0.7761411450211387,
0.791828793774319,0.7558365758754864,0.7258748861684982,0.7558365758754864,0.7373362437786817,
0.8170498084291188,0.8026819923371648,0.7758321368080205,0.8026819923371648,0.7850980912959696,
0.8102766798418972,0.7885375494071146,0.7631827164929932,0.7885375494071146,0.7726893831753167,
0.8147783251231527,0.7793103448275862,0.7655448467367869,0.7793103448275862,0.7717086371893755,
0.8263888888888888,0.7926587301587301,0.7678651433691757,0.7926587301587301,0.7780551048415878,
0.8125613346418057,0.7664376840039254,0.7530065333403029,0.7664376840039254,0.7591424857205691,
0.8169425511197663,0.7925998052580331,0.7688166260393277,0.7925998052580331,0.7781229925679031,
0.7946954813359528,0.7593320235756386,0.7278849289857661,0.7593320235756386,0.7397688165472261,
0.8177434908389586,0.7878495660559306,0.7665399958378887,0.7878495660559306,0.7753399449718225,
0.7992047713717694,0.7723658051689861,0.7490466669938318,0.7723658051689861,0.7581932588676066,
0.798989898989899,0.7888888888888889,0.7685972068933181,0.7888888888888889,0.7760947864497924,
0.8114832535885167,0.784688995215311,0.764837543325047,0.784688995215311,0.7730103451304653,
0.7988394584139265,0.7620889748549323,0.726864483661697,0.7620889748549323,0.7400010148503569,
0.7755905511811023,0.7716535433070866,0.7528576176958373,0.7716535433070866,0.7595870001543924,
0.8127984718242598,0.7803247373447947,0.7526732528353003,0.7803247373447947,0.7635490826239905,
0.81099324975892,0.7868852459016393,0.7731576853050949,0.7868852459016393,0.7791406532800931,
0.8015873015873016,0.7509920634920635,0.7269857092934671,0.7509920634920635,0.7372752483863595,
0.8279252704031466,0.799410029498525,0.7847351139508042,0.799410029498525,0.791187755121634,
0.8317214700193424,0.7949709864603481,0.772457972799006,0.7949709864603481,0.7820264473291744,
0.7887596899224806,0.752906976744186,0.7187591159916672,0.752906976744186,0.7312852880556319,
0.8153846153846154,0.8144230769230769,0.7957160063804161,0.8144230769230769,0.8023774815315601,
0.813047711781889,0.7955209347614411,0.7776840783277903,0.7955209347614411,0.7849145218572761,
0.7996070726915521,0.7711198428290766,0.7319709999251757,0.7711198428290766,0.7451233748009669,
0.8047105004906772,0.7517173699705594,0.7273742731597913,0.7517173699705594,0.7378892816935292,
0.8001958863858962,0.7972575905974535,0.7738980485020178,0.7972575905974535,0.7813329504903229,
0.7988450433108758,0.7776708373435997,0.7470232947392735,0.7776708373435997,0.7574970061415053,
0.8007699711260827,0.7882579403272377,0.7688347977273432,0.7882579403272377,0.7762581601164174,
0.8148148148148148,0.7690058479532164,0.7510949396940907,0.7690058479532164,0.7590475015272904,
