Majority Class Accuracy,Accuracy,Precision,Recall,F Score,Support
0.8037475345167653,0.8007889546351085,0.7848861368754372,0.8007889546351085,0.7910266734901185,
0.7964426877470355,0.7766798418972332,0.7551759546397937,0.7766798418972332,0.7634564943958461,
0.7960975609756098,0.7717073170731708,0.7571737261295107,0.7717073170731708,0.7634136603372136,
0.8238747553816047,0.7886497064579256,0.7736283306014663,0.7886497064579256,0.7803105681488576,
0.7790476190476191,0.7704761904761904,0.7524880844717415,0.7704761904761904,0.7592783829119414,
0.8112094395280236,0.7826941986234022,0.7796563283842045,0.7826941986234022,0.7811357751676231,
0.7990049751243781,0.7820895522388059,0.7530911334798874,0.7820895522388059,0.7627973360571372,
0.7891156462585034,0.7677356656948494,0.7456646841705612,0.7677356656948494,0.7541150758916397,
0.8333333333333334,0.7958579881656804,0.7845701028975444,0.7958579881656804,0.7897756650821449,
0.7851002865329513,0.7803247373447947,0.7589538885751077,0.7803247373447947,0.7662290123939905,
0.8119001919385797,0.7955854126679462,0.7762367885851945,0.7955854126679462,0.7838609688716793,
0.802747791952895,0.7752698724239451,0.7639033631357203,0.7752698724239451,0.7690039153851919,
0.81237721021611,0.7917485265225933,0.7734020370738548,0.7917485265225933,0.780891890301693,
0.8190661478599222,0.7859922178988327,0.7778883940690564,0.7859922178988327,0.7816829931043878,
0.8145631067961165,0.7893203883495146,0.7726700222203341,0.7893203883495146,0.7797356681786431,
0.7933649289099526,0.7639810426540284,0.7418408871656148,0.7639810426540284,0.750699469932377,
0.8182683158896289,0.8097050428163654,0.7953548883777848,0.8097050428163654,0.8012512232015555,
0.8263358778625954,0.7805343511450382,0.7688732342374719,0.7805343511450382,0.7742882699689971,
0.8346456692913385,0.7903543307086615,0.7785895601879489,0.7903543307086615,0.7840542104091863,
0.8001949317738791,0.7699805068226121,0.7504841053884714,0.7699805068226121,0.7585804599399013,
0.7978303747534516,0.7741617357001972,0.7623145244083375,0.7741617357001972,0.7675550954272577,
0.8228346456692913,0.7883858267716536,0.7690178799059353,0.7883858267716536,0.7773192489912898,
0.8048076923076923,0.7817307692307692,0.7634817826838622,0.7817307692307692,0.7709836584062484,
0.8119001919385797,0.7763915547024952,0.7671363959380749,0.7763915547024952,0.7714336434975707,
0.8073485600794439,0.7715988083416088,0.7486208936057102,0.7715988083416088,0.7581121680933189,
0.8203883495145631,0.7766990291262136,0.7592218365504111,0.7766990291262136,0.7669935921562134,
0.814176245210728,0.8017241379310345,0.7935436278993557,0.8017241379310345,0.7972610969403006,
0.8184438040345822,0.7915465898174832,0.7738178232319343,0.7915465898174832,0.7813150690986712,
0.7832512315270936,0.774384236453202,0.7453407637904702,0.774384236453202,0.7537537594752227,
0.8166160081053698,0.7862208713272543,0.7662192099485144,0.7862208713272543,0.7745897512446777,
