Majority Class Accuracy,Accuracy,Precision,Recall,F Score,Support
0.8076535750251762,0.7844914400805639,0.7277968411399152,0.7844914400805639,0.7437124011252668,
0.8100289296046287,0.7743490838958534,0.6984403289128458,0.7743490838958534,0.7257247964536653,
0.8239366963402571,0.7962413452027696,0.7438284137643814,0.7962413452027696,0.7612068278614225,
0.7944015444015444,0.7712355212355212,0.7041721060771862,0.7712355212355212,0.7214730844713498,
0.8076923076923077,0.7889546351084813,0.7333640475695351,0.7889546351084813,0.7471897240700633,
0.7712871287128713,0.7485148514851485,0.6867174166241048,0.7485148514851485,0.700156150873934,
0.7876190476190477,0.7638095238095238,0.690645543965341,0.7638095238095238,0.709318651669645,
0.7841020608439647,0.7713444553483808,0.7132416654128387,0.7713444553483808,0.7214796770827026,
0.8144230769230769,0.7932692307692307,0.7268794197410146,0.7932692307692307,0.7453037871645017,
0.8167641325536062,0.7894736842105263,0.7274249112896449,0.7894736842105263,0.747164752080647,
0.8214990138067061,0.7998027613412229,0.7368285711196048,0.7998027613412229,0.7551697020945762,
0.8217054263565892,0.7936046511627907,0.7523760316009318,0.7936046511627907,0.7666892143325917,
0.8227969348659003,0.7777777777777778,0.7106753812636165,0.7777777777777778,0.7374553479586302,
0.7984496124031008,0.7693798449612403,0.7093896965897444,0.7693798449612403,0.7274696098897406,
0.7988394584139265,0.7746615087040619,0.722388278352897,0.7746615087040619,0.7370885996737482,
0.7996164908916586,0.7804410354745925,0.7126698781815634,0.7804410354745925,0.7286360930107961,
0.7867575462512172,0.7633885102239533,0.687195363248143,0.7633885102239533,0.7065644853826291,
0.803073967339097,0.7867435158501441,0.7429973297965777,0.7867435158501441,0.7542284840075426,
0.7801980198019802,0.7613861386138614,0.69511629404817,0.7613861386138614,0.7080811664310362,
0.7894736842105263,0.7680311890838206,0.7072022160664819,0.7680311890838206,0.7216482598151669,
0.7860647693817469,0.7634936211972522,0.683585656013673,0.7634936211972522,0.703809069838088,
0.8088978766430738,0.7775530839231547,0.7217795159381687,0.7775530839231547,0.7400965657359763,
0.8026440037771483,0.773371104815864,0.7080001074798283,0.773371104815864,0.7281850826429936,
0.820136852394917,0.7908113391984359,0.7231785479242765,0.7908113391984359,0.7460285254856458,
0.8152492668621701,0.782991202346041,0.7208373522888489,0.782991202346041,0.7420063055926674,
0.7966764418377321,0.7644183773216031,0.7028208297093032,0.7644183773216031,0.7222106086976944,
0.8205383848454636,0.8015952143569293,0.7354868168603433,0.8015952143569293,0.7534061141981044,
0.789272030651341,0.7653256704980843,0.6961777231042598,0.7653256704980843,0.7138667728504756,
0.7996089931573802,0.7771260997067448,0.719421000468535,0.7771260997067448,0.7346309169036888,
0.7877906976744186,0.7664728682170543,0.703641323388738,0.7664728682170543,0.7182488267175802,
