Majority Class Accuracy,Accuracy,Precision,Recall,F Score,Support
0.7757459095283927,0.7430221366698749,0.6957209018744133,0.7430221366698749,0.7103080749880181,
0.8035714285714286,0.7430555555555556,0.69433801354625,0.7430555555555556,0.7143473423164326,
0.81237721021611,0.7593320235756386,0.7052664505624578,0.7593320235756386,0.727014502887395,
0.8001930501930502,0.7538610038610039,0.6959028727609294,0.7538610038610039,0.7174705132204645,
0.8027210884353742,0.760932944606414,0.718999115615657,0.760932944606414,0.7347230865879149,
0.8079922027290448,0.7553606237816765,0.6970835560376449,0.7553606237816765,0.7202192893289814,
0.8174831892411143,0.7492795389048992,0.7194726891213865,0.7492795389048992,0.7327470216082965,
0.814638783269962,0.7604562737642585,0.711398702941292,0.7604562737642585,0.7314048777224087,
0.8111545988258317,0.7534246575342466,0.7021431096751154,0.7534246575342466,0.7232313715974974,
0.8,0.773,0.7271112904853194,0.773,0.7413998061341056,
0.804093567251462,0.7358674463937622,0.707354054090057,0.7358674463937622,0.7199216434269003,
0.8103277060575969,0.7755710029791459,0.7322062855313092,0.7755710029791459,0.7477241967200958,
0.800383877159309,0.7562380038387716,0.7098465333198639,0.7562380038387716,0.7271600011805277,
0.8089668615984406,0.7485380116959064,0.720020155331715,0.7485380116959064,0.7324119979603047,
0.8033431661750245,0.7512291052114061,0.703097606192021,0.7512291052114061,0.7220582870893717,
0.7982283464566929,0.7549212598425197,0.696054683652959,0.7549212598425197,0.7172787976770143,
0.7931707317073171,0.7375609756097561,0.7022466169015209,0.7375609756097561,0.7166584151310789,
0.8077669902912621,0.7747572815533981,0.73027286569875,0.7747572815533981,0.7457247986206217,
0.7953216374269005,0.7719298245614035,0.73315450429788,0.7719298245614035,0.7452590272573427,
0.8007699711260827,0.7410972088546679,0.6938170595942152,0.7410972088546679,0.713087920156892,
0.8249496981891348,0.7696177062374245,0.7298386617209288,0.7696177062374245,0.7466734708505166,
0.7934678194044188,0.7636887608069164,0.726550064492558,0.7636887608069164,0.7392618317465465,
0.7921182266009852,0.7467980295566502,0.6945870237909169,0.7467980295566502,0.7135418119839411,
0.8107074569789675,0.760038240917782,0.7238274947425004,0.760038240917782,0.7386479968549587,
0.8027750247770069,0.7522299306243806,0.694618213614098,0.7522299306243806,0.7168779552629777,
0.7936962750716332,0.7373447946513849,0.6956496169794427,0.7373447946513849,0.7123586834262444,
0.7960975609756098,0.735609756097561,0.6826830160727513,0.735609756097561,0.7040007177754941,
0.8094302554027505,0.7416502946954814,0.6957987953650927,0.7416502946954814,0.7154341623368949,
0.795774647887324,0.7545271629778671,0.7022710141304179,0.7545271629778671,0.7207800182769324,
0.8107317073170732,0.751219512195122,0.7092060988504593,0.751219512195122,0.7267844518402806,
