Majority Class Accuracy,Accuracy,Precision,Recall,F Score,Support
0.7978410206084396,0.7576054955839058,0.7374166133392996,0.7576054955839058,0.746008636910351,
0.8077294685990338,0.7661835748792271,0.7516240876958433,0.7661835748792271,0.7581575512046435,
0.8013765978367748,0.744346116027532,0.7336889368195867,0.744346116027532,0.7386866508083222,
0.8191593352883676,0.7771260997067448,0.7637381947457201,0.7771260997067448,0.7698337303062427,
0.8131553860819828,0.7759771210676835,0.7575508050946365,0.7759771210676835,0.7655219382320123,
0.8198458574181118,0.7658959537572254,0.7491826432662884,0.7658959537572254,0.7567946883357577,
0.7984031936127745,0.7754491017964071,0.7560474435217618,0.7754491017964071,0.7638717147144843,
0.8295114656031904,0.7706879361914257,0.7780498720583113,0.7706879361914257,0.7742240422077316,
0.7945998071359691,0.772420443587271,0.7614247710978529,0.772420443587271,0.766316155105278,
0.8035190615835777,0.7624633431085044,0.7465777796870678,0.7624633431085044,0.7536124771586661,
0.814484126984127,0.7688492063492064,0.7526892587636148,0.7688492063492064,0.7599414983454463,
0.8021547502448579,0.7571008814887366,0.7432909234773833,0.7571008814887366,0.749543282823866,
0.8076171875,0.7783203125,0.7718938654408982,0.7783203125,0.7749296752603743,
0.8159922928709056,0.7591522157996147,0.7491945033271196,0.7591522157996147,0.7539041416968579,
0.7965116279069767,0.7916666666666666,0.7764234536706934,0.7916666666666666,0.7824406956614711,
0.798219584569733,0.7556874381800198,0.7331109677777192,0.7556874381800198,0.7426136099221566,
0.8095712861415753,0.7666999002991027,0.7524395580317662,0.7666999002991027,0.758873915518477,
0.8009803921568628,0.7754901960784314,0.7634856070087609,0.7754901960784314,0.768812745506177,
0.8210116731517509,0.7782101167315175,0.7657345808699354,0.7782101167315175,0.7714616941128754,
0.8005780346820809,0.7678227360308285,0.7598148335708653,0.7678227360308285,0.7635508520047268,
0.817658349328215,0.7581573896353166,0.7501146558256291,0.7581573896353166,0.753967016780033,
0.8104448742746615,0.7746615087040619,0.7644678359137624,0.7746615087040619,0.7691640102163951,
0.8099415204678363,0.7514619883040936,0.7420309128436063,0.7514619883040936,0.7465023946282145,
0.8241545893719807,0.7642512077294686,0.7591007585305231,0.7642512077294686,0.7616083362582995,
0.7899322362052275,0.755082284607938,0.740523626061738,0.755082284607938,0.7469114013341419,
0.8174603174603174,0.7609126984126984,0.7424882801159258,0.7609126984126984,0.7508341037752804,
0.801923076923077,0.7740384615384616,0.7579173532395953,0.7740384615384616,0.7648067418100447,
0.7944015444015444,0.7731660231660231,0.7618332645697924,0.7731660231660231,0.7668447924059038,
0.8198818897637795,0.7716535433070866,0.7627669498261761,0.7716535433070866,0.7669684104213814,
0.7789783889980354,0.7612966601178782,0.7467802340135623,0.7612966601178782,0.7528357592531514,
