Majority Class Accuracy,Accuracy,Precision,Recall,F Score,Support
0.8116370808678501,0.7800788954635108,0.7635590408398996,0.7800788954635108,0.7707034580534482,
0.82025819265144,0.7725918570009931,0.7661546257755392,0.7725918570009931,0.769244241324778,
0.7787878787878788,0.7676767676767676,0.7493928976173893,0.7676767676767676,0.7563557792084445,
0.7877312560856865,0.7546251217137293,0.7347628045115602,0.7546251217137293,0.7429821063630584,
0.8044315992292871,0.7707129094412332,0.7507581053897818,0.7707129094412332,0.7591372072585946,
0.812992125984252,0.7893700787401575,0.7800097364008743,0.7893700787401575,0.7842822772341178,
0.8034351145038168,0.8024809160305344,0.7824508890406228,0.8024809160305344,0.7893173430202935,
0.7957198443579766,0.7811284046692607,0.7573765599377634,0.7811284046692607,0.7658741540235252,
0.815968841285297,0.7838364167478091,0.7630624716368459,0.7838364167478091,0.7717484310828977,
0.8181818181818182,0.7882011605415861,0.770005696241805,0.7882011605415861,0.7777457464291615,
0.8015488867376573,0.7783155856727977,0.7526614604658862,0.7783155856727977,0.7622537760314556,
0.813,0.796,0.7752558635214115,0.796,0.7833022186864669,
0.8128128128128128,0.7757757757757757,0.7539562575023567,0.7757757757757757,0.7631408537206696,
0.8168604651162791,0.7887596899224806,0.7694751055294827,0.7887596899224806,0.7775319504826883,
0.8138862102217936,0.7820636451301832,0.7680162253245257,0.7820636451301832,0.7742407293306254,
0.8113207547169812,0.785501489572989,0.7768522165070804,0.785501489572989,0.7808400447172092,
0.8005893909626719,0.7779960707269156,0.7633228621930299,0.7779960707269156,0.7695944814499899,
0.7919463087248322,0.7718120805369127,0.7418414736643304,0.7718120805369127,0.7519580864920518,
0.8245787908820614,0.77998017839445,0.7574199764858743,0.77998017839445,0.7671998474408722,
0.8023833167825224,0.8073485600794439,0.794240778553182,0.8073485600794439,0.7993938907561087,
0.8003992015968064,0.783433133732535,0.7718072837372525,0.783433133732535,0.7768919059130696,
0.7906066536203522,0.764187866927593,0.748471340081374,0.764187866927593,0.7551454013459116,
0.7942583732057417,0.7760765550239235,0.769952389567824,0.7760765550239235,0.7728183789253242,
0.8169154228855722,0.7980099502487562,0.7832180204790512,0.7980099502487562,0.7895026845391301,
0.7992164544564153,0.7541625857002938,0.7333657606636932,0.7541625857002938,0.7423065798350789,
0.8092835519677094,0.7840565085771948,0.7647993102016954,0.7840565085771948,0.7727154265724232,
0.8128654970760234,0.7719298245614035,0.7461397324097553,0.7719298245614035,0.7568455506838049,
0.8031037827352085,0.7904946653734238,0.7707854231058734,0.7904946653734238,0.7782964591914918,
0.8165853658536585,0.7834146341463415,0.7698848912101752,0.7834146341463415,0.7759316564833807,
0.8,0.7699029126213592,0.7465919279132669,0.7699029126213592,0.7558939488890095,
