Majority Class Accuracy,Accuracy,Precision,Recall,F Score,Support
0.8315481986368062,0.7809152872444012,0.776332359256577,0.7809152872444012,0.7785640119605625,
0.7899408284023669,0.742603550295858,0.7359157622166673,0.742603550295858,0.7391003958742789,
0.8019512195121952,0.7619512195121951,0.7476436125633289,0.7619512195121951,0.7540398565217512,
0.7877263581488934,0.7776659959758552,0.7682431087108192,0.7776659959758552,0.7724123652569967,
0.8154589371980676,0.7652173913043478,0.763788175494508,0.7652173913043478,0.7644964362342607,
0.8019704433497536,0.7842364532019704,0.7647359873892587,0.7842364532019704,0.7724135434615659,
0.8223938223938224,0.7808880308880309,0.7690263388505681,0.7808880308880309,0.7744869954475602,
0.820079522862823,0.7783300198807157,0.7720731102644277,0.7783300198807157,0.7750679149400489,
0.7844080846968239,0.7324350336862367,0.7192417689021589,0.7324350336862367,0.7252511757822397,
0.8039800995024876,0.7701492537313432,0.7536678662898526,0.7701492537313432,0.7608106579305883,
0.807843137254902,0.7892156862745098,0.7701688647472951,0.7892156862745098,0.7777802925710492,
0.8040737148399612,0.7546071774975752,0.7476586440758711,0.7546071774975752,0.7509760407825959,
0.8113391984359726,0.7771260997067448,0.7797843458101372,0.7771260997067448,0.7784275220263385,
0.821,0.769,0.7664671592775041,0.769,0.7677146601856581,
0.8062622309197651,0.7710371819960861,0.754129510399971,0.7710371819960861,0.7614657693373276,
0.8009852216748768,0.7556650246305419,0.739906615253682,0.7556650246305419,0.7469410487108866,
0.7929389312977099,0.7423664122137404,0.738846405819586,0.7423664122137404,0.7405644039305541,
0.8174757281553398,0.7689320388349514,0.7670180832602358,0.7689320388349514,0.7679635151736446,
0.8,0.7740384615384616,0.7606407927332782,0.7740384615384616,0.7665008592955469,
0.8103277060575969,0.7418073485600795,0.7386811161874768,0.7418073485600795,0.7402201811232216,
0.7790585975024016,0.7329490874159462,0.7116783312748731,0.7329490874159462,0.720658481318346,
0.8087378640776699,0.7533980582524272,0.7553048814274744,0.7533980582524272,0.7543405107506853,
0.8071359691417551,0.7512054001928641,0.7405991272392385,0.7512054001928641,0.7455789899215692,
0.8026948989412896,0.7555341674687199,0.7510178737114954,0.7555341674687199,0.7532067886399433,
0.8111954459203036,0.7827324478178368,0.7671640324644894,0.7827324478178368,0.7738990106703361,
0.8115942028985508,0.7729468599033816,0.7680137604523237,0.7729468599033816,0.7703903868496434,
0.7996070726915521,0.7455795677799607,0.7336841311680369,0.7455795677799607,0.739199958332634,
0.8116370808678501,0.7840236686390533,0.7801191966317705,0.7840236686390533,0.7820053028847441,
0.7967086156824782,0.7318489835430784,0.733272615173011,0.7318489835430784,0.7325550614236148,
0.7876447876447876,0.7857142857142857,0.7734122124048639,0.7857142857142857,0.7784793381701993,
