Majority Class Accuracy,Accuracy,Precision,Recall,F Score,Support
0.8212605832549389,0.7826904985888994,0.7484721534228118,0.7826904985888994,0.7619702480095243,
0.8009803921568628,0.7411764705882353,0.706509338407309,0.7411764705882353,0.7210795847750865,
0.7980487804878049,0.7492682926829268,0.7112779565440691,0.7492682926829268,0.726259111838885,
0.8214971209213052,0.783109404990403,0.7335861769085152,0.783109404990403,0.752085290784341,
0.8169425511197663,0.7312560856864654,0.713658717504255,0.7312560856864654,0.7219655011380204,
0.8003857280617165,0.7569913211186113,0.6997737580967253,0.7569913211186113,0.7205770522771633,
0.7997967479674797,0.7652439024390244,0.7174852389360998,0.7652439024390244,0.7337219976029803,
0.7965284474445516,0.7492767598842816,0.7162271016708043,0.7492767598842816,0.7294428930744992,
0.8049751243781095,0.755223880597015,0.7046179076443957,0.755223880597015,0.724276163044427,
0.8282926829268292,0.7785365853658537,0.7450016198011956,0.7785365853658537,0.7591648263282302,
0.8017839444995044,0.7413280475718533,0.698804621389018,0.7413280475718533,0.7163710718169749,
0.8021442495126706,0.7436647173489279,0.6956440245913931,0.7436647173489279,0.7151441731269836,
0.7916666666666666,0.7306201550387597,0.6867016574741664,0.7306201550387597,0.7045064050369991,
0.8055832502492523,0.7507477567298105,0.7144746324073836,0.7507477567298105,0.7294616055935114,
0.8238691049085659,0.766121270452358,0.7252232474264956,0.766121270452358,0.7426331291372548,
0.8172248803827751,0.7473684210526316,0.7155075723496775,0.7473684210526316,0.7296800282915877,
0.8011928429423459,0.7654075546719682,0.7187395836476959,0.7654075546719682,0.734959404181346,
0.7938044530493708,0.750242013552759,0.700133162079812,0.750242013552759,0.7182403444341576,
0.8056365403304179,0.7521865889212828,0.7166792309480133,0.7521865889212828,0.7313076228914891,
0.7858546168958742,0.7367387033398821,0.681547916438823,0.7367387033398821,0.7017201539255193,
0.8096172718351324,0.76153091265947,0.716107141051546,0.76153091265947,0.7339237400901686,
0.8027210884353742,0.7580174927113703,0.731192521998638,0.7580174927113703,0.7422921452209943,
0.8126858275520317,0.759167492566898,0.7313806243772358,0.759167492566898,0.7433000564099352,
0.7894211576846307,0.7365269461077845,0.6962222827375284,0.7365269461077845,0.7120524926459704,
0.818889970788705,0.7633885102239533,0.7249473019677499,0.7633885102239533,0.7411095605558671,
0.7978410206084396,0.7566241413150148,0.7153341789645239,0.7566241413150148,0.7306352458497537,
0.7992164544564153,0.7698334965719883,0.7345437526264974,0.7698334965719883,0.7469416950077886,
0.8118811881188119,0.7584158415841584,0.7150305330405773,0.7584158415841584,0.7327020446148725,
0.7887049659201558,0.747809152872444,0.7070343173822909,0.747809152872444,0.7218468899354805,
0.8083657587548638,0.75,0.7190156326331216,0.75,0.7322703738714909,
