Majority Class Accuracy,Accuracy,Precision,Recall,F Score,Support
0.8325123152709359,0.7921182266009852,0.7755147440472129,0.7921182266009852,0.7829361701664,
0.8046875,0.791015625,0.7686368708281435,0.791015625,0.776847217080411,
0.8197674418604651,0.7800387596899225,0.7615525595338647,0.7800387596899225,0.7696360461061601,
0.8121387283236994,0.779383429672447,0.7567107358842724,0.779383429672447,0.7660271358630498,
0.813953488372093,0.7742248062015504,0.7531902000058991,0.7742248062015504,0.7621846207992937,
0.7954319761668321,0.7924528301886793,0.7683899339408935,0.7924528301886793,0.7758621796432307,
0.8114511352418559,0.7976307996051333,0.774943009482504,0.7976307996051333,0.7832752430317419,
0.7925636007827789,0.7632093933463796,0.7255617453454843,0.7632093933463796,0.7383010918268049,
0.7994157740993184,0.7633885102239533,0.7305233015162413,0.7633885102239533,0.7429483965944097,
0.8173741362290227,0.7936821322803553,0.7758942909798247,0.7936821322803553,0.7833188086924581,
0.8007774538386784,0.7619047619047619,0.7473422573012815,0.7619047619047619,0.7538211923122383,
0.8072763028515241,0.783677482792527,0.7583485763060226,0.783677482792527,0.7679432377207702,
0.8123791102514507,0.7852998065764023,0.7565486617264656,0.7852998065764023,0.7673542780402598,
0.8149568552253116,0.7938638542665388,0.7786643762881439,0.7938638542665388,0.7851323292907568,
0.7942057942057942,0.7872127872127872,0.760149826483072,0.7872127872127872,0.768327189692175,
0.8061325420375866,0.7744807121661721,0.751354097621283,0.7744807121661721,0.7607211489866627,
0.8011988011988012,0.7822177822177823,0.7602812269908628,0.7822177822177823,0.7686709242730787,
0.8158667972575906,0.8050930460333007,0.7851754096043722,0.8050930460333007,0.7926950043004,
0.811284046692607,0.7937743190661478,0.762013221450917,0.7937743190661478,0.7724362134699104,
0.7978620019436345,0.7910592808551993,0.7658585212656726,0.7910592808551993,0.7738896452729965,
0.7967244701348748,0.7726396917148363,0.7502343103237956,0.7726396917148363,0.7589688657771069,
0.78125,0.7646484375,0.7378115446469887,0.7646484375,0.7468755728232717,
0.7955854126679462,0.7821497120921305,0.7560023459159735,0.7821497120921305,0.7648376070842987,
0.8062015503875969,0.7926356589147286,0.769588417283693,0.7926356589147286,0.7779472334986982,
0.8170498084291188,0.7969348659003831,0.7695771932677115,0.7969348659003831,0.7795103838676047,
0.814,0.777,0.7605299417312148,0.777,0.7677665439634853,
0.8019417475728156,0.7854368932038835,0.7609370095005424,0.7854368932038835,0.7697873036931109,
0.8024809160305344,0.7814885496183206,0.7499378344880517,0.7814885496183206,0.7606250740394029,
0.8011811023622047,0.781496062992126,0.7532067477065162,0.781496062992126,0.7631028530290911,
0.8009661835748793,0.7864734299516908,0.7594911433172302,0.7864734299516908,0.7686282730499161,
