Majority Class Accuracy,Accuracy,Precision,Recall,F Score,Support
0.8068965517241379,0.7596059113300493,0.714202878470358,0.7596059113300493,0.7318209509048305,
0.8070866141732284,0.765748031496063,0.7283631538245219,0.765748031496063,0.7427658888837001,
0.7768115942028986,0.7420289855072464,0.7005440801194087,0.7420289855072464,0.7143318259387641,
0.8202357563850687,0.756385068762279,0.7186902567517957,0.756385068762279,0.7350673433923168,
0.80209324452902,0.736441484300666,0.7010181914771263,0.736441484300666,0.7161795163155298,
0.7917917917917918,0.7167167167167167,0.6790253776069378,0.7167167167167167,0.6952797652831189,
0.8086785009861933,0.7534516765285996,0.7076833422987269,0.7534516765285996,0.726287622215224,
0.7996201329534662,0.7502374169040835,0.7130137176559039,0.7502374169040835,0.7278258145041675,
0.8007850834151129,0.7369970559371933,0.6908294034034744,0.7369970559371933,0.7100070214677201,
0.8173741362290227,0.7729516288252715,0.7326503045053423,0.7729516288252715,0.7485866714906029,
0.8263821532492726,0.7701260911736179,0.7369803472520188,0.7701260911736179,0.751292667652989,
0.8227091633466136,0.7679282868525896,0.7333383969589992,0.7679282868525896,0.7480664733587442,
0.7936507936507936,0.7509920634920635,0.7016308430009688,0.7509920634920635,0.7193639134602737,
0.8138195777351248,0.7562380038387716,0.719540776271618,0.7562380038387716,0.7350366522168689,
0.8206627680311891,0.7592592592592593,0.7174197819255929,0.7592592592592593,0.7353535353535354,
0.8249754178957719,0.7640117994100295,0.7315937335288195,0.7640117994100295,0.745796885472912,
0.8242074927953891,0.7646493756003843,0.7261232344338773,0.7646493756003843,0.7427025591578351,
0.7788461538461539,0.7336538461538461,0.6779155954450224,0.7336538461538461,0.6971976685680821,
0.8019607843137255,0.7421568627450981,0.6919098013579766,0.7421568627450981,0.7123830092423442,
0.7926356589147286,0.7606589147286822,0.7067560752859806,0.7606589147286822,0.7236253022898634,
0.7978515625,0.7314453125,0.6876188005719865,0.7314453125,0.7059725010836797,
0.8083657587548638,0.7412451361867705,0.7118042216307731,0.7412451361867705,0.7247682736124027,
0.8156862745098039,0.7607843137254902,0.7221312411619538,0.7607843137254902,0.7382515020618013,
0.8173168411037107,0.7507136060894386,0.7027294862948112,0.7507136060894386,0.7234586244942175,
0.8113391984359726,0.7624633431085044,0.7231544135597614,0.7624633431085044,0.738955540856763,
0.8063891577928364,0.7483059051306873,0.6975009365421538,0.7483059051306873,0.7182196850683276,
0.8103946102021174,0.7468719923002888,0.6956579305886362,0.7468719923002888,0.7172227500893729,
0.8059701492537313,0.7532338308457711,0.7070082202807836,0.7532338308457711,0.7254462292239439,
0.7909002904162633,0.7589545014520813,0.7157252065773057,0.7589545014520813,0.730008441053476,
0.8072407045009785,0.7309197651663405,0.6938884970345818,0.7309197651663405,0.7102604920002132,
