Majority Class Accuracy,Accuracy,Precision,Recall,F Score,Support
0.8184494602551521,0.7782139352306182,0.7580016472161605,0.7782139352306182,0.7667379061838756,
0.7934678194044188,0.7780979827089337,0.7509413322149513,0.7780979827089337,0.7601058396043545,
0.808531746031746,0.7876984126984127,0.7659767773052762,0.7876984126984127,0.7744536548329082,
0.8015794669299111,0.7936821322803553,0.7812830498531766,0.7936821322803553,0.786510999343831,
0.8102261553588987,0.7699115044247787,0.7579005445641772,0.7699115044247787,0.7633895814169865,
0.8130563798219584,0.7794263105835806,0.766283404582495,0.7794263105835806,0.7721738007408973,
0.7994186046511628,0.8052325581395349,0.786799161525075,0.8052325581395349,0.7929357258086952,
0.816468253968254,0.7738095238095238,0.7612832919019997,0.7738095238095238,0.7670202859156348,
0.8056918547595682,0.7762512266928361,0.7563584583974716,0.7762512266928361,0.7645964454644092,
0.7926587301587301,0.7400793650793651,0.7231245051872582,0.7400793650793651,0.7306950587028064,
0.8235877106045589,0.7869177403369673,0.7740334442892217,0.7869177403369673,0.7798773875312869,
0.8059558117195005,0.7742555235350624,0.7449354253388837,0.7742555235350624,0.7561488253539121,
0.8096618357487922,0.7719806763285024,0.7557889683250343,0.7719806763285024,0.7629134170275416,
0.8075435203094777,0.7707930367504836,0.7534106815636771,0.7707930367504836,0.7609583693782668,
0.8096646942800789,0.777120315581854,0.7655807754631088,0.777120315581854,0.7708089544143777,
0.8065134099616859,0.7710727969348659,0.7584869563143432,0.7710727969348659,0.7641587410225612,
0.8001978239366964,0.7744807121661721,0.750079336829668,0.7744807121661721,0.7594809899198541,
0.8015564202334631,0.7947470817120622,0.7713553483501207,0.7947470817120622,0.7791930927734698,
0.7974806201550387,0.7558139534883721,0.7256600751381928,0.7558139534883721,0.7376283688328624,
0.791459781529295,0.7557100297914597,0.7275383075318111,0.7557100297914597,0.738466265613066,
0.8112488083889419,0.7683508102955195,0.746506935749676,0.7683508102955195,0.7558651519475198,
0.7837301587301587,0.7857142857142857,0.7672103601969639,0.7857142857142857,0.7735922936926668,
0.8073485600794439,0.7745779543197616,0.7598698454897477,0.7745779543197616,0.7663425830459484,
0.8299120234604106,0.7800586510263929,0.7754998667022128,0.7800586510263929,0.7777188858320923,
0.7900390625,0.7734375,0.7439363263152264,0.7734375,0.7535452736385077,
0.8209099709583737,0.7938044530493708,0.7721316148704654,0.7938044530493708,0.78096179580524,
0.7990049751243781,0.7621890547263681,0.7353885659076642,0.7621890547263681,0.7460679628362951,
0.8138613861386138,0.7712871287128713,0.758412755877348,0.7712871287128713,0.764287839277104,
0.7940886699507389,0.7586206896551724,0.7373517846339988,0.7586206896551724,0.746154531237438,
0.7925636007827789,0.7622309197651663,0.7502392858841231,0.7622309197651663,0.75559344068554,
