Majority Class Accuracy,Accuracy,Precision,Recall,F Score,Support
0.7988223748773308,0.7634936211972522,0.7410667846167911,0.7634936211972522,0.7502863886282897,
0.801980198019802,0.7653465346534654,0.7524353589615281,0.7653465346534654,0.7582387990719291,
0.7960199004975125,0.7611940298507462,0.745487336399174,0.7611940298507462,0.7523281439383369,
0.8043684710351378,0.7787274453941121,0.7677869947364427,0.7787274453941121,0.7727042607538442,
0.8352826510721247,0.7914230019493177,0.7884371863402891,0.7914230019493177,0.7899020671288446,
0.7996051332675223,0.7788746298124383,0.7659424440230086,0.7788746298124383,0.7715563710018647,
0.8288822947576657,0.7794263105835806,0.7789200231607047,0.7794263105835806,0.7791724029376786,
0.8256611165523996,0.7649363369245837,0.7607315023478406,0.7649363369245837,0.7627895057116517,
0.817641228939544,0.7651139742319127,0.7606189107895335,0.7651139742319127,0.7628068434625577,
0.7986577181208053,0.7718120805369127,0.7572185401186541,0.7718120805369127,0.763529040055521,
0.8258317025440313,0.786692759295499,0.7722135409511981,0.786692759295499,0.7787404121056757,
0.8280632411067194,0.7806324110671937,0.781630009266789,0.7806324110671937,0.7811281316470657,
0.786463298379409,0.7559580552907531,0.745669078159649,0.7559580552907531,0.7503331022562061,
0.8147783251231527,0.7477832512315271,0.7393285386367716,0.7477832512315271,0.7433866585384239,
0.7868369351669942,0.7652259332023575,0.7390929022600865,0.7652259332023575,0.7485079642909652,
0.8088669950738916,0.7527093596059113,0.7350476627696177,0.7527093596059113,0.7430304608947517,
0.8074656188605108,0.7770137524557956,0.7617686572943672,0.7770137524557956,0.7684072108853746,
0.7838899803536346,0.7603143418467584,0.7408035766851502,0.7603143418467584,0.748590302737166,
0.8104125736738703,0.7760314341846758,0.7697940621198555,0.7760314341846758,0.7727591473818659,
0.7986247544204322,0.775049115913556,0.7575113855753923,0.775049115913556,0.7647686038377126,
0.8137254901960784,0.7794117647058824,0.7653888676194517,0.7794117647058824,0.7716368161202419,
0.821917808219178,0.7808219178082192,0.7789318730409296,0.7808219178082192,0.7798645683069593,
0.8172983479105929,0.7580174927113703,0.7575173512660147,0.7580174927113703,0.7577667395962715,
0.8181818181818182,0.7782217782217782,0.7534958328974438,0.7782217782217782,0.7638489065497246,
0.8194308145240432,0.7654563297350343,0.7639620933458011,0.7654563297350343,0.7647027418385316,
0.7978515625,0.74609375,0.7320744608338502,0.74609375,0.73846435546875,
0.7894736842105263,0.7348927875243665,0.7220679536142952,0.7348927875243665,0.7279580283015527,
0.7978825794032723,0.7564966313763234,0.7365813169877984,0.7564966313763234,0.7451035906177007,
0.8178256611165524,0.761998041136141,0.7584962460914643,0.761998041136141,0.7602125549938896,
0.8111217641418984,0.7651006711409396,0.7515797835912889,0.7651006711409396,0.757748159294487,
