Majority Class Accuracy,Accuracy,Precision,Recall,F Score,Support
0.8147783251231527,0.774384236453202,0.7729919651980309,0.774384236453202,0.7736811732270947,
0.8290766208251473,0.7711198428290766,0.7653033331014367,0.7711198428290766,0.7681253404645029,
0.812984496124031,0.7771317829457365,0.7663804715603264,0.7771317829457365,0.7713152250284462,
0.7986641221374046,0.7461832061068703,0.7236804339008451,0.7461832061068703,0.7334330136990393,
0.80811078140455,0.7606330365974283,0.7511094028798612,0.7606330365974283,0.755575700052693,
0.7988450433108758,0.7401347449470644,0.7187397082067851,0.7401347449470644,0.7282036213202899,
0.808531746031746,0.7787698412698413,0.7730846464995015,0.7787698412698413,0.7757898498523279,
0.7964250248262165,0.7487586891757696,0.7343680752100861,0.7487586891757696,0.740865447118971,
0.7885548011639185,0.7652764306498545,0.7449834704898883,0.7652764306498545,0.7530206453535937,
0.7905405405405406,0.7548262548262549,0.725771983858589,0.7548262548262549,0.7369367811106707,
0.8149951314508277,0.7731256085686465,0.7595074637003506,0.7731256085686465,0.7656850008768069,
0.7856450048496605,0.7410281280310378,0.7187372633044606,0.7410281280310378,0.7280906525755594,
0.7868369351669942,0.7583497053045186,0.7397137298153457,0.7583497053045186,0.7473976210219846,
0.8067307692307693,0.7663461538461539,0.7524540359910541,0.7663461538461539,0.7587034897270939,
0.7885939036381514,0.7384464110127827,0.7321788017515524,0.7384464110127827,0.7351768357154391,
0.8061420345489443,0.7715930902111324,0.7559755494515067,0.7715930902111324,0.7628168897780013,
0.7871287128712872,0.7316831683168317,0.7172769098154156,0.7316831683168317,0.7238254779636959,
0.7978515625,0.7802734375,0.7611919852159279,0.7802734375,0.7687233020932532,
0.8086785009861933,0.7702169625246549,0.7634057856981155,0.7702169625246549,0.7666379730211997,
0.8341416100872939,0.7662463627546072,0.7678825207057459,0.7662463627546072,0.767058471818193,
0.8249258160237388,0.771513353115727,0.7689597768505197,0.771513353115727,0.7702180618109027,
0.7942913385826772,0.7539370078740157,0.728764655133806,0.7539370078740157,0.7390301182990959,
0.8166023166023166,0.7606177606177607,0.7422941096410484,0.7606177606177607,0.7505855107599294,
0.7818889970788705,0.7380720545277507,0.7187682018924272,0.7380720545277507,0.7270178671883072,
0.8079534432589719,0.7643064985451018,0.7480829780466723,0.7643064985451018,0.7553057435563998,
0.8128598848368522,0.7648752399232246,0.7634808273117308,0.7648752399232246,0.7641717334258932,
0.8250244379276638,0.7653958944281525,0.7664265456911477,0.7653958944281525,0.7659084241566161,
0.7935735150925024,0.7740993184031159,0.7608725938032849,0.7740993184031159,0.7665602451751431,
0.8001939864209505,0.7672162948593598,0.7509944439904216,0.7672162948593598,0.7580105804383742,
0.7932739861523245,0.7556874381800198,0.7474559383926624,0.7556874381800198,0.7513005213055126,
