Majority Class Accuracy,Accuracy,Precision,Recall,F Score,Support
0.8157129000969933,0.7565470417070805,0.7138261547247037,0.7565470417070805,0.7318103657802502,
0.8033763654419066,0.717974180734856,0.6897095825140006,0.717974180734856,0.7025869211499961,
0.7944936086529006,0.7472959685349065,0.7110784900966126,0.7472959685349065,0.7252719987436081,
0.824853228962818,0.7318982387475538,0.7246515106567173,0.7318982387475538,0.7281964313044554,
0.8,0.7565217391304347,0.71604621309371,0.7565217391304347,0.73141065830721,
0.781190019193858,0.7351247600767754,0.698562614562166,0.7351247600767754,0.7124384446906626,
0.7949465500485908,0.7094266277939747,0.6718255271116431,0.7094266277939747,0.6885256832219744,
0.8075801749271136,0.7356656948493683,0.7129171293909353,0.7356656948493683,0.7232424873233405,
0.8056365403304179,0.7123420796890184,0.6925843091089126,0.7123420796890184,0.7018710995064005,
0.8123167155425219,0.7331378299120235,0.7180772306872014,0.7331378299120235,0.7251794046715533,
0.7958984375,0.724609375,0.6971943121689478,0.724609375,0.7093030365514318,
0.7974927675988428,0.7521697203471552,0.699917057419349,0.7521697203471552,0.7191713065412614,
0.7791828793774319,0.7431906614785992,0.7087583815162409,0.7431906614785992,0.7211388903216266,
0.8013698630136986,0.7348336594911937,0.7055991212679091,0.7348336594911937,0.7183657098536255,
0.7967401725790988,0.7401725790987536,0.7081910664553454,0.7401725790987536,0.7215402281959702,
0.8017664376840039,0.7448478900883219,0.7018108503450792,0.7448478900883219,0.7193021712602804,
0.7889641819941917,0.7289448209099709,0.6907951512299122,0.7289448209099709,0.7063710122931662,
0.8011811023622047,0.7332677165354331,0.7106764674219337,0.7332677165354331,0.7208139222778776,
0.8215353938185443,0.7417746759720838,0.7192796722296508,0.7417746759720838,0.7297276459628943,
0.7966601178781926,0.731827111984283,0.7044613946320725,0.731827111984283,0.7163840258080804,
0.8157894736842105,0.746588693957115,0.7232672123995997,0.746588693957115,0.7338516746411484,
0.8203356367226061,0.7650542941757157,0.743826400133591,0.7650542941757157,0.7533122919334059,
0.7954768928220256,0.7404129793510325,0.7118424840003674,0.7404129793510325,0.7238766413301313,
0.7957957957957958,0.7327327327327328,0.7139945680364842,0.7327327327327328,0.7224443839582246,
0.7974683544303798,0.7380720545277507,0.7060422772338967,0.7380720545277507,0.7195493984320319,
0.8003913894324853,0.7221135029354208,0.7049964528659504,0.7221135029354208,0.7129541235230161,
0.7973231357552581,0.7476099426386233,0.7039642942054077,0.7476099426386233,0.7208829881425779,
0.8108882521489972,0.7478510028653295,0.7283968449071756,0.7478510028653295,0.7372284887653309,
0.8180058083252663,0.7696030977734754,0.7476667364788501,0.7696030977734754,0.757258977256329,
0.8,0.7397129186602871,0.7202561400664667,0.7397129186602871,0.7289818523463383,
