Majority Class Accuracy,Accuracy,Precision,Recall,F Score,Support
0.8072407045009785,0.7798434442270059,0.7649373838712268,0.7798434442270059,0.7713980711139035,
0.8079534432589719,0.7710960232783706,0.7772621543003843,0.7710960232783706,0.774034207849353,
0.7915465898174832,0.7406340057636888,0.7281179516706028,0.7406340057636888,0.7338568925079874,
0.7901960784313725,0.7607843137254902,0.7376748273393766,0.7607843137254902,0.746794443003472,
0.7887725975261656,0.7335870599429115,0.7264985153943286,0.7335870599429115,0.7298805589400962,
0.804284323271665,0.7857838364167478,0.7793774670529834,0.7857838364167478,0.7823715388345392,
0.7766798418972332,0.7104743083003953,0.6978937025749783,0.7104743083003953,0.7037220106323718,
0.8061325420375866,0.7626112759643917,0.7626112759643917,0.7626112759643917,0.7626112759643917,
0.808300395256917,0.7549407114624506,0.7510656315420146,0.7549407114624506,0.7529573913144709,
0.8021547502448579,0.7678746327130265,0.7674417798967704,0.7678746327130265,0.767657449087195,
0.803960396039604,0.7574257425742574,0.7494843433653257,0.7574257425742574,0.7532419012981743,
0.8060135790494666,0.7526673132880698,0.7465103941190802,0.7526673132880698,0.7494729452011365,
0.8031341821743389,0.7590597453476984,0.7526912460509629,0.7590597453476984,0.7557325838636224,
0.7936660268714012,0.7610364683301344,0.7457678836155702,0.7610364683301344,0.7524018749417144,
0.7928363988383349,0.7512100677637947,0.7324067433294779,0.7512100677637947,0.7404986287288517,
0.8169425511197663,0.7750730282375852,0.7699413088226396,0.7750730282375852,0.7724161619579939,
0.8059558117195005,0.760806916426513,0.7567466367447696,0.760806916426513,0.758719969201049,
0.8208092485549133,0.7543352601156069,0.7517393266563174,0.7543352601156069,0.7530211637188866,
0.7959381044487428,0.7524177949709865,0.7497965122747359,0.7524177949709865,0.7510819508655787,
0.814922480620155,0.7742248062015504,0.7700995299729909,0.7742248062015504,0.7721017978218798,
0.804284323271665,0.7848101265822784,0.7691858464156701,0.7848101265822784,0.7757318317333126,
0.8084479371316307,0.7701375245579568,0.7592518779290853,0.7701375245579568,0.7642527563636616,
0.8134615384615385,0.7653846153846153,0.7672451723520606,0.7653846153846153,0.7663036523395358,
0.8046558704453441,0.7591093117408907,0.7534079183727703,0.7591093117408907,0.7561469675603323,
0.8090551181102362,0.7440944881889764,0.7461031001931604,0.7440944881889764,0.7450880486629067,
0.7859922178988327,0.7597276264591439,0.7443342177095429,0.7597276264591439,0.7508745622161345,
0.8034682080924855,0.7620423892100193,0.7472828486668265,0.7620423892100193,0.7538804851277555,
0.8096153846153846,0.7576923076923077,0.7462503292677698,0.7576923076923077,0.7515783264857828,
0.812807881773399,0.7586206896551724,0.7491783334241252,0.7586206896551724,0.7536425410958234,
0.7974308300395256,0.7529644268774703,0.7429883889714496,0.7529644268774703,0.7476218381713194,
