Majority Class Accuracy,Accuracy,Precision,Recall,F Score,Support
0.7984189723320159,0.7579051383399209,0.7203284687470757,0.7579051383399209,0.7344807765918996,
0.8005780346820809,0.74373795761079,0.7006508683182547,0.74373795761079,0.7181156481470241,
0.814453125,0.763671875,0.7264775188974927,0.763671875,0.7417488643323805,
0.7720659553831232,0.7303588748787585,0.6744589052537698,0.7303588748787585,0.6926905243244114,
0.804642166344294,0.7437137330754352,0.6835689452505489,0.7437137330754352,0.7083321917870771,
0.8090107737512243,0.7590597453476984,0.7216665037738377,0.7590597453476984,0.7368147251199829,
0.7911453320500481,0.7468719923002888,0.7005844515823402,0.7468719923002888,0.7174941175219814,
0.8302073050345509,0.7769002961500494,0.7273560132384651,0.7769002961500494,0.7481620032006439,
0.8117647058823529,0.746078431372549,0.7155198596455057,0.746078431372549,0.7289351315093603,
0.8302439024390244,0.7678048780487805,0.7331154578872521,0.7678048780487805,0.7484113082039912,
0.7992240543161979,0.7468477206595538,0.6949982963239756,0.7468477206595538,0.7151522580714279,
0.7844488188976378,0.7440944881889764,0.70212926140138,0.7440944881889764,0.7170543690369809,
0.824732229795521,0.7633885102239533,0.7292831832532638,0.7633885102239533,0.7441807798536773,
0.804,0.754,0.7128011068834315,0.754,0.7291362513316861,
0.8094768015794669,0.7344521224086871,0.7037400069752682,0.7344521224086871,0.7174764719057489,
0.8229571984435797,0.7821011673151751,0.7437703246301622,0.7821011673151751,0.7588655460971806,
0.8154589371980676,0.7516908212560387,0.7239168989594056,0.7516908212560387,0.7362023685848275,
0.7940038684719536,0.746615087040619,0.7001290112392105,0.746615087040619,0.7176044066988075,
0.8108374384236453,0.7497536945812808,0.7088796543468091,0.7497536945812808,0.7261229317027961,
0.8044747081712063,0.7645914396887159,0.724038608018243,0.7645914396887159,0.7391885575047465,
0.805019305019305,0.7355212355212355,0.6812728777014491,0.7355212355212355,0.704388162117342,
0.8249027237354085,0.745136186770428,0.7209022530034204,0.745136186770428,0.7321434174900034,
0.8140214216163584,0.7439143135345667,0.6998252801696587,0.7439143135345667,0.7190212298828959,
0.793713163064833,0.7328094302554028,0.6776876596538249,0.7328094302554028,0.6997884659259501,
0.8119575699132112,0.7512054001928641,0.7112428036894394,0.7512054001928641,0.7281405464607975,
0.8125,0.759765625,0.7211559734513273,0.759765625,0.7370280928748671,
0.81648675171737,0.7684003925417076,0.724771238580433,0.7684003925417076,0.7422021594693644,
0.8039024390243903,0.7570731707317073,0.7149359831871261,0.7570731707317073,0.7312939061294363,
0.8071570576540755,0.7564612326043738,0.702620533522662,0.7564612326043738,0.7237092389070643,
0.8280318091451292,0.7693836978131213,0.7365320159265151,0.7693836978131213,0.7508671547948084,
