Majority Class Accuracy,Accuracy,Standard Error,Precision,Recall,F1 Score,Euclidean Distance
0.3893735130848533,0.3842188739095956,0.005592028365206762,0.05953477674755513,0.08449444535096724,0.06985190737109369,0.9192337383945554
0.37153053132434577,0.36386465767909065,0.005531100263574708,0.05977239478787466,0.08325246429448814,0.06958509443463913,0.920506514575374
0.3733350916523803,0.36700514308321247,0.005534974671793175,0.05647509889118731,0.0834781911536935,0.06737160804366131,0.9202790786837172
0.3803827751196172,0.37892078681552366,0.005592723115980617,0.0684447582175255,0.08521181068451349,0.07591347146762548,0.9185043937834654
0.37702954484961404,0.37317008251264305,0.005579466471323646,0.07981726188726633,0.08427008964300531,0.08198325771695182,0.9194679451209968
0.37771100078390385,0.3701332636529919,0.005518984395956722,0.05985187905892392,0.0835339035931491,0.06973719433967447,0.9202303060517755
0.38115999471528605,0.37561104505218657,0.005566439979708156,0.057983743606559855,0.08390087299390898,0.06857525254826372,0.9198463645274133
0.3838559039359573,0.3802535023348899,0.005607352177146626,0.05005615807299865,0.08414519995317948,0.06277112976932492,0.9195933556701154
0.37790697674418605,0.3753964059196617,0.00556617341757958,0.05405877429028777,0.0844139034771056,0.0659092064746007,0.9193090961454569
0.37124634600053147,0.3656656922668084,0.005551611939997293,0.05580925075718051,0.08403035560515876,0.06707214514079678,0.9197151165474429
0.3770491803278688,0.3722897937599154,0.005558330930381772,0.06412289823101987,0.08382541303479078,0.0726622478244567,0.9199205068412927
0.37102100118874654,0.3673226786421873,0.005540365061393894,0.04967882258256864,0.08430905358264423,0.0625187089296349,0.9194252811908875
0.37607402511566423,0.37409120951751484,0.005563393911528864,0.06517486476610068,0.08442898140367489,0.07356291413897938,0.9193035698260005
0.38397863818424566,0.3774365821094793,0.005601094311767856,0.0493888718673506,0.08408270430175856,0.062226730637515326,0.9196555981039247
0.3693980376557942,0.36687881198621053,0.005549597366807588,0.04991530789000814,0.0843570422852704,0.06271891022780293,0.919371627079986
0.38581746552856205,0.3776756401838477,0.005555625129883316,0.07529568390208131,0.0837725433541547,0.0793082446805297,0.9199660313090904
0.37362637362637363,0.3691248510525619,0.005552628401436215,0.0578475516570364,0.08358210314739419,0.06837349686115704,0.9201731998910665
0.37992831541218636,0.37767157838842424,0.005585769183591847,0.06528605158699224,0.08421345957534705,0.07355160192042416,0.9195279989962337
0.3670668953687822,0.36376830716453357,0.005526041288466313,0.063550741869699,0.08401850204109827,0.07236518930354079,0.9197280937887516
0.3782458929517753,0.3767885532591415,0.005577641738211022,0.07394453771742061,0.08475673696510751,0.07898232381383481,0.9189601585960695
0.36599920434955574,0.3637448614242143,0.00553987052111837,0.05670251884537599,0.08416346549292747,0.06775632187744875,0.9195804042525245
0.3826213463827536,0.3790503901600317,0.005579394040812883,0.0603895355758193,0.0844570867091647,0.07042379258825007,0.9192721651228928
0.3790430366212243,0.3731622560812617,0.005591361510297871,0.05963497406212556,0.08401706999458469,0.06975683252964895,0.919736014995379
0.36953062848050916,0.3662158578626359,0.005547483169783934,0.04834552813632024,0.08424597613245566,0.06143555323465069,0.9194841373689271
0.3776251485933166,0.37207766477347776,0.005555116137564998,0.04788689474382121,0.08332412130203633,0.06082009798655128,0.9204371197186972
0.37155297532656023,0.3660113471434226,0.005533272564991762,0.047055491489693846,0.08395660891320615,0.06030923073623935,0.9197822600848936
0.3798860474360673,0.37763349675367697,0.005580475234276142,0.07249614461960247,0.0842845390905268,0.07794715510235518,0.919460814872746
0.37752391073326247,0.3743358129649309,0.005577781946930579,0.0500334863100352,0.08420550233081665,0.06277006242009806,0.9195303920594365
0.3744182954394362,0.36537694455524533,0.00555252724690704,0.0457890824917074,0.0830193134681209,0.0590237641649112,0.9207479891671311
0.3859087269815853,0.38070456365092076,0.005609009000504923,0.0504857062603749,0.08428778795862713,0.06314785453735078,0.9194463112257852
