Majority Class Accuracy,Accuracy,Standard Error,Precision,Recall,F1 Score,Euclidean Distance
0.767204870301747,0.767204870301747,0.00486179503793318,0.255734956767249,0.3333333333333333,0.28942310092613394,0.7453559924999299
0.7793222133968758,0.7793222133968758,0.004771438682266863,0.25977407113229195,0.3333333333333333,0.2919921632815019,0.7453559924999299
0.7654075546719682,0.7654075546719682,0.004878359047985955,0.2551358515573227,0.3333333333333333,0.289039039039039,0.7453559924999299
0.7637013502779985,0.7637013502779985,0.004887692879205387,0.2545671167593328,0.3333333333333333,0.2886737221346543,0.7453559924999299
0.7593377483443708,0.7593377483443708,0.004919806331778537,0.25311258278145693,0.3333333333333333,0.2877362041707445,0.7453559924999299
0.7696452036793693,0.7696452036793693,0.00482671420915522,0.25654840122645645,0.3333333333333333,0.28994331823469716,0.7453559924999299
0.770877378435518,0.770877378435518,0.00483098928097157,0.25695912614517263,0.3333333333333333,0.29020544197383474,0.7453559924999299
0.7588204318062138,0.7588204318062138,0.004908482948441423,0.2529401439354046,0.3333333333333333,0.287624750499002,0.7453559924999299
0.7619677334038614,0.7619677334038614,0.004897425858452891,0.2539892444679538,0.3333333333333333,0.28830181126788745,0.7453559924999299
0.7707291392471703,0.7707291392471703,0.004822538189961927,0.25690971308239013,0.3333333333333333,0.29017392596997177,0.7453559924999299
0.7796453149814717,0.7796453149814717,0.00476830148185132,0.2598817716604906,0.3333333333333333,0.29206018690662106,0.7453559924999299
0.7671649689112316,0.7671649689112316,0.004861120315783373,0.2557216563037439,0.3333333333333333,0.2894145830214104,0.7453559924999299
0.7726368818772372,0.7726368818772372,0.004825870594747655,0.2575456272924124,0.3333333333333333,0.29057911400294173,0.7453559924999299
0.7716431677427856,0.7716431677427856,0.0048186234093664775,0.2572143892475952,0.3333333333333333,0.29036816660468573,0.7453559924999299
0.7629070691024623,0.763039449298385,0.004892412091188043,0.5876693587536961,0.33359957401490953,0.4256004751027219,0.7450346276028351
0.7705913410770855,0.7705913410770855,0.004830554456115619,0.2568637803590285,0.3333333333333333,0.29014462501863725,0.7453559924999299
0.7660857030533351,0.7660857030533351,0.004845921062190264,0.2553619010177784,0.3333333333333333,0.2891840419480102,0.7453559924999299
0.7548575991482566,0.7548575991482566,0.004962564196712498,0.25161919971608554,0.3333333333333333,0.2867687951868143,0.7453559924999299
0.7659237768693129,0.7659237768693129,0.004862402416406342,0.2553079256231043,0.3333333333333333,0.2891494287207826,0.7453559924999299
0.7618478693747511,0.7618478693747511,0.004907692919769618,0.2539492897915837,0.3333333333333333,0.2882760699216395,0.7453559924999299
0.7694555112881806,0.7694555112881806,0.004853685603310153,0.2564851704293935,0.3333333333333333,0.28990293205243667,0.7453559924999299
0.7612588885962602,0.7612588885962602,0.004892090668621553,0.2537529628654201,0.3333333333333333,0.2881495327102804,0.7453559924999299
0.7713147410358566,0.7713147410358566,0.004839911418205417,0.2571049136786189,0.3333333333333333,0.29029839556155346,0.7453559924999299
0.7589309341095528,0.7589309341095528,0.0049200376512482345,0.2529769780365176,0.3333333333333333,0.28764856326162175,0.7453559924999299
0.7674725855463073,0.7674725855463073,0.004855671125297471,0.2558241951821024,0.3333333333333333,0.2894802411920067,0.7453559924999299
0.7726012933878844,0.7726012933878844,0.004815296867021478,0.25753376446262816,0.3333333333333333,0.29057156329883604,0.7453559924999299
0.7702883075280299,0.7702883075280299,0.004859810323660637,0.25676276917601,0.3333333333333333,0.2900801729121114,0.7453559924999299
0.7659012932172077,0.7659012932172077,0.004864168469441087,0.2553004310724026,0.3333333333333333,0.2891446221292283,0.7453559924999299
0.7650713907985193,0.7650713907985193,0.004874647037082458,0.2550237969328398,0.3333333333333333,0.28896711856789753,0.7453559924999299
0.7686686154663832,0.7686686154663832,0.004860766356238603,0.2562228718221277,0.3333333333333333,0.2897353066386197,0.7453559924999299
