Majority Class Accuracy,Accuracy,Standard Error,Precision,Recall,F1 Score,Euclidean Distance
0.4799787854680456,0.4795810129939008,0.005752601534888809,0.09197244921500297,0.12552127981553468,0.10615937833881649,0.8833177475839524
0.47305151915455745,0.4709379128137384,0.005737031151366885,0.08522411531964079,0.12508322010250564,0.10137646176886886,0.8837884369480361
0.46491690846742284,0.46333421260881036,0.005726737145836868,0.07547136820096004,0.12476394715812607,0.09405040042302186,0.8841275988904839
0.47685001978630787,0.47605856747130987,0.005735989081558987,0.08712072200297599,0.12516688538766718,0.10273448893105708,0.8836976199817963
0.46690542512269534,0.4646504841490914,0.005744140214211188,0.08404527444542118,0.12507427829257595,0.1005348558518843,0.8837928128906478
0.47287438652341157,0.47234381217668125,0.005749734104304805,0.08088536937252534,0.12527411028958613,0.09830101143246038,0.8835601510410547
0.4711425206124853,0.47061902892291585,0.005710101195714603,0.09237027264731751,0.12550387790426737,0.10641764882124512,0.8833381984698231
0.47116016292208646,0.470371830245697,0.005721176281317887,0.09033909839330767,0.12559249867256222,0.10508803018375205,0.8832382992107037
0.4699208443271768,0.46926121372031665,0.005732091844633186,0.09316147214854112,0.12528311228128747,0.10686059538569144,0.8835837551184058
0.4696869634130234,0.46744155329546955,0.005734171445804837,0.09112405081933839,0.12566561875661064,0.10564304334445464,0.8831702148285161
0.4757243021563699,0.47373991268686333,0.005742989627392646,0.08586743988127474,0.1251419259882254,0.10184966683485093,0.8837214518833056
0.4727945060750132,0.4717379820390914,0.005736801365079165,0.08515129726392506,0.12516942076750506,0.10135319673580011,0.8836888166363392
0.4697951090548579,0.4667547918043622,0.00573592424843152,0.08076515069089327,0.12487131421348611,0.09808815293641343,0.8840042950788511
0.46935804103242884,0.4671078755790867,0.005739988356581986,0.08566287829663125,0.1251802740500487,0.1017182911727332,0.883677901894858
0.4628683693516699,0.4619515389652914,0.005705640250060982,0.09500359451197224,0.12583789588386582,0.1082681738233358,0.8829929104918688
0.47324017927761663,0.4731083575006591,0.005732374372426164,0.09140949247005811,0.12594784416320493,0.10593457475126865,0.8828515991730803
0.47367035281727227,0.4727488151658768,0.005728376160314736,0.09469877919320593,0.12547309151523978,0.10793521034142549,0.8833833015448096
0.46242171189979125,0.46085594989561585,0.005693866230333603,0.07709992319818909,0.12490396691440966,0.09534555251269905,0.8839703861299668
0.46867533846562254,0.46801168038226704,0.005748659513049821,0.08869187600213789,0.12530071455811193,0.10386486195126851,0.8835544695599526
0.4774142270499404,0.476089548284541,0.005748150656068835,0.12395942706680016,0.1258728257077038,0.12490879928212774,0.8829491076198377
0.47368421052631576,0.4721092006825043,0.0057193186221063275,0.08362293356962866,0.1251124354809678,0.1002443326068369,0.8837365515958266
0.4775823303795794,0.4746726623462505,0.005742784135707276,0.11613470972909455,0.12574380253737957,0.12074838621318293,0.883109474325145
0.46764667279170496,0.46712166951043443,0.005715839829966787,0.08901631487998209,0.12581873504024782,0.10426529693643903,0.8829874688971693
0.47703133297928835,0.47357939458311205,0.005753176309998728,0.08016796205888904,0.1249779488455386,0.09767903651674172,0.8838659048140615
0.4770764119601329,0.47601328903654483,0.0057572676900970975,0.08549387259411916,0.1249665299763265,0.10152857698491863,0.8839184536292085
0.47081403044341497,0.4696227663798809,0.005741822645311931,0.08165655758544292,0.1250064511835545,0.09878494018280326,0.8838617755535492
0.47918043621943157,0.4794448116325182,0.005743785793826561,0.10807692307692307,0.1257228671735338,0.11623398489766333,0.8831205243737876
0.4703855836756327,0.46800053001192526,0.005743698004854213,0.08098189014246632,0.12503077626061715,0.09829714613521488,0.8838283933427147
0.47352355673523555,0.4719309887193099,0.005750994612408145,0.08627435681817525,0.1253831355598366,0.10221560554966441,0.8834521484095699
0.4802492046659597,0.47865853658536583,0.0057513950304056115,0.08384351474527427,0.12494650135556253,0.10034918359042697,0.8839378776136119
