Majority Class Accuracy,Accuracy,Precision,Recall,F Score,Support
0.6948524546777822,0.6948524546777822,0.4828199337717394,0.6948524546777822,0.5697486320288936,
0.7011586096683979,0.7011586096683979,0.49162339591212084,0.7011586096683979,0.5779865476599522,
0.695583388266315,0.695583388266315,0.4838362500320472,0.695583388266315,0.5707018049130049,
0.6930417495029821,0.6930417495029821,0.4803068665541542,0.6930417495029821,0.5673892763662273,
0.6858465608465608,0.6858465608465608,0.4703855050250553,0.6858465608465608,0.5580407089822547,
0.6965862659812838,0.6965862659812838,0.4852324259537478,0.6965862659812838,0.5720103194081859,
0.6914767487814517,0.6914767487814517,0.4781400941053669,0.6914767487814517,0.5653522514569845,
0.7004773269689738,0.7004773269689738,0.4906684855975986,0.7004773269689738,0.5770950048151405,
0.6998816879190219,0.6998816879190219,0.4898343770843792,0.6998816879190219,0.5763158466446326,
0.6980558127231847,0.6980558127231847,0.487281917676626,0.6980558127231847,0.5739292124858586,
0.7033385909568874,0.7033385909568874,0.49468517352921987,0.7033385909568874,0.5808418551138675,
0.697508896797153,0.697508896797153,0.48651866111118147,0.697508896797153,0.5732148585838238,
0.7000262674021539,0.7000262674021539,0.4900367750529919,0.7000262674021539,0.576504945187497,
0.7016618306515431,0.7016618306515431,0.4923293245932747,0.7016618306515431,0.5786453168603641,
0.7017310252996005,0.7017310252996005,0.4924264318680286,0.7017310252996005,0.5787359160139115,
0.6967332363443989,0.6967332363443989,0.48543720262694,0.6967332363443989,0.5722021496706358,
0.7010459420097974,0.7010459420097974,0.4914654128084042,0.7010459420097974,0.5778390820270669,
0.6881319850984566,0.6881319850984566,0.4735256289155425,0.6881319850984566,0.5610054582170898,
0.6945507322865814,0.6945507322865814,0.4824007197198264,0.6945507322865814,0.5693552993469694,
0.7001438472603635,0.7001438472603635,0.49020140685654323,0.7001438472603635,0.5766587429016209,
0.6977079240340537,0.6977079240340537,0.48679634725990883,0.6977079240340537,0.5734747895894775,
0.6970580439968195,0.6970580439968195,0.48588991670067194,0.6970580439968195,0.5726261613967313,
0.6941238891099615,0.6941238891099615,0.48180797343313814,0.6941238891099615,0.5687989839825287,
0.7046027324578856,0.7046027324578856,0.4964650105871187,0.7046027324578856,0.5824993720047138,
0.6988191588165052,0.6988191588165052,0.48834821672900797,0.6988191588165052,0.5749266650244507,
0.7070893068525582,0.7070893068525582,0.4999752878652312,0.7070893068525582,0.5857634815685883,
0.705270092226614,0.705270092226614,0.49740590298933657,0.705270092226614,0.5833749213766615,
0.6990010515247108,0.6990010515247108,0.48860247003265145,0.6990010515247108,0.5751644115748743,
0.6914088434470854,0.6914088434470854,0.47804618879683625,0.6914088434470854,0.5652639107911719,
0.6939478214805986,0.6939478214805986,0.48156357893766877,0.6939478214805986,0.5685695543051109,
