Majority Class Accuracy,Accuracy,Standard Error,Precision,Recall,F1 Score,Euclidean Distance
0.6031030367325289,0.5672987667418115,0.005705392354795857,0.0912656963141288,0.08514529417637501,0.08809932464266172,0.9185524192135711
0.6044219499200852,0.5660628662759722,0.005719836425045374,0.11564078127818873,0.0849756326706426,0.09796455193489649,0.918739880864807
0.6072043437955238,0.5608528671699112,0.00571119860499134,0.07483822753274298,0.08398270353016633,0.07914720853910542,0.9197179732929891
0.6038208168642951,0.5625823451910409,0.005694037401778955,0.07578962661486836,0.08338175462283254,0.07940462663850074,0.9203194551221194
0.6041639387193924,0.5635720832787744,0.0056750488242597215,0.1209459900353002,0.08549823693090249,0.10017881404427506,0.9181966680127586
0.608672589842196,0.5695531096671529,0.005701805921102429,0.0829710694191531,0.0845341623862853,0.08374532281820606,0.9191628833262157
0.600845330867785,0.5625412759212786,0.005701237260557345,0.08919751976825387,0.08399486687107544,0.08651805017003278,0.9197190851091117
0.5982883475971034,0.562606978275181,0.005692127155681938,0.09872520142417703,0.08624192981893992,0.09206232302314975,0.9174432037526244
0.5939120031902166,0.5597500996942709,0.005723361688136561,0.08330688962916687,0.08542366146578069,0.08435199780085587,0.9182405410364333
0.600477833820016,0.5634457127687815,0.005713896379051374,0.08636649557339211,0.08448440146753618,0.0854150819426918,0.919206979831601
0.5979872881355932,0.5598516949152542,0.005712221308242015,0.0829880192516707,0.08426586065140525,0.08362205851427679,0.9194235993981771
0.6048844884488449,0.5648844884488449,0.0056962729191524465,0.16042992400446918,0.08937939399107281,0.11480059671600569,0.91429523866571
0.5952916280915223,0.558524004761275,0.005710640878139899,0.10979646047565926,0.08658206383762801,0.0968171462056955,0.9170897832132132
0.6073409030895167,0.5711645101663586,0.0056867392676171425,0.08151346249512498,0.08516697745906827,0.08330017877131561,0.9184858394358338
0.6052526860326303,0.5661228279612681,0.005707972373518143,0.11836159645203077,0.08578332518171251,0.09947297474964877,0.9179273266319542
0.6170715692711753,0.5758371634931058,0.005663451666997341,0.09181118846684404,0.08526711689712473,0.08841823196100282,0.9184460346019934
0.6026235590300781,0.5603551079899298,0.005713411550343337,0.07169814554576728,0.08221166400996895,0.07659581762541119,0.9215465852610806
0.604682096302208,0.5690343176376695,0.005711358389787641,0.0723309011663157,0.08333940239600551,0.07744590895015539,0.9203769035933751
0.6026560424966799,0.5616201859229748,0.0057180656919288315,0.07844801966839574,0.08401472113728904,0.0811360003349422,0.9197090527531578
0.5987336762960032,0.5627225959635932,0.005697212873664133,0.08141266660040862,0.08472338467852221,0.08303503805456626,0.9189751048441989
0.6025504782146652,0.5637619553666312,0.005715705531667764,0.11720081808618915,0.08701295248473843,0.0998756272585847,0.9166853008310853
0.6002903140670361,0.5612298759567168,0.005700482473808194,0.09427514435599149,0.08442689367312567,0.08907965098042132,0.9193128616373473
0.6081009994739611,0.5693056286165176,0.0056785346842462775,0.07564589833781783,0.0843208971080809,0.07974817514611929,0.919322990293931
0.5997893628225381,0.5595050026329648,0.005696131400869628,0.08057895045687608,0.08414515693588391,0.08232345027380811,0.9195785529537553
0.6140792788015379,0.5761633302399576,0.005689839521511951,0.09111173741576417,0.08656582827052205,0.08878062893418737,0.917097243884004
0.6067993147977335,0.5672684148109105,0.005687367905457807,0.16543632900278288,0.08561777152655393,0.11283854586630751,0.9180770056332265
0.6099169194250297,0.5703547408677304,0.005684692950028035,0.08279899439669941,0.08523267736132124,0.0839982117825816,0.918414211896998
0.6068682047202334,0.5645717316361708,0.00570919150182832,0.07818679340784085,0.08344644737745137,0.08073104406024803,0.9202694504508827
0.6116094986807388,0.5741424802110818,0.005679464612855164,0.07705963924260632,0.0837566085410615,0.08026868089896921,0.9199559584876679
0.6068545719200741,0.5719200741034802,0.005691875478755166,0.09989529342891297,0.08615043334166993,0.09251513557531373,0.9175675666069463
