Majority Class Accuracy,Accuracy,Standard Error,Precision,Recall,F1 Score,Euclidean Distance
0.292317880794702,0.2855629139072848,0.005198277046553396,0.041040988497315925,0.05083511344526824,0.04541601705024018,0.9504613665686616
0.2915624588653416,0.2857706989601158,0.0051833032354562675,0.03248948802673979,0.051610659696145554,0.039876360640298154,0.9496728178623058
0.2940084835630965,0.28446447507953343,0.005194320934999746,0.03120987805645705,0.05046469939103233,0.03856762197912775,0.9508360347430275
0.28882151331399947,0.28539414711310307,0.005185007589683307,0.03734222781917188,0.051778288495457424,0.04339105573082922,0.9495053766822533
0.2858085808580858,0.2763036303630363,0.005137835249498485,0.04745701045544296,0.050924187181271674,0.04912950322927678,0.9503738337061908
0.2970843183609141,0.2864460204885737,0.005181176375186409,0.03643948597091953,0.050854608238142585,0.04245684201756758,0.9504457729477489
0.2898493259318002,0.28363732487443827,0.0051822098641855375,0.03384051083379781,0.050749042082009664,0.04060486074658468,0.9505492179277795
0.2806970866036983,0.28056405480909935,0.00518190928561821,0.04035116003999707,0.05242716732079235,0.045603258415694646,0.9488471895133362
0.28470403352540596,0.2799895233106338,0.005138156624971584,0.04512680609095203,0.05156007511058506,0.048129414924458325,0.9497337879108434
0.2825943084050298,0.27491727332892124,0.005136621428794883,0.03000763589346605,0.05109057658943724,0.03780866120091796,0.9501985713060183
0.29131764393032844,0.2802818774099189,0.005178940646565427,0.04247438111193519,0.05053891613297652,0.04615703879766728,0.9507669506373457
0.28378200919238344,0.277478660538411,0.005131037397833621,0.02958329005367063,0.051068737445675895,0.03746418582080708,0.9502250712510439
0.2933138763597771,0.27991509684266386,0.005171028691579253,0.040393549380474056,0.050869087472706576,0.045030103613466106,0.9504295561778254
0.28274318810056603,0.2697117283138081,0.0050918548590332905,0.037008330729444185,0.049950321440993393,0.042516252719905244,0.951361535271525
0.2916120576671035,0.28269986893840104,0.005155264942166737,0.031498272307988906,0.05044320468340974,0.038780697042413444,0.95085936094131
0.2947549213898798,0.28748843968820187,0.005202198239764471,0.03806332098599365,0.05022100780721741,0.04330504329672623,0.95108424175367
0.2835820895522388,0.2798837670056796,0.0051595702821346625,0.02955639459245432,0.051774550317229606,0.037630671590555026,0.9495081714048705
0.2874564459930314,0.2768694719914232,0.005179862864126523,0.035649562416010264,0.050470803850463576,0.041784821641051344,0.9508284983134677
0.2833333333333333,0.2763227513227513,0.005143039787632035,0.0407455291048809,0.051092429668036385,0.04533611390962164,0.9502040388409801
0.29256945367539544,0.28765120297753555,0.005218959347859764,0.0403234128724255,0.051823574558742556,0.04535587004443458,0.9494593514436673
0.28368701991928136,0.27157922145553964,0.005074935767195388,0.03006975669392309,0.049996407005050515,0.03755343642701576,0.95130767133444
0.28988585080966284,0.28311653835943723,0.005190319500828485,0.03708694411747035,0.05148691157720536,0.04311638456899047,0.9498012475853762
0.2960326874917622,0.2870699881376038,0.005193765082856642,0.02987599658412398,0.05042198193751925,0.03752042051031346,0.9508797349852264
0.28137436985937914,0.2796497744759883,0.005169529504961624,0.029161881282506224,0.05154273861161722,0.03724900077192926,0.9497406318466999
0.2927119091629258,0.284526010034328,0.005184361318166437,0.03114213138549422,0.05136537833962881,0.038775315513643785,0.9499234069182797
0.28408940616320594,0.2739055680465547,0.005128700809471748,0.03391896268085967,0.05042589892519104,0.040557163796914854,0.9508772376591752
0.2894805876180483,0.2810860440713536,0.0051483333000673336,0.03393386273925304,0.05087128890837518,0.0407111903380216,0.9504246842974488
0.29010642491131255,0.28012087767704635,0.005147325914871192,0.04809981730345226,0.050669456601408126,0.04935121033167787,0.9506315303241442
0.2846570635654817,0.27752081406105455,0.005147526408409523,0.06370160846905033,0.051106070221167886,0.05671291176272177,0.9501900578812325
0.2883727068760723,0.27649465487660024,0.005138254347606603,0.03268419321420271,0.050392635939754925,0.03965107157798795,0.9509117365006834
