Majority Class Accuracy,Accuracy,Standard Error,Precision,Recall,F1 Score,Euclidean Distance
0.8763213530655392,0.8722251585623678,0.0038374825913829974,0.3329874184262385,0.3340264269094185,0.3335061134352798,0.7438855664018409
0.8771489024067707,0.8709336154456493,0.003855500488451948,0.33614938482684636,0.33460366682305404,0.33537474480871676,0.7439817862558926
0.87894806396194,0.8720761199947139,0.0038396456099697284,0.3269596021465762,0.33348928941665285,0.3301921671175198,0.7449156833067646
0.8789320644990748,0.8750991276764473,0.0038008277896941028,0.38870701636543176,0.3367645169105023,0.36087627034771136,0.740788531510804
0.8830042689434365,0.8771344717182498,0.0037916943974501474,0.3012806880083576,0.33159961134250465,0.31571391667917204,0.7469686675520436
0.8829633521607776,0.8763956390384868,0.003772151143535924,0.3585411525359421,0.33447539051801384,0.3460904164935676,0.7442237513757967
0.877672997742064,0.8703679107451189,0.003871141508298807,0.3268462365506599,0.3336883982026912,0.3302318800403048,0.7451103287581105
0.8768269997342546,0.8720435822482062,0.0038505079527955638,0.3480534356823017,0.3357114244465041,0.34177104291201554,0.7423362143397605
0.8794036152526719,0.8706953423934556,0.003854199949920182,0.34742334075744696,0.33402862748781986,0.3405943399628568,0.7440214384292678
0.8818193768897068,0.8741948205600105,0.003802302518055928,0.36176836126344497,0.3359985531684315,0.34840759414797196,0.7423170273186224
0.8841770474423536,0.8760932944606414,0.0037928370327049376,0.30974382044329885,0.3317257164062073,0.32035813031306865,0.7473601865235106
0.8774406332453826,0.8716358839050132,0.0038419770394662977,0.32159385608976954,0.3330274175809214,0.32721078801158293,0.7451727428545274
0.8770273863334219,0.872374368519011,0.003847279477997714,0.3725753731790921,0.33464465622514394,0.35259283530332997,0.7438233162969269
0.8804232804232804,0.8736772486772487,0.003820809663443008,0.33722892761386275,0.33444985258856924,0.33583364088133305,0.7441601792231727
0.8786349754348692,0.8734563802947816,0.003831019949268809,0.30963646083934776,0.33227651906857375,0.3205572362757626,0.7460061133127827
0.877488717812583,0.8708521369790284,0.0038636965952511104,0.3461962257400948,0.336516378638604,0.34128767928762815,0.7410672669112248
0.8761740971027914,0.8707500992194734,0.00385859949232469,0.33140443594126534,0.33394846527917327,0.33267158696172516,0.7443100284981217
0.875281047480492,0.8686681655865627,0.0038843856335552544,0.37010879845996353,0.33511489477198625,0.3517436303981452,0.742926292475251
0.8812433581296493,0.8704835281615303,0.003869928812241962,0.3216996056763713,0.333148666407519,0.3273240510320173,0.7459604646581726
0.8753117206982544,0.8663866649166557,0.003897909889365197,0.32204712374608846,0.3330724380995799,0.3274670058298032,0.7456841335791473
0.8747851381726828,0.8672484463837101,0.0039016159792582723,0.34918410325511234,0.332958018250525,0.3408780761633354,0.7455586454109978
0.8816396467642019,0.8755766442599183,0.0037893349656030607,0.32785702596347727,0.3337769156179606,0.3307904870424415,0.7446463177382738
0.8797510263541253,0.8743212819494107,0.0038147331273935764,0.3501955325777159,0.33512088934826917,0.34249241538213043,0.7429143868821125
0.8760570824524313,0.869053911205074,0.0038777433619860287,0.3041098434383806,0.3315969312701339,0.31725913539130074,0.7470818379277595
0.8772835583796664,0.8696055070161504,0.0038743805466823016,0.31986606597807243,0.33314908073294064,0.3263724781116468,0.7453817892769382
0.8769067515585621,0.8706725029844807,0.0038647017078318802,0.330687366477011,0.3341352712064165,0.3324023780758995,0.7441245436990322
0.8681621408894136,0.861734225370589,0.003953493751370775,0.3265966522519342,0.3338846120028811,0.3302004232977209,0.7442620428566145
0.8811051459997381,0.8733795993191044,0.0038053268731180934,0.3863263316233286,0.33538113105094874,0.3590556250436671,0.7433469699782903
0.8759403457832915,0.869341428005807,0.0038718230248191224,0.3234272331735038,0.3335238206414943,0.3283979403978901,0.7444783131532203
0.8742909906344809,0.8683550982719958,0.003883179383358229,0.40551948051948045,0.33759823136707734,0.3684548415908885,0.7406117241208009
