Majority Class Accuracy,Accuracy,Standard Error,Precision,Recall,F1 Score,Euclidean Distance
0.32598653820773393,0.3559456249175135,0.005500528932052548,0.35806831689357493,0.35641631697484305,0.3572404070934636,0.7194761098498546
0.33280486193684766,0.35618972123133835,0.005504278398398487,0.3569544675271124,0.35606388609923645,0.356508620631643,0.7199394472213825
0.3382411460405889,0.3540257328558164,0.005507673063298792,0.3558561764622454,0.35519102088655385,0.35552328756147944,0.7209819507691884
0.32837000922387666,0.35959942021346686,0.005508623280946962,0.3596487169538225,0.3586484959125175,0.35914791003471985,0.717051737176713
0.3353554002373731,0.35289463273110905,0.005487689109084967,0.3552926634096592,0.3530089058950787,0.3541471029237019,0.7233365332261191
0.33700557472790016,0.35359702681178656,0.005507990303759521,0.3545764836084344,0.3525871105310319,0.35357899884505517,0.723858839639452
0.33523632501327666,0.36510886882634097,0.00554760672289627,0.369893676153705,0.36497861390081665,0.36741970826860443,0.7100052028180162
0.3346976498547663,0.3496171111697914,0.005479213748736338,0.35141682637680516,0.35024091881112307,0.3508278872427637,0.726355422666185
0.3414666489855457,0.3531361888343721,0.00550380540039471,0.3573569309635758,0.3554993510538167,0.3564257207430633,0.7206480907949682
0.3361023206751055,0.3560126582278481,0.00549822139213914,0.36087153860572263,0.35611621300524265,0.358478106274193,0.7197637924149884
0.33434490038263626,0.35360865549544795,0.005491655129320697,0.3551044476059521,0.35351116945863287,0.354306017338877,0.7227707236963206
0.33493911414425265,0.3563495249565101,0.0055400750496938,0.36053096306404625,0.3579462405005985,0.3592339525111299,0.7178481706057922
0.33821376281112736,0.3456675096499401,0.005486834094974789,0.34621996802089977,0.3464177391958458,0.34631882537323827,0.7307260303118926
0.33871181060706257,0.35286337786007144,0.005495556325208167,0.3566357007122511,0.3538985762019358,0.35526186647315944,0.7223522196183354
0.32765226582111245,0.3478662967366891,0.005474635978566872,0.349315426356333,0.3477592869832167,0.3485356197184107,0.7291868036084194
0.3281517586615729,0.3573969174021868,0.005500438430371495,0.358178339238892,0.35693639771758773,0.3575562900367936,0.7190032876383683
0.33458043826830575,0.3563602351683592,0.005536039277959224,0.35910665774013434,0.35594572647146366,0.3575192055641792,0.720087098315256
0.33285340314136125,0.3649214659685864,0.005507655187119062,0.3659978341788979,0.3639961736311308,0.3649942596051258,0.7109948940643541
0.3239772275916854,0.35932741956838343,0.0055208189572549795,0.3631411744139157,0.3605481458002655,0.3618400146071479,0.7149920249232888
0.3261327713382508,0.3613013698630137,0.00551321205038434,0.3620763326768061,0.3614512368170854,0.36176351471934054,0.7138465960084258
0.3380745423416304,0.34992756486237325,0.005473476438123813,0.3527456817190569,0.3500147785467506,0.3513749240346255,0.7266668940870896
0.32361477572559366,0.35,0.00547842975789023,0.35134905210794093,0.3515381990752214,0.35144360014185566,0.7250858661225179
0.33557400817187294,0.35112692763938314,0.00547995386256361,0.3523000028459115,0.3506907664979014,0.3514935427973494,0.7259196171240466
0.33192444855369174,0.3431514991414608,0.005456308705168309,0.3437649722705666,0.3431245269942666,0.34344445106172045,0.7344260379996336
0.33658022903777807,0.3611952086349875,0.005511045664069017,0.3616243691529273,0.3603791442007491,0.36100068286961096,0.7151248570765129
0.33200584096641444,0.35138722952343027,0.005500494703398578,0.35568807829667204,0.35218561054676645,0.35392817954228356,0.7242579259991102
0.33715113217482884,0.35742496050552924,0.005498723559492849,0.35622115645991714,0.35638570386698415,0.356303411165704,0.7195809545714306
0.33426294820717134,0.349667994687915,0.005495383649756789,0.3536009154115187,0.35006257043568184,0.3518228467072839,0.726590281571902
0.3341741901221455,0.35435475305363784,0.0055113875985100865,0.3553060617460027,0.35401393122683816,0.354658819583686,0.7222598207119589
0.3269787010255062,0.35603470943991583,0.005490339987014902,0.3600112878221923,0.35597843799624357,0.35798350528973527,0.7199711501451057
