Majority Class Accuracy,Accuracy,Standard Error,Precision,Recall,F1 Score,Euclidean Distance
0.05016545334215751,0.05559232296492389,0.0026361488614317155,0.05434290527803095,0.05545268411964076,0.05489218605333361,0.9458546995023913
0.0488031914893617,0.05452127659574468,0.0026181828143232127,0.056106641315114204,0.05359064080512012,0.054819787753800274,0.9477186800828667
0.05088991430454845,0.055504284772577454,0.002628968962188016,0.05816759269322549,0.05507515678896395,0.05657915058164216,0.9462328286991948
0.05140063424947146,0.05166490486257928,0.002544416286170731,0.05328088837989871,0.0517019351106334,0.052479537929418694,0.9496106277875493
0.049008014715543294,0.056891341479437654,0.0026551135083017798,0.053872406524246595,0.056458789928250375,0.05513528323226857,0.9448467033012449
0.04740021008403361,0.05238970588235294,0.0025531386342094397,0.049115152984040525,0.052665796040519595,0.05082854216523798,0.9486451382861852
0.048809367188527825,0.053414024470464415,0.0025791245601855133,0.05347499358487592,0.05392267240059297,0.05369789993557625,0.9473872724411146
0.0538481744155503,0.05411084843708957,0.002592721432874738,0.0544876367399838,0.054001875424845004,0.054243668585334845,0.9473070302078092
0.04917382683410443,0.055386649041639126,0.0026298145197720985,0.059377597346579436,0.05643239347672552,0.05786754516330458,0.9448734462863941
0.046066525871172125,0.05319429778247096,0.0025783566425077176,0.050822172876592644,0.052654197417594764,0.051721967367569295,0.948656607664257
0.050053106744556555,0.053106744556558685,0.00258386724121592,0.0497696130891608,0.05353367992442829,0.05158307076865957,0.9477768358698556
0.05157365776249669,0.05593758265009257,0.002642614813353066,0.05455375533171471,0.05571708622101782,0.05512928434565189,0.94558931627225
0.048111332007952284,0.054075546719681906,0.002603748685819444,0.05370758100243862,0.0539973409132525,0.05385207118547295,0.9473118488727816
0.051758460517584606,0.056005308560053084,0.0026488523130586816,0.05786166912595209,0.05678352741793644,0.05731752876368049,0.9445223280012705
0.04705260375363468,0.05471847739888977,0.002614655153964359,0.05586554161058477,0.05406953154499607,0.054952865863235424,0.9472396513849495
0.051834443138790966,0.05731818775297036,0.0026560898034932107,0.05703859477071569,0.056735530091105754,0.056886658788166206,0.9445702622136465
0.05170139804800844,0.05302031126351886,0.0025733542670471317,0.047757250760620366,0.05293381616246109,0.050212468880052055,0.9483769036409738
0.05261075949367089,0.049841772151898736,0.0024988808122648003,0.04778866246943185,0.050114745013064045,0.048924071097303665,0.9512001992989463
0.0468894465724475,0.053229428080834765,0.002580011561507394,0.053633811640844006,0.05330301799939076,0.05346790318893478,0.9480075485226775
0.05529893097532005,0.05358321235317408,0.0025870626569243376,0.056537110958456385,0.05316420999065219,0.054798808496655624,0.9481452276112492
0.05234775746415889,0.050769433118505854,0.002517645155172141,0.05303795580410584,0.05166143466667524,0.052340646422244286,0.9496513065320591
0.05215089344804765,0.05056254136333554,0.0025207535870227296,0.04788425419828124,0.0500229408469996,0.04893023876652811,0.9512915515433872
0.0476064881972834,0.053013319266780955,0.0025730244075829476,0.048883223418042035,0.05179186739881243,0.05029552801495767,0.9495195354715574
0.0492845786963434,0.05087440381558029,0.0025292721589316326,0.04792636236597858,0.050809279078329536,0.04932573253267772,0.9505042227019752
0.05263157894736842,0.05145032156450978,0.0025309006684157646,0.0463163970956786,0.051408503054055886,0.04872978407545659,0.9499046509167742
0.05304934515147506,0.052520174626273314,0.0025657591934142294,0.053594619440647764,0.053058463630459796,0.053325193880875074,0.9482520352953228
0.04923689449236895,0.053483742534837425,0.0025919899025365267,0.051703546286521095,0.05303353827468099,0.05236009790439953,0.9482761954376384
0.04929298268798731,0.05365402405180388,0.0025903846190365393,0.05561314226830053,0.05378265297159376,0.054682583086797076,0.9475272063134533
0.05057803468208093,0.052942722017866525,0.0025665035328294285,0.051557166631108,0.05335753497653036,0.05244190336828569,0.9479529783099176
0.048666041024265985,0.05067703445502078,0.002539640746611252,0.051488480595410016,0.05128636986204417,0.05138722649942533,0.9500268230748646
