Majority Class Accuracy,Accuracy,Precision,Recall,F Score,Support
0.6008783603939313,0.6008783603939313,0.3610548039896992,0.6008783603939313,0.451070878240685,
0.6133828996282528,0.6133828996282528,0.37623858155636325,0.6133828996282528,0.46639713566203556,
0.608805533386539,0.608805533386539,0.3706441774820682,0.608805533386539,0.4607693966614616,
0.5989382879893829,0.5989382879893829,0.35872707281965294,0.5989382879893829,0.4487065892589782,
0.5982142857142857,0.5982142857142857,0.3578603316326531,0.5982142857142857,0.4478252194732642,
0.6045234671198849,0.6046542031638122,0.5219874504338085,0.6046542031638122,0.45582131119091235,
0.6042851474672662,0.6042851474672662,0.3651605394495357,0.6042851474672662,0.45523146558581035,
0.5990047145102148,0.5990047145102148,0.3588066480054639,0.5990047145102148,0.4487874797984803,
0.6052284129918141,0.6052284129918141,0.3663014318925899,0.6052284129918141,0.45638543266235826,
0.6095817893065114,0.6095817893065114,0.3716391424944794,0.6095817893065114,0.46176033575294656,
0.6039656311962988,0.6039656311962988,0.3647744836663436,0.6039656311962988,0.45484077285905533,
0.6070675105485233,0.6070675105485233,0.36853096236358135,0.6070675105485233,0.45863781072618987,
0.6010114453021027,0.6010114453021027,0.3612147573841224,0.6010114453021027,0.4512331981686277,
0.6077887788778877,0.6079207920792079,0.5231193391322232,0.6079207920792079,0.459823585934732,
0.6118403780519821,0.6118403780519821,0.3743486482147924,0.6118403780519821,0.4644984122648894,
0.6025403545911617,0.6025403545911617,0.36305487891084287,0.6025403545911617,0.4530992032378055,
0.5999466239658393,0.5999466239658393,0.35993595160800823,0.5999466239658393,0.4499349493495269,
0.6027162447257384,0.6027162447257384,0.3632668716562962,0.6027162447257384,0.4533140196859482,
0.6048895899053628,0.6048895899053628,0.365891415975878,0.6048895899053628,0.4559708260023717,
0.6041117554032683,0.6041117554032683,0.3649510130164183,0.6041117554032683,0.45501943588047683,
0.606161643104828,0.606161643104828,0.36743193757154485,0.606161643104828,0.45752796942812307,
0.60187880391638,0.60187880391638,0.36225809460381225,0.60187880391638,0.4522915138375506,
0.6013745704467354,0.6013745704467354,0.36165137397999547,0.6013745704467354,0.4516761795200802,
0.6109256043809269,0.6109256043809269,0.37323009408820085,0.6109256043809269,0.46337347059752254,
0.602725228204789,0.602725228204789,0.363277700714515,0.602725228204789,0.453324992109124,
0.6065878602736087,0.6065878602736087,0.367948832231315,0.6065878602736087,0.45805005917155606,
0.604571277579601,0.604571277579601,0.365506429674231,0.604571277579601,0.455581418889132,
0.6118806606286628,0.6118806606286628,0.37439794285136874,0.6118806606286628,0.4645479680925593,
0.608540925266904,0.608672729669171,0.5285361569568383,0.608672729669171,0.4607458037946811,
0.6074445617740233,0.6074445617740233,0.36898889562883513,0.6074445617740233,0.45909999561242487,
