Majority Class Accuracy,Accuracy,Standard Error,Precision,Recall,F1 Score,Euclidean Distance
0.47521480502313285,0.4750826173165896,0.005741502805594556,0.0309123728877632,0.05001316719487449,0.03820859699045001,0.9513009059453736
0.48427589852008457,0.483615221987315,0.0057444193325768295,0.02960780598711633,0.05001221870488352,0.03719546870595749,0.9512995888514839
0.4784860557768924,0.4782204515272244,0.005756521231526919,0.0364353207346287,0.05007622568646277,0.042180342845451683,0.951237092357154
0.4752671151563118,0.47249703205381877,0.005733881956333237,0.030348460088625108,0.04988508620541869,0.03773821842984298,0.9514323021181142
0.47912262156448204,0.4789904862579281,0.0057424299872158935,0.0739555790586991,0.0500452016047774,0.05969513811102622,0.9512696620767235
0.471115271462958,0.4709815458678791,0.005772243269900696,0.023558528428093646,0.0499858075503832,0.0320240043644299,0.9513289954308088
0.48195468914647,0.48195468914647,0.005734675905334619,0.0240977344573235,0.05,0.03252155363967647,0.9513148795220223
0.48388380421806604,0.48388380421806604,0.005755557741658444,0.04086385350318471,0.05002496361989661,0.04498271293590132,0.9512894411431896
0.48186596583442837,0.48199737187910646,0.005727907399521706,0.07409646471284007,0.05003852080123267,0.059736221428260024,0.9512757455398055
0.47743032840507654,0.47782284443281436,0.005713608236969157,0.04140791027154663,0.05021991573786586,0.045390180151269,0.9510901081135832
0.48055041016141836,0.47869806827202965,0.005746085194760701,0.03298686063681409,0.04998934381560179,0.03974613031900447,0.9513268188022352
0.4792302587923026,0.47909754479097544,0.005755042650400398,0.029878096489992644,0.05003701485575953,0.03741497027923605,0.9512748365455066
0.4793312269615587,0.4794628751974723,0.005732061866537856,0.04897287332104293,0.050038197097020634,0.04949980395724917,0.951275824417885
0.4749670619235837,0.47470355731225294,0.005731820548198601,0.023741433842909856,0.04997226074895978,0.03218976145805414,0.9513434165343146
0.47266499802397577,0.4727967329732578,0.005730292411515234,0.07363636363636364,0.0500373692077728,0.059585327128989195,0.9512769055298792
0.47143803843605037,0.47143803843605037,0.005746860316085097,0.02357190192180252,0.05,0.03203927220320663,0.9513148795220223
0.48184082863511213,0.4817097154844631,0.005721400684181496,0.024094963273871985,0.049986394557823124,0.03251615187184706,0.9513283734930565
0.4725783005153958,0.4725783005153958,0.005739235134431307,0.03475493222780865,0.05004825530637856,0.0410226023778181,0.9512650230328558
0.47587574355584933,0.4750826173165896,0.005741502805594556,0.03045474613686534,0.04996677050882658,0.037843735721361585,0.951348862826441
0.48045946659625033,0.4807235278584632,0.005740957892259732,0.045467160037002775,0.050099810302178915,0.0476712003058808,0.9512128820211319
0.4802919708029197,0.47989382879893827,0.005755419152334796,0.03236552702762627,0.0500344750644421,0.03930563383243342,0.9512786996966636
0.47460526315789475,0.4744736842105263,0.005727914188224192,0.03486473812245376,0.05008609047976944,0.04111174562714003,0.9512261812719243
0.4755031779661017,0.4753707627118644,0.005746606873181772,0.03377765999734994,0.05001052558914981,0.040321640045425385,0.9513040602853425
0.47519134336236474,0.4755872261810504,0.0057368622385829855,0.03839191157002912,0.05020181281343418,0.04350970842689335,0.9511073204210545
0.4755327545382794,0.47513812154696133,0.005727545141602164,0.032102422327540805,0.04998461106765827,0.03909575064423474,0.9513309982696944
0.48066006600660066,0.4803960396039604,0.0057404325309004835,0.03287751194682689,0.05005085945698119,0.039686001350082926,0.9512618964613133
0.46555131076274536,0.46555131076274536,0.005725155530667037,0.03710704155988655,0.05019785579938407,0.04267100650035054,0.9511124507122466
0.4764799154334038,0.476215644820296,0.0057409997634026,0.02381707639439598,0.04997226844148641,0.03225921947726458,0.9513434127275908
0.46523288032721993,0.4641773321018604,0.005728574318629476,0.028123023402909553,0.049959756622760025,0.03598794521003602,0.9513538110899509
0.48155467720685113,0.4811594202898551,0.00573509447500027,0.030633011761596406,0.0500350166753701,0.03800076149142395,0.9512768903983321
