Majority Class Accuracy,Accuracy,Precision,Recall,F Score,Support
0.6059728983028548,0.5628206814892778,0.4095693386784399,0.5628206814892778,0.4640500096268565,
0.6082651175072616,0.5687879588064431,0.40769817664234353,0.5687879588064431,0.4633869011300339,
0.603193612774451,0.5582168995342648,0.3958612150780764,0.5582168995342648,0.4531332337608693,
0.5993141651279346,0.556581376945397,0.4030420216223473,0.556581376945397,0.45449321274084714,
0.6111184645929848,0.5804103242885507,0.4246441988279135,0.5804103242885507,0.47398819165341644,
0.592391304347826,0.5560710498409331,0.39530842528266,0.5560710498409331,0.44844437416715954,
0.5989874766853184,0.5583533173461231,0.3971376432338085,0.5583533173461231,0.45185511821890706,
0.6047731445056386,0.5700236034618411,0.4115018874967751,0.5700236034618411,0.46351249644007514,
0.5989961695945053,0.5616166952846388,0.40880041218846624,0.5616166952846388,0.45882976971282863,
0.5964842717420037,0.556568860692572,0.3862819175810044,0.556568860692572,0.4469147478076934,
0.6067326732673267,0.570957095709571,0.4072171278849845,0.570957095709571,0.46458895040187775,
0.6073562607887398,0.5632718098526092,0.3952529714190564,0.5632718098526092,0.45680667851108975,
0.6040294969712932,0.5633394785356861,0.4041168405592712,0.5633394785356861,0.45937726595841144,
0.611280690112807,0.5735899137358992,0.41387967458930625,0.5735899137358992,0.4674872142357693,
0.597626190165645,0.5637146211034303,0.40304974146249145,0.5637146211034303,0.4538505144143142,
0.6075566087414429,0.573986308583465,0.40692816140262106,0.573986308583465,0.4639552749761114,
0.6136333728122121,0.5686274509803921,0.4165835304018596,0.5686274509803921,0.4699710215188318,
0.6139240506329114,0.5766086497890295,0.41052701190550234,0.5766086497890295,0.4702629552504411,
0.6146958124835397,0.5696602580984989,0.42031494043837936,0.5696602580984989,0.4720480354795764,
0.6076892377278169,0.5701742716509246,0.407005894888857,0.5701742716509246,0.46277810336227837,
0.6076453411202548,0.571409609769047,0.407331584287226,0.571409609769047,0.4638180224639073,
0.6088507265521796,0.5742404227212682,0.4212245342732924,0.5742404227212682,0.47199254571578053,
0.5942568465833555,0.5566338739696889,0.39453135904948683,0.5566338739696889,0.44938536614649777,
0.6018419647624133,0.5643352909770422,0.406560790258305,0.5643352909770422,0.45960582374231573,
0.6028904799787854,0.5612569610182976,0.39769007144710466,0.5612569610182976,0.4545022882201074,
0.604020632191509,0.5714852532733765,0.42102217442517076,0.5714852532733765,0.4684164213698039,
0.6077860169491526,0.5628972457627118,0.399499107631227,0.5628972457627118,0.45938543920846125,
0.5932697403285638,0.5589560148383678,0.3969656936423511,0.5589560148383678,0.44895468456375076,
0.6048376495333245,0.5529117917707375,0.4038490089751802,0.5529117917707375,0.4549483512630513,
0.599524501386871,0.5543521331396116,0.3917090221145202,0.5543521331396116,0.44849982894066953,
