Majority Class Accuracy,Accuracy,Standard Error,Precision,Recall,F1 Score,Euclidean Distance
0.47981060107852164,0.42285939760620805,0.005665605256531389,0.05000428918419529,0.052036942678996834,0.051000370780912914,0.9492367138666825
0.4785009861932939,0.41564760026298486,0.005651327105067358,0.0407445443198133,0.04935996304060573,0.044640368404383755,0.951938509098676
0.4939105109875563,0.43566322478157266,0.005705006410220159,0.043232893714119355,0.04975144169490545,0.046263680467436945,0.9515396225732085
0.48450481339839113,0.4260846630621126,0.005678731544202636,0.045213668761186904,0.05127319840759729,0.04805315950558148,0.9499859646078302
0.46740858505564387,0.41361950185479596,0.005668580479764099,0.08046190561817167,0.05263136059756608,0.06363687193750109,0.9486592395322169
0.4671968190854871,0.405168986083499,0.005651780378306302,0.04381304375440112,0.04929115024582241,0.04639093535184445,0.9520103900640096
0.4808521761861195,0.42504247810743695,0.005651645937708625,0.07342672244060348,0.053311213457544325,0.06177262783677827,0.9479538196747388
0.4748810153358012,0.40943945002644105,0.005653941344045286,0.04506529797195459,0.04986875108132256,0.047345502469989816,0.951429550367237
0.4765261337943876,0.41814071020082455,0.005688400555012086,0.039521281823666383,0.04881481355996827,0.04367917770181746,0.9524805720368891
0.4895915678524374,0.425296442687747,0.005674752564645143,0.045995185032336926,0.05071226725013585,0.048238684000613756,0.9505775756965276
0.47239830956154255,0.41217643951399896,0.0056566560635581825,0.043956846592510784,0.050374337028365156,0.04694729611057797,0.9509198806573035
0.4905210128596049,0.43841972689911174,0.005713193212990377,0.04381157371059165,0.05050727871736207,0.04692176182142111,0.9507676737710933
0.4828952582221635,0.43191124025888256,0.0056928367282157175,0.05981880000258236,0.051320621175106294,0.05524480767582529,0.9499585019744737
0.48125498537622974,0.42342462111140655,0.005697042191336498,0.05235381323125231,0.050933209814522276,0.05163374207650325,0.9503465138457654
0.4808353158868623,0.42149088025376685,0.0056769625268402795,0.05468206088842651,0.05083390549220597,0.0526878122936197,0.9504552333884142
0.4712230215827338,0.4185984545696776,0.0056941987438158,0.05904242299536246,0.052474228270178225,0.05556489630424249,0.9487978333841696
0.4814377541650269,0.4293585202676112,0.005669291025298621,0.060140384792227296,0.0532702210886297,0.05649721327832134,0.9479962284668987
0.47536880927291886,0.42531612223393045,0.005674039174008697,0.05087153452851906,0.051188116185793484,0.051029334350450775,0.9500947551950338
0.4807590233545648,0.4221072186836518,0.005689375255101886,0.05057297686117014,0.05034772493983388,0.05046009952280071,0.9509510386598287
0.4715318869165023,0.42287968441814594,0.005664896543630796,0.05103483229067869,0.051472694701919064,0.051252828328429735,0.9498058844647648
0.46922367207064714,0.4103071042572822,0.005647190315747799,0.04701206678928638,0.05129543284296809,0.049060434327388,0.949975515491667
0.4734344100197759,0.42320369149637443,0.005672939698722489,0.05676637070738344,0.05267903071776322,0.054646377961808074,0.9485941815342398
0.48852328512670823,0.4375746318163726,0.005714250316649065,0.05243626638794393,0.051801671571720075,0.052117037290714485,0.9494683763100605
0.4783238898405587,0.4237712478587429,0.005672453304514232,0.04614912000042365,0.050821861126856514,0.04837290786425501,0.9504637926840336
0.4961892247043364,0.4423127463863338,0.005693348365168188,0.046140395533666015,0.05100736959475819,0.04845196809464077,0.9502578492541485
0.4713098535813217,0.40957657301147604,0.005647888264498417,0.04518154882802298,0.049521383987795514,0.047252028256132964,0.951776679852765
0.4751125231665343,0.42666137145882976,0.005690609360219191,0.0508946114056117,0.051804298721182265,0.051345426145217185,0.9494673296909292
0.48574057037718493,0.42712577211197267,0.00567079227204942,0.04858116381784516,0.04997778244128138,0.049269577814863984,0.9513101841128815
0.4774108322324967,0.42087186261558784,0.005674326732495823,0.04559403910142835,0.05102873431240351,0.04815854534771744,0.9502454086716445
0.477350539899921,0.41756649986831706,0.005659143433911938,0.046947731663662645,0.04972830286511207,0.048298030228075745,0.9515665253079733
