Majority Class Accuracy,Accuracy,Precision,Recall,F Score,Support
0.6990125082290981,0.6754443712969058,0.5160053443863266,0.6754443712969058,0.5754557402048608,
0.7018312101910829,0.6771496815286624,0.5143533983551118,0.6771496815286624,0.5756149363680377,
0.6979910124240021,0.6732751784298177,0.5268882493937894,0.6732751784298177,0.5772330581493526,
0.6995002630194634,0.6735928458705944,0.5143448201722682,0.6735928458705944,0.5748883541242915,
0.6996682149966822,0.6707365627073656,0.5198369691182133,0.6707365627073656,0.5765731811313036,
0.6964687210686417,0.669752678217167,0.5252505070293072,0.669752678217167,0.5752987905797706,
0.6950945392040195,0.6716911278593151,0.5170746471604208,0.6716911278593151,0.5721265561542231,
0.7007696390658175,0.6740976645435244,0.5250379798673476,0.6740976645435244,0.5776462605932775,
0.7070089107594095,0.6786806756217583,0.5233051055910272,0.6786806756217583,0.5834777086602927,
0.6977701088399256,0.6740111494558003,0.525597081582586,0.6740111494558003,0.5751437670802696,
0.6981554677206852,0.6732542819499341,0.5257095086585395,0.6732542819499341,0.5779594374854989,
0.6998407643312102,0.6768842887473461,0.516424331080603,0.6768842887473461,0.5766384017783326,
0.704230973922299,0.6822778073443321,0.5241268821446022,0.6822778073443321,0.5821662340607865,
0.6987729251880195,0.6730439371948805,0.5174928322065541,0.6730439371948805,0.5742947882502714,
0.6990716180371352,0.673342175066313,0.515951082146847,0.673342175066313,0.5735985849345956,
0.6962913907284768,0.6694039735099337,0.5096565006887361,0.6694039735099337,0.5691511978231876,
0.6905745900546594,0.6624450073323557,0.49793637451942657,0.6624450073323557,0.5610039312027271,
0.6955321944809462,0.6771353482260184,0.521554076716189,0.6771353482260184,0.5744448055609743,
0.6893333333333334,0.6684,0.5100911174960966,0.6684,0.5647808504092764,
0.6959638874137015,0.667020711630377,0.5150939813026382,0.667020711630377,0.5727852733751225,
0.6999606247539047,0.6634728967056044,0.5086430742646221,0.6634728967056044,0.570162112755812,
0.7006099177936886,0.6783346592415804,0.5234657917958004,0.6783346592415804,0.5783833666449097,
0.700358137684043,0.6695848255736835,0.5162483928513756,0.6695848255736835,0.5743337582470679,
0.6960242232754081,0.6704844655081622,0.5099201110265902,0.6704844655081622,0.5710735910351465,
0.700782182155641,0.6709532016439083,0.515782674047411,0.6709532016439083,0.5749654034938074,
0.7008266631675633,0.6803569085421861,0.5234769699849562,0.6803569085421861,0.579210015729441,
0.6915875527426161,0.66917194092827,0.5229234731966972,0.66917194092827,0.5719012707550145,
0.7062425129775056,0.6756289098895248,0.5274264490779146,0.6756289098895248,0.5821176994740391,
0.6923789362265149,0.6668430801799418,0.49933001815552697,0.6668430801799418,0.5626120565957518,
0.6953320184089414,0.6710059171597633,0.5137655398146742,0.6710059171597633,0.5705699379508389,
