Majority Class Accuracy,Accuracy,Standard Error,Precision,Recall,F1 Score,Euclidean Distance
0.6982100552777046,0.6678073177151882,0.005403447956493673,0.11013509280010617,0.12427018262950731,0.11677645113662703,0.8846142442541894
0.6903914590747331,0.6664030578621326,0.005413080417998757,0.1305557741534574,0.12657535251760973,0.128534754625977,0.882112608839139
0.697870102550618,0.6755193268472258,0.005368279830010934,0.1702481740685345,0.1298800276740048,0.14734928228063268,0.8786213703619612
0.6990950226244343,0.6755389938780942,0.005400958885628698,0.133080321812855,0.128627440842919,0.13081599909479769,0.8799091418715266
0.692084432717678,0.6637203166226913,0.00542635581740817,0.11726622023183378,0.12541285739498792,0.1212027991782575,0.883329623619579
0.7001830543933054,0.6761244769874477,0.005350919941606535,0.1327192684688227,0.12653854303321863,0.12955523127485158,0.8822139540153444
0.7108290360967869,0.6838556128520429,0.00534660248086862,0.1160597647323693,0.12620848177633123,0.12092155627720266,0.88242367516415
0.6991347666491872,0.6723911903513372,0.005373824153884328,0.12274488025476583,0.1266218551905683,0.12465322951151794,0.8820794880122418
0.6983225465592392,0.6660943072249372,0.005420048211371107,0.11896504714325921,0.12557164086783568,0.12217909956334,0.8831271765057425
0.708393919365499,0.6802379378717779,0.005362155776730402,0.12550605106617024,0.12624571305936985,0.12587479547681088,0.8825292267363505
0.6990406098041793,0.6748587199369168,0.00537005452647348,0.26089071420485604,0.12818732594157387,0.17190835547707406,0.8805274440522436
0.6949130030548546,0.6675521317572055,0.005429198509863623,0.13216601393786537,0.12562421161068146,0.12881210889467157,0.8832226308117859
0.6855900948366702,0.6604320337197049,0.0054349971688168654,0.12537905712643077,0.12622371674304958,0.1257999691247197,0.8825137707682431
0.6963031668212535,0.6650324632304226,0.005432948742311487,0.11953061188962857,0.12554089782944639,0.12246205486658485,0.8832715762290962
0.7021951864586088,0.6761438772811426,0.0053811770260523435,0.13636124815947054,0.12819690253071378,0.1321530982406788,0.8804126422660514
0.7188037581050681,0.6922059018128887,0.005309737875249888,0.1293372908268752,0.12610724062420037,0.12770184402331433,0.8826193361974796
0.6951058201058201,0.6702380952380952,0.00540696923058963,0.12844084062196306,0.12624192205051335,0.12733188865830208,0.8825034421928112
0.6988079470198676,0.6757615894039735,0.005387105818344232,0.11868463506547522,0.12565229753971316,0.12206911922510315,0.8830504610234816
0.7010241596638656,0.6752888655462185,0.005365743612850366,0.12555182086588923,0.12562757738692695,0.12558968770220189,0.8831168344032796
0.704154538237629,0.6787509923260122,0.005371216924927381,0.11906055092740722,0.12563648333862532,0.12226015707747531,0.8831106697890958
0.694942254082039,0.6675959113235099,0.005427577443754928,0.14999424301340974,0.12588541748335874,0.13688640813783098,0.8829264662110462
0.7016845735508688,0.6711765486138745,0.00541056858822526,0.1110648460944938,0.12408438560773355,0.11721418854308092,0.8847611667413733
0.7024837295789613,0.6753884978084739,0.005396226044515497,0.13629057715249243,0.12621430415698734,0.1310590513414184,0.8825976556429486
0.6942398737506575,0.6667543398211467,0.005405602697649062,0.10824341360055646,0.12472187282628502,0.11589985334240863,0.8840491688303966
0.6939445685012479,0.6603178773151189,0.0054279389981034066,0.12265463603086738,0.12510903498391662,0.12386967861167751,0.8837535693869888
0.6980139418650533,0.6721031171905827,0.005383864282687685,0.11432988455837215,0.12559624424482435,0.11969854369012412,0.8831074982933195
0.7021897810218978,0.6785666887856668,0.0053802205727611595,0.12493410823873526,0.12671321290115958,0.12581737158307182,0.8820223832306257
0.6913596607474158,0.6697588126159555,0.005413977374569798,0.1255199426496712,0.12635969780926548,0.12593842037689038,0.882380220952258
0.696297268907563,0.6709558823529411,0.005384068545539047,0.15083379211857267,0.1282843046384443,0.13864818055674358,0.8803751518916383
0.6938721952499672,0.6713029786117307,0.005380853779147548,0.12560685958001278,0.12555594451768493,0.12558139688816516,0.8832728594759656
