Majority Class Accuracy,Accuracy,Standard Error,Precision,Recall,F1 Score,Euclidean Distance
0.28458809617658654,0.23071869662330838,0.004829065794622315,0.04756121497008728,0.05048505757574615,0.04897954024748561,0.9508085771068014
0.2910958904109589,0.232218124341412,0.004846061090877673,0.044945462215635223,0.05044478160819739,0.04753660195972255,0.9508508335562924
0.28580875545562756,0.22444121147996296,0.004798097235466424,0.043528046192286854,0.049753382511316946,0.046432983762639414,0.9515473249552546
0.2898531551792565,0.22913083741235613,0.004833925300269092,0.10068413653061385,0.05196092279471308,0.06854647858296638,0.9493498630703461
0.2844700522578052,0.23556210639153155,0.004912098843750262,0.05927744339466397,0.05316158947898515,0.05605318776891457,0.9481181999452969
0.295864262990456,0.23528632025450688,0.004883676955314581,0.04892455411833554,0.051258370384561866,0.05006427848539511,0.9500393198741189
0.2963744232036915,0.23915622940013184,0.00489791000238495,0.04168609346388197,0.050193104995991555,0.04554577099448992,0.9510895524616321
0.29000132784490773,0.23449741070242996,0.0048822052572295715,0.05358211514164777,0.05104197519750566,0.05228120948481754,0.9502506219635103
0.2997083775185578,0.24151643690349947,0.004927715130390031,0.05992017730164413,0.05326158596291815,0.05639501598512507,0.9480222868838304
0.2815572681371246,0.2369120382673399,0.004901158626805726,0.07626276913205624,0.05328819314669449,0.06273832474770208,0.9479928177173521
0.29751847940865894,0.23812038014783526,0.004893521252798976,0.048096792889742494,0.05234248128040869,0.050129901918928826,0.9489333559554625
0.2958344388431945,0.2479437516582648,0.004973632354161344,0.05727008916999464,0.05392808378874112,0.0555488653306244,0.9473313023074447
0.27961834084283066,0.22422475483699975,0.004801217021415819,0.06730160166122322,0.0521668644492468,0.058775568907560354,0.9491450060540901
0.2854877081681205,0.23129791171028286,0.004847655152166383,0.05269112137388593,0.05206781898549719,0.05237761589467283,0.949217809034528
0.2863949179460032,0.2424563260984648,0.004930314499417689,0.04922776556342766,0.053390239117794745,0.051224581550396914,0.9478734784179815
0.2844748258183252,0.2371499934271066,0.0048766818942228025,0.05428179930782725,0.05299947768404868,0.05363297476936369,0.9482599721115822
0.2874000262226301,0.2286613347318736,0.004808859017127894,0.11028449886283546,0.05139784882749702,0.07011756176901698,0.9499068706261282
0.2898493259318002,0.23777425323817075,0.004894305248079648,0.05602905432915718,0.053856221492846,0.054921155494457446,0.9474265588963312
0.2884896872920825,0.22781104457751164,0.00483820970262233,0.04527358174305759,0.05041707146515349,0.0477070921703634,0.9508780804446675
0.29620253164556964,0.24343770819453697,0.004953827992769748,0.06253995507334531,0.05392023438005744,0.057911103382195524,0.947366554854629
0.28904182106934884,0.23266278454208575,0.004860832064344188,0.05601691005459582,0.052642483563237176,0.0542773002614738,0.9486461755613906
0.29023781369071083,0.23006175272631718,0.004824244363905233,0.04404820817271836,0.05019955062410014,0.04692313715033231,0.9511017189677159
0.2872200263504611,0.23715415019762845,0.004882169694690686,0.04974578195349007,0.05328980071850483,0.05145684118323925,0.9479818468027384
0.28495902722706845,0.2344699973565953,0.004870702219717737,0.06459928606896141,0.05408540053751769,0.058876648055903966,0.9472101039053306
0.29896907216494845,0.23843510441448587,0.0048989768604597965,0.049306208338097075,0.051509582331089945,0.05038381747476236,0.9497768876184948
0.2837351804982017,0.231650459571067,0.004869258073974496,0.04642047879409239,0.05262899198049855,0.049330157689482734,0.9486536310306928
0.2923745555116555,0.23468984591070724,0.004863614983680811,0.049889723231265865,0.05162571484240397,0.050742875644878345,0.9496667628263143
0.27746815286624205,0.22425690021231423,0.004804646312017419,0.06109724033025234,0.05224761324051717,0.05632695058086314,0.9490532126422495
0.2810126582278481,0.22691538974017322,0.004834706798281385,0.049712215343844623,0.051768914571306744,0.050719723586791866,0.9495263746415555
0.2922368421052632,0.2363157894736842,0.0048730007657542245,0.05511048613262034,0.0519569937166243,0.05348729951885324,0.9493371538290544
