Majority Class Accuracy,Accuracy,Standard Error,Precision,Recall,F1 Score,Euclidean Distance
0.35738831615120276,0.29394660322495375,0.005237449251304254,0.0862160250703965,0.08608173781225636,0.08614882911021256,0.9176247239769639
0.36415570612461806,0.2962667729507108,0.0052630142262137065,0.10751718858416982,0.08687678453450683,0.09610120598420378,0.9168709467452782
0.3679978911295637,0.30170027678924477,0.005269552639803865,0.0914101309224757,0.08681096615641154,0.08905120563085396,0.9169004268642018
0.36073180432188784,0.3005435503115471,0.005279125565319796,0.09459206089438106,0.0872954766840117,0.09079741422898892,0.9163681887189061
0.36074864900487674,0.2986687755371029,0.0052543797350334525,0.0724760632999695,0.08233966907901906,0.07709365161494984,0.921390226446
0.3678452301534356,0.2977985323549033,0.00528209641707994,0.07468699456303692,0.082691572332534,0.07848571930772552,0.9210437682869231
0.3549362429341396,0.2970947811226502,0.005239492068245817,0.08143837558396341,0.08564831272446088,0.08349030710228907,0.918051242117056
0.36311887741593857,0.3006354249404289,0.005275740210106782,0.08277283361219635,0.08634127665288631,0.0845194066308442,0.9173403179747162
0.3553488372093023,0.29926910299003323,0.005279020182236632,0.08414197037385346,0.0874011998898862,0.08574062331327383,0.9162642448292051
0.3606665784949081,0.29625710884803597,0.0052511180475442246,0.09061587911270179,0.08531837284346638,0.08788737012508628,0.9183713232900976
0.3632286995515695,0.3003165391717225,0.005264395864529025,0.08336156964871182,0.08466060182175732,0.0840060641223967,0.9190309334476766
0.35919767748746373,0.3016627078384798,0.005272494427172521,0.09472539586251338,0.0868012945988607,0.09059039165378595,0.9168826395252799
0.3652081393802367,0.3072217050139646,0.005320384767975218,0.11509000468715265,0.08805299148492102,0.09977227267174185,0.9155974359409971
0.36258387054334956,0.3002236547822655,0.005257347892844059,0.08571461752121985,0.08479925261028178,0.08525447810163543,0.9188729462362483
0.36529801324503314,0.30596026490066225,0.005303361188376792,0.09078267388837309,0.08678153803907401,0.08873702624886781,0.9168890148337548
0.35777513542079536,0.2940943321442727,0.005237178896973226,0.08565633878686953,0.08512948751216175,0.08539210051689947,0.9186015070992165
0.36194620253164556,0.3103902953586498,0.005312593507564011,0.09069640982037835,0.0894663594003202,0.09007718556289226,0.914117667006486
0.36213452209256586,0.30641143306673657,0.005278695038814041,0.0827185374342871,0.08686193206468094,0.08473961654116706,0.9167496429607241
0.36398619957537154,0.309447983014862,0.005325024157203456,0.10669602809922092,0.08927478789194283,0.09721105899666418,0.9143964632410833
0.3613022763366861,0.2956590788777131,0.005249779898520853,0.07533037149563886,0.08342125640301028,0.07916963521764528,0.9203072746128627
0.3679830933826443,0.3008849557522124,0.00527105973071304,0.09051685063496549,0.08506990701888704,0.08770889297174797,0.918655481634184
0.36204167765761014,0.3012397784225798,0.005269001917624057,0.09074961813136594,0.08571636090098556,0.08816120888603361,0.9179763345029731
0.3658698539176627,0.298273572377158,0.005272223543134501,0.07952135869211154,0.08380986115967755,0.08160930944203416,0.9199197580402233
0.3723052506282238,0.3031345060177225,0.005285700469286318,0.08479185662293687,0.08583344017026391,0.08530946921887454,0.9178774556183972
0.36546819438956935,0.30370077703147635,0.005277329449546517,0.08514491423862726,0.0870409979849116,0.08608251642618048,0.9166110076245655
0.35551456054816183,0.30583739623138756,0.005289122480701701,0.08648703761682296,0.08820643068728756,0.0873382727237046,0.91540973153458
0.3641519388024268,0.292534951200211,0.005224557164344728,0.07684212092933944,0.08292371150366172,0.0797671663613831,0.9208141630284339
0.35862524785194977,0.2953073364177132,0.005244843418244439,0.0949511755004121,0.086894565671894,0.09074439799309003,0.9167740668432387
0.3634445470130555,0.2952657259659765,0.00523840035958303,0.09440402081282913,0.08607720156668484,0.09004852494985953,0.9176364634865022
0.36480915015294585,0.3122755685596489,0.005344365944814622,0.09101375364009505,0.08983694679326924,0.09042152143871388,0.9137780802198419
