Majority Class Accuracy,Accuracy,Standard Error,Precision,Recall,F1 Score,Euclidean Distance
0.32821395471997883,0.38064345293260954,0.005586885954977446,0.38001321160299106,0.38138269415341375,0.3806967212702822,0.6916627749764837
0.3343011746073644,0.3880163653160882,0.005598172574187173,0.3865917293441446,0.38741563422670455,0.3870032432758655,0.6848864479936424
0.3279035889286187,0.3966362071248841,0.0056296781346901114,0.39294425223318247,0.39626813336571765,0.3945991932984381,0.674909289055897
0.3363552752594928,0.3752463539613717,0.005549984615655474,0.37272924498148274,0.3752913824754495,0.3740059257822671,0.6984390698897184
0.33773959021810973,0.3767349636483807,0.00557121450308843,0.3781829260723277,0.378372294528385,0.3782775866005581,0.6950819464401325
0.33001988071570576,0.37866136514247845,0.005584188314992427,0.3757114359547493,0.378093270789332,0.3768985903700797,0.6952681803991281
0.3328038125496426,0.3999205718824464,0.005636412267065752,0.397952370465136,0.40008331135290404,0.39901499585511413,0.6707287669575663
0.33235880398671097,0.38006644518272426,0.005595631215052446,0.37835967725328096,0.37977158225452207,0.37906431502396026,0.6933095235365332
0.33633832692562643,0.3777011799018958,0.005582151327514638,0.37790883505456163,0.3782590996704143,0.3780838862394362,0.695188777140901
0.3346153846153846,0.3770557029177719,0.005581381276313757,0.3718116113096135,0.37652633946629294,0.37415412336717274,0.697000837793054
0.3359251449657354,0.38336847654190825,0.005581583162780698,0.38175709128815166,0.384486051181657,0.3831167116663891,0.6882439067232841
0.3377860071419124,0.3812987700039677,0.0055857767349076015,0.37649728594280396,0.37969158923561624,0.37808769087958405,0.6933196020163225
0.33638413582703275,0.3717999734712827,0.005566045866395643,0.36620146629944045,0.37016253123166115,0.3681713450430373,0.7040070131868198
0.3277543489720611,0.38547706905640483,0.005587334336976689,0.3841541999781833,0.38562506504097743,0.38488822727295524,0.6869607907323437
0.33372984403912237,0.3863335976738039,0.005597759608372301,0.38089915995901463,0.38538448133298514,0.3831286935826361,0.6870297595846219
0.3314014752370917,0.37829293993677554,0.005565816936255558,0.3758862961878389,0.3774007126303555,0.3766419821094063,0.6960023937253309
0.32685185185185184,0.37817460317460316,0.005577242267284143,0.3764200485828133,0.3792798687283711,0.3778445473996971,0.6940722886208168
0.3450339050658157,0.3910384257412578,0.005626869827177033,0.3834376746259212,0.38832789790378386,0.38586729303442185,0.683613012032312
0.3303536216642566,0.3913500723018273,0.00559576913468091,0.3904263592398765,0.39184312154119755,0.39113345744682787,0.6800063321125684
0.3227714961872206,0.3856166184591112,0.005581095325870569,0.3814761166296246,0.3839428583398566,0.3827055126586231,0.6885375365776407
0.3371474188398084,0.3813198509845663,0.005602532858612732,0.37891648643354187,0.3818691637905522,0.3803870953091965,0.6911669513586735
0.33385930309007233,0.39276791584483894,0.005600099559175818,0.3885505852501256,0.39197433513119956,0.3902549511009833,0.6796896717704185
0.3391188251001335,0.39052069425901204,0.005637163089017893,0.3881489045870425,0.3892955872167163,0.3887214002588354,0.6825935650424008
0.33479125248508945,0.375480450629556,0.00557489974798445,0.37564253579564183,0.37543174517979283,0.37553711090829694,0.6983100623662005
0.32609559115583214,0.38686614590229046,0.005604001840538291,0.3849273930987807,0.3859080806162917,0.3854171130227233,0.6864329429623145
0.3299009900990099,0.39036303630363034,0.005605039413238108,0.38878723582837105,0.3903575494455203,0.3895708102065022,0.6816278665648776
0.32669742913645355,0.38365194462755436,0.005583466623883393,0.37980197616134287,0.38365674228379004,0.3817196277063104,0.6890392653656027
0.3302147845565951,0.3806825668731058,0.005573729276829955,0.37904341984660705,0.3817381603234256,0.3803860176073259,0.6913613010578563
0.3354889798073116,0.3823412960274515,0.00558278937467579,0.3801954262271659,0.38273459480319705,0.3814607851099151,0.690163884771026
0.33359704641350213,0.3756592827004219,0.005561074712166885,0.3724806099469446,0.3757135845618189,0.37409011235331113,0.697977338578141
