Majority Class Accuracy,Accuracy,Standard Error,Precision,Recall,F1 Score,Euclidean Distance
0.12856196156394964,0.13492379058979456,0.003933161950911445,0.13421123675026628,0.13464129132814134,0.13442592008309284,0.8741437493339725
0.12134387351778655,0.12911725955204217,0.0038490282954547327,0.1295278197899575,0.12951175354428496,0.12951978616888798,0.8793271683876459
0.12123206528892984,0.12834013426352509,0.003837370269236869,0.12826614807058084,0.12869018744943128,0.12847781787683532,0.8801624122228451
0.12947731493764925,0.13000795967100026,0.0038735979685857783,0.12936011323476954,0.129815482549199,0.1295873978519807,0.8790158891208002
0.11990439516664454,0.14327446554242465,0.004037187596526099,0.14155126656374267,0.14308345315734028,0.1423132359859841,0.8656149594125202
0.1307128580946036,0.13057961359093936,0.003889352007900091,0.12943851294276001,0.12964327095277078,0.12954081103539472,0.8791915032617486
0.12198675496688742,0.14251655629139073,0.004023204012523918,0.14090480790434073,0.14175636574039988,0.1413293041015445,0.8669555334607079
0.12617254591095256,0.1304003170828379,0.0038706130582755256,0.13014988944333078,0.12970712527103184,0.12992813014952254,0.8791249929854582
0.12274176408076515,0.13788522848034007,0.0039737597776361945,0.13445013216790916,0.13783177616845754,0.13611995476316172,0.8709224046849525
0.12820852077269118,0.1366763694098968,0.003951209773419769,0.13400391160523323,0.1366657861498299,0.13532175990571474,0.8721005796808107
0.12038629448339727,0.12858843762402433,0.0038501747912524386,0.12854936516669235,0.12922449548781256,0.12888604621714653,0.8796176876909064
0.12732550468399526,0.13405462462066237,0.003913633884328158,0.13297975498472017,0.13328443319166444,0.1331319197710781,0.8755148659962431
0.1271018138488018,0.13226532503640936,0.0038981337441566185,0.1311936120723695,0.13247136542029872,0.13182939267033328,0.8763383940953076
0.12501655409879486,0.137200370811813,0.003959409149514404,0.1363429114726758,0.13651909378610072,0.13643094575044037,0.8722435741792307
0.1271645736946464,0.1335095836087244,0.003910512121026,0.1350724943330198,0.13288689326782321,0.1339707804123537,0.8759220754332335
0.1257953340402969,0.12990455991516436,0.0038707471655850785,0.1309870119322545,0.13066631994858416,0.13082646941445183,0.8781614794239637
0.12798207460129168,0.1347040991169105,0.003919563339940088,0.1358162812223978,0.13445546613635107,0.13513244783535538,0.8743317867716609
0.12131669763737722,0.13299707990443324,0.0039121772657304795,0.13405672187426848,0.13231137754045574,0.1331783316299154,0.8765005272947146
0.12236065573770492,0.1318032786885246,0.00387393432268235,0.13056208769705668,0.13043009908303008,0.13049606001549213,0.8783936425969112
0.12933421226104153,0.14383651944627554,0.004029351361633605,0.14066525759934434,0.14354198300622906,0.14208906129815158,0.8651569004182237
0.1214622641509434,0.13626834381551362,0.0039270617154751,0.13604116949331468,0.13587780460003976,0.13595943797307278,0.872894065846075
0.12840158520475561,0.13051519154557464,0.0038718060313892694,0.1310781437066141,0.12986869465514922,0.1304706163743459,0.8789641589453899
0.1297397278372308,0.13581714889681595,0.003937865459699811,0.1385416253507606,0.13636845295915806,0.13744644965858172,0.8723962183796643
0.1251827242524917,0.1306312292358804,0.003884832268200725,0.13059508932633843,0.13067539995772484,0.1306352322988896,0.8781491566841063
0.11748417721518987,0.12790084388185655,0.0038350451028573438,0.12804449687353175,0.1283223940902648,0.128183294864042,0.8805255414449442
0.12592887473460723,0.13468683651804672,0.003932591050549356,0.1320390326612848,0.1334863081547141,0.13275872613972842,0.8753059147683736
0.1269362037280126,0.1348122866894198,0.003912906091813837,0.13498065633195774,0.1348812840355578,0.13493095188763704,0.8739035526157297
0.11847336337132255,0.1371587596077392,0.003960215518558684,0.13788632276277124,0.13790416211903808,0.13789524186394014,0.8708501929081357
0.12457157922488796,0.13880833113630373,0.003969641225069119,0.14036944271132323,0.13848160422039218,0.13941913307534806,0.8702677683748526
0.1179033535780301,0.13176656984420385,0.0038864959701879046,0.1316649464574544,0.13079056301214442,0.13122629820906107,0.878034569319538
