Majority Class Accuracy,Accuracy,Standard Error,Precision,Recall,F1 Score,Euclidean Distance
0.7014255543822597,0.7014255543822597,0.005257716032939137,0.08767819429778247,0.125,0.1030643910007758,0.8838834764831844
0.6865691489361702,0.6865691489361702,0.005349387923145194,0.08582114361702127,0.125,0.10177008594181187,0.8838834764831844
0.7003146303093865,0.7003146303093865,0.005245344639637156,0.0875393287886733,0.125,0.10296838858905165,0.8838834764831844
0.6898367561874671,0.6898367561874671,0.005307327071367694,0.08622959452343339,0.125,0.10205671548769088,0.8838834764831844
0.6989019711602064,0.6989019711602064,0.005276305290823471,0.0873627463950258,0.125,0.10284612988631055,0.8838834764831844
0.7051197248313269,0.7051197248313269,0.005244717745132152,0.08813996560391586,0.125,0.1033827294592288,0.8838834764831844
0.7002379064234734,0.7002379064234734,0.005267178017238902,0.08752973830293417,0.125,0.10296175373134328,0.8838834764831844
0.6949832775919732,0.6949832775919732,0.005325291726077075,0.08687290969899665,0.125,0.10250591949486977,0.8838834764831844
0.6986715770090753,0.6986715770090753,0.005262160521475168,0.08733394712613442,0.125,0.10282617111885405,0.8838834764831844
0.7046714172604909,0.7046714172604909,0.005240452250873954,0.08808392715756136,0.125,0.10334417092429168,0.8838834764831844
0.7008125749300653,0.7008125749300653,0.0052849319920800055,0.08760157186625817,0.125,0.10301143483709274,0.8838834764831844
0.6956808006320779,0.6956808006320779,0.005280005669644307,0.08696010007900974,0.125,0.10256659159742176,0.8838834764831844
0.7014268569142552,0.7014268569142552,0.005284633682250199,0.0876783571142819,0.125,0.10306450348773415,0.8838834764831844
0.6909066913026264,0.6909066913026264,0.005308916045277625,0.0863633364128283,0.125,0.10215032781767094,0.8838834764831844
0.6869473406361357,0.6869473406361357,0.005327479391553256,0.08586841757951696,0.125,0.10180331716476296,0.8838834764831844
0.6931350418271146,0.6931350418271146,0.005314424637810802,0.08664188022838933,0.125,0.1023449141243824,0.8838834764831844
0.6976744186046512,0.6976744186046512,0.0052943249781247,0.0872093023255814,0.125,0.10273972602739727,0.8838834764831844
0.69790154414676,0.69790154414676,0.005275002729628535,0.087237693018345,0.125,0.10275942479595802,0.8838834764831844
0.6964072650139201,0.6964072650139201,0.005294260175512007,0.08705090812674002,0.125,0.1026297280400125,0.8838834764831844
0.6964190981432361,0.6964190981432361,0.00529525509393963,0.08705238726790451,0.125,0.10263075600031273,0.8838834764831844
0.7021361284330635,0.7021361284330635,0.005267691314998856,0.08776701605413294,0.125,0.10312573076623274,0.8838834764831844
0.69535192563081,0.69535192563081,0.005304006668549527,0.08691899070385126,0.125,0.1025379915400282,0.8838834764831844
0.6924190576467492,0.6924190576467492,0.0052943734661770854,0.08655238220584364,0.125,0.10228244809083131,0.8838834764831844
0.699695726948009,0.699695726948009,0.0052723373904024805,0.08746196586850112,0.125,0.1029148505603985,0.8838834764831844
0.695364238410596,0.695364238410596,0.005296916688414716,0.0869205298013245,0.125,0.1025390625,0.8838834764831844
0.7104807564256226,0.7104807564256226,0.00523388077310357,0.08881009455320282,0.125,0.10384226097788851,0.8838834764831844
0.6907903505264561,0.6907903505264561,0.005335586649298781,0.08634879381580701,0.125,0.10214015450102475,0.8838834764831844
0.6827540983606557,0.6827540983606557,0.005329791796534925,0.08534426229508196,0.125,0.10143402696594185,0.8838834764831844
0.7020295202952029,0.7020295202952029,0.005250499799606025,0.08775369003690037,0.125,0.10311653116531165,0.8838834764831844
0.6983915990961053,0.6983915990961053,0.005291462095019618,0.08729894988701316,0.125,0.10280190968145887,0.8838834764831844
