Majority Class Accuracy,Accuracy,Standard Error,Precision,Recall,F1 Score,Euclidean Distance
0.7634821783490129,0.7433417251888167,0.00502787782504998,0.37237804105567357,0.3431633393240632,0.3571742894640193,0.732616314326532
0.7635286372613561,0.7381171823568137,0.005044896618521243,0.3824179978822891,0.3404495996084514,0.36021549371981265,0.7368877878925914
0.772008434370058,0.7438060094886663,0.0050113028510346625,0.3538392755981341,0.33804185530702874,0.34576021764664594,0.739003960197768
0.7668727798973819,0.7356926720168399,0.005057867533977077,0.3198798202076484,0.3360041206198454,0.3277437699032612,0.7415142845206457
0.7737177783683231,0.7495349455221897,0.004994446969045336,0.35840212135061483,0.33874924077714547,0.34829867112327256,0.7384120658706701
0.7612137203166227,0.737467018469657,0.0050539231494367955,0.3597624100551106,0.33763380568865325,0.3483470340345476,0.7400914376300266
0.7660949868073879,0.7398416886543535,0.005039107801828314,0.3633230517217343,0.3412115500132207,0.3519203210977106,0.7356801359306601
0.7611007710715235,0.7388992289284765,0.0050644235463808045,0.3757386795499318,0.34081009518779753,0.35742308034793696,0.7358708602399604
0.7623526294873493,0.728175917340045,0.005120559402317789,0.36773146622149216,0.33802081257591293,0.3522507620768243,0.7394854865505417
0.7614654717975751,0.7337901950448076,0.005073811339134314,0.33426168029407605,0.3354873332057622,0.33487338526632626,0.7418949525809142
0.7711853132898763,0.7441798589862977,0.005032503061569947,0.34025044898848006,0.33430309352932586,0.337250553149644,0.7437618626289022
0.7651864540782711,0.7429173804190276,0.005016656224476223,0.3681837499612251,0.3406694460793511,0.35389261092512325,0.7356952117356854
0.7585065536872766,0.7322918045809612,0.005094636207696816,0.345576210203129,0.3398067029527472,0.34266717291600746,0.7363169922168793
0.7652451175767238,0.7446525840308224,0.005026105797544951,0.36827188685222195,0.3423461824000295,0.3548361067761136,0.7336414750784434
0.7673958882445967,0.7438060094886663,0.0050113028510346625,0.3564229967178007,0.33976455246733334,0.3478944721451369,0.7367583104140147
0.7700394218134035,0.7461235216819974,0.00498912367745766,0.37739062425847364,0.339699896786386,0.35755473638657503,0.7376797974660938
0.7679397383375182,0.7449451566010308,0.005010915404776657,0.35495432544153377,0.33823999136391025,0.3463956499967199,0.7390589523372876
0.7666180177789571,0.7439299456016983,0.005027431473447842,0.401225376710523,0.34446224413699605,0.37068335266002617,0.7319572290187205
0.7678170038344573,0.743884701837895,0.005019073131145583,0.3591887668120437,0.33910297338495593,0.34885699435046225,0.7381089977614338
0.7689760233143462,0.7333421645251027,0.005089625059870805,0.3327796708995063,0.3333745428176158,0.3330768412499439,0.7446515114341097
0.7759882869692533,0.7537601490749368,0.004970373919157588,0.3302497653239543,0.3381285991030438,0.3341427444283893,0.7389069201842972
0.7642535136568549,0.7369398037655794,0.005069910736972688,0.3360581093219259,0.33631555805891594,0.33618678440246147,0.7408640151911535
0.7747485442032822,0.7451032292218105,0.005013539199777725,0.33932447214263917,0.3362556474031648,0.3377830897000645,0.7408212031068908
0.761119832548404,0.7307692307692307,0.005073318562984176,0.3377754450206086,0.33999909581488086,0.3388836227277262,0.736648478927933
0.7635761589403973,0.7415894039735099,0.005038061225539181,0.37602018669580417,0.33862747660248854,0.3563455770210758,0.7388367504497407
0.7549161937442259,0.728916457700937,0.0051067172261626825,0.329695777341433,0.33585510990598305,0.3327469428896788,0.7415583916981447
0.7706786850477201,0.746288441145281,0.005009826025704328,0.35124022550935347,0.3368207887797224,0.34387941577961395,0.7413249639627155
0.7578558225508318,0.7298653287562714,0.005102098992767627,0.3411078383793283,0.335075493612079,0.3380647582166523,0.7433309086784334
0.7595455145990223,0.7332540626238605,0.005083430533491267,0.3454738494206712,0.33438106360013853,0.33983695933600516,0.7438034109178805
0.76934248745709,0.7405598098758912,0.005036583590450561,0.366236414902035,0.33667094055722946,0.35083189075696486,0.7419803007423273
