Majority Class Accuracy,Accuracy,Standard Error,Precision,Recall,F1 Score,Euclidean Distance
0.603054448871182,0.603054448871182,0.005638274869293571,0.05025453740593183,0.08333333333333333,0.06269847844696656,0.9204467514322716
0.612404125892621,0.612404125892621,0.005602608685120924,0.05103367715771842,0.08333333333333333,0.06330134776784493,0.9204467514322716
0.6066533599467732,0.6066533599467732,0.005634994981192596,0.0505544466622311,0.08333333333333333,0.06293136767710232,0.9204467514322716
0.6099563087514894,0.6099563087514894,0.005612369429079527,0.05082969239595745,0.08333333333333333,0.06314418859649121,0.9204467514322716
0.6086612094005809,0.6086612094005809,0.005607917438289046,0.05072176745004841,0.08333333333333333,0.06306084482381265,0.9204467514322716
0.6034800949116794,0.6034800949116794,0.00561639381714252,0.05029000790930662,0.08333333333333333,0.06272607694837225,0.9204467514322716
0.5944767441860465,0.5944767441860465,0.005643970767680113,0.04953972868217054,0.08333333333333333,0.062139167426314194,0.9204467514322716
0.5963253894288377,0.5963253894288377,0.005661199853150477,0.04969378245240314,0.08333333333333333,0.06226021684737281,0.9204467514322716
0.6045841519318926,0.6045841519318926,0.005595654539629345,0.05038201266099105,0.08333333333333333,0.06279759475416972,0.9204467514322716
0.6019723865877712,0.6019723865877712,0.0056130030352255205,0.05016436554898093,0.08333333333333333,0.06262825248296806,0.9204467514322716
0.6136603375527426,0.6136603375527426,0.005591129008065907,0.05113836146272855,0.08333333333333333,0.06338181620090429,0.9204467514322716
0.6083388484447386,0.6083388484447386,0.005615789100037884,0.050694904037061554,0.08333333333333333,0.06304007900584314,0.9204467514322716
0.6114481667106304,0.6114481667106304,0.005597736029821997,0.05095401389255253,0.08333333333333333,0.06324002837343809,0.9204467514322716
0.6079470198675496,0.6079470198675496,0.005618647298988058,0.05066225165562913,0.08333333333333333,0.0630148270181219,0.9204467514322716
0.600264725347452,0.600264725347452,0.005635603292228136,0.050022060445621,0.08333333333333333,0.06251723187207057,0.9204467514322716
0.6100145714664194,0.6100145714664194,0.005613704939294342,0.05083454762220161,0.08333333333333333,0.06314793483626789,0.9204467514322716
0.6124031007751938,0.6124031007751938,0.005632484244735249,0.05103359173126615,0.08333333333333333,0.06330128205128206,0.9204467514322716
0.6004709576138147,0.6004709576138147,0.0056022158969523195,0.0500392464678179,0.08333333333333333,0.06253065228052967,0.9204467514322716
0.5924789971996266,0.5924789971996266,0.005674267440388953,0.04937324976663555,0.08333333333333333,0.06200803885446324,0.9204467514322716
0.5945234333859927,0.5945234333859927,0.005633455794551732,0.049543619448832725,0.08333333333333333,0.06214222809335096,0.9204467514322716
0.6111551678561988,0.6111551678561988,0.005604420867655352,0.050929597321349905,0.08333333333333333,0.0632212195788898,0.9204467514322716
0.609012591119947,0.6088800530152418,0.005618122881572197,0.05074673029338989,0.0833151976786362,0.06307493752917594,0.9204659961516853
0.6131975667812748,0.6131975667812748,0.00560049577086731,0.0510997972317729,0.08333333333333333,0.06335218733775994,0.9204467514322716
0.6045833885282819,0.6045833885282819,0.005627439667210961,0.05038194904402349,0.08333333333333333,0.0627975453369658,0.9204467514322716
0.6087128191629376,0.6087128191629376,0.005598921639555366,0.05072606826357814,0.08333333333333333,0.06306416864381358,0.9204467514322716
0.6091041418552335,0.6091041418552335,0.005613084751019671,0.05075867848793613,0.08333333333333333,0.06308936403508772,0.9204467514322716
0.6007644655331488,0.6007644655331488,0.005622528571031943,0.05006370546109573,0.08333333333333333,0.06254974612323316,0.9204467514322716
0.606862231534835,0.606731272917758,0.005589975914120727,0.05056756166775813,0.08331535030930802,0.06293639796777786,0.9204658235329388
0.6082900173264028,0.6082900173264028,0.005635340876374958,0.05069083477720023,0.08333333333333333,0.06303693268141765,0.9204467514322716
0.6022309711286089,0.6022309711286089,0.005606857777702534,0.05018591426071741,0.08333333333333333,0.06264504327408742,0.9204467514322716
