Majority Class Accuracy,Accuracy,Precision,Recall,F Score,Support
0.4672970843183609,0.41541896506435516,0.2705965063728461,0.41541896506435516,0.31610992878605354,
0.4792243767313019,0.42342698852394145,0.2814952252222779,0.42342698852394145,0.32657384008380147,
0.46172217062491705,0.4046702932201141,0.2651339471274744,0.4046702932201141,0.30671624674057074,
0.48018617021276594,0.4238031914893617,0.2729444150096009,0.4238031914893617,0.3221774739488594,
0.4808275135063908,0.42469363552510214,0.28076088967880336,0.42469363552510214,0.3266266167437149,
0.4733342199760606,0.4186726958372124,0.27115444606822553,0.4186726958372124,0.31842934199333295,
0.48015925680159255,0.42043795620437957,0.2776012092910739,0.42043795620437957,0.32314580720720065,
0.4725376287298653,0.42157380512278847,0.27921186162967343,0.42157380512278847,0.3224013170074763,
0.48271311691739244,0.41897598310899975,0.2791359312796897,0.41897598310899975,0.3239844499660728,
0.48579771701619323,0.43111229094770376,0.2865363792971478,0.43111229094770376,0.3337343804357146,
0.4785837422092561,0.41705344118817134,0.27561344701511364,0.41705344118817134,0.32297790415149163,
0.4820696043403467,0.41934630144237134,0.27587016515733537,0.41934630144237134,0.32315107342633803,
0.47863809649007494,0.42171683975285923,0.2789597180279844,0.42171683975285923,0.3249336715349921,
0.4752866745749308,0.42282852247265057,0.27665144215066456,0.42282852247265057,0.3206076893347773,
0.4757408864411225,0.4222397062680304,0.2801808875273848,0.4222397062680304,0.3219968806362839,
0.47287844793453876,0.4228586511812063,0.2756812502601584,0.4228586511812063,0.3233137844819861,
0.4808477030406739,0.4256943530340924,0.28599718858900985,0.4256943530340924,0.3296931586201918,
0.48250363132180113,0.4288921167304899,0.27994974084241436,0.4288921167304899,0.32756364390216874,
0.4770061931743313,0.4203452365265516,0.2750279703623767,0.4203452365265516,0.3221073878645938,
0.4800841330353622,0.42566057578546074,0.2879472785487531,0.42566057578546074,0.3300297044128647,
0.4812855442401799,0.42335669884935856,0.28089333141822337,0.42335669884935856,0.32770807248058265,
0.47571787746460237,0.4159057827180098,0.2729211913791276,0.4159057827180098,0.32022665743190176,
0.4826320618691834,0.43413291388124264,0.29566310910793664,0.43413291388124264,0.3375823511676502,
0.47913100724160634,0.4160631994733377,0.27359869222802885,0.4160631994733377,0.32119789114656966,
0.4742841993637328,0.4178154825026511,0.2710116368602225,0.4178154825026511,0.31897198078821276,
0.4803573774799632,0.423728813559322,0.2801174605554174,0.423728813559322,0.32497921889178244,
0.4814911706998038,0.4234139960758666,0.2791450445466093,0.4234139960758666,0.32365653274499606,
0.4774142270499404,0.42442707643396477,0.2753194928914458,0.42442707643396477,0.32292872900047875,
0.4806324110671937,0.42345191040843216,0.27712229130661337,0.42345191040843216,0.3244084331205867,
0.4848565356004251,0.4305260361317747,0.28028937981382246,0.4305260361317747,0.32916440309213485,
