Majority Class Accuracy,Accuracy,Standard Error,Precision,Recall,F1 Score,Euclidean Distance
0.7627299386830179,0.7426019728072514,0.005047683621492724,0.35672181019677224,0.3345923454840058,0.34530288777755763,0.7441055850065862
0.7642610772088086,0.7406473865746882,0.0050480424128054,0.3430290587748412,0.33252353032771437,0.33769460873604024,0.7461126818201105
0.7666225165562914,0.7450331125827815,0.005015984697131113,0.34644173519195814,0.3368147271719469,0.3415604094425893,0.7412670443760299
0.7589250428138585,0.7344223422473982,0.0050689640671348025,0.3259213927987111,0.3322345484987876,0.3290476921597222,0.7460715700499372
0.7622119815668202,0.7431204739960501,0.005013378219820953,0.336203201463207,0.334094134936523,0.335145350148776,0.7444666530032973
0.7743603340845817,0.7479782579875381,0.004999095550776584,0.32135170136548497,0.33006186716811636,0.32564855168463314,0.7494696814987601
0.7785987597308353,0.7570919646391344,0.004925942131923093,0.33326978260486184,0.33328919036126153,0.3332794862005203,0.7455946318282807
0.7636579572446556,0.7346265505410399,0.005072064229462985,0.38910381040650527,0.33573506332453257,0.36045470838011184,0.7426917735737273
0.7614606593983975,0.7355838696965716,0.00505454603453521,0.3250838420664906,0.3319784157423011,0.32849495642179904,0.7471470643356829
0.7650697551987365,0.7507238747038695,0.004962846147774524,0.35808786624004013,0.33642247253574203,0.34691724116842815,0.7418167826777081
0.7691799815132708,0.7114749768915886,0.005206400571656472,0.32505917587984456,0.3277748854058427,0.326411382133776,0.7521224476083914
0.75745631323085,0.7256602286164762,0.005114346941252222,0.313512650545182,0.3343184211107996,0.32358143631673814,0.7440352291769771
0.7787563384040566,0.7580731251668001,0.004946986936781583,0.33783093029053535,0.3332028805494185,0.33550094583339557,0.7449082494744637
0.7696993775658854,0.7475831015759502,0.004999041198151119,0.32589758934462704,0.3371533743185673,0.3314299441562731,0.7408110733365454
0.7572815533980582,0.6410390973497769,0.005494540275968057,0.3003178476585322,0.3222150386784533,0.3108813334135815,0.7590802462845228
0.7719736842105264,0.751578947368421,0.0049564953827355256,0.32339862394785096,0.3315905654338483,0.32744336643670596,0.7479943059240819
0.7652208515718265,0.7372330547818013,0.005069100411167428,0.32721950353538615,0.33445271428255907,0.33079657321720246,0.7436071280762347
0.7567925778661365,0.7324055666003976,0.005096649097490304,0.38722865015758373,0.3392883658399401,0.3616768032280203,0.7385235567794469
0.7715380549682875,0.7496035940803383,0.004980114338474923,0.31955439416861503,0.3345890270684997,0.3268989349098246,0.7430822126335813
0.7666799310253349,0.7418755803156918,0.005039915007996623,0.33165664712706805,0.3333802457423738,0.33251621288029815,0.7449917366742844
0.7698644698378952,0.7448844007440871,0.005024939532931837,0.3347707274095076,0.33116640704639033,0.3329588132101837,0.7476768510679126
0.7673712021136063,0.7442536327608983,0.005014380415254802,0.33485445084503157,0.33511660677683813,0.3349854775208591,0.742721937898696
0.7572892040977147,0.7343052272130286,0.005062014429467896,0.3314176720035717,0.333859983865314,0.33263434492860505,0.7445864949167661
0.7636483807005948,0.7397224058162591,0.005044850635174254,0.33862905839550184,0.3341661654276515,0.3363828099235889,0.744581425223874
0.7621550591327201,0.7440210249671485,0.0050026765421402365,0.34713228375774224,0.3341977822598292,0.340542257472123,0.743686610549634
0.7640643702620029,0.7443809017156536,0.0050305354972243425,0.31685200502404803,0.33407786517954313,0.3252370071239292,0.7438223653412244
0.769118621603711,0.748442677269715,0.004995375410834486,0.34744122979417097,0.3335159460422438,0.3403362048620824,0.7453864632411444
0.7693535514764565,0.7406225059856345,0.005054910108288001,0.3251682582966606,0.33209976027867666,0.3285974597231311,0.7467476337860505
0.7687624090006618,0.7532759761747188,0.00495981575484457,0.3691347412894613,0.3386206319293126,0.353219895156806,0.7388558951628647
0.7672494328039503,0.749232617109302,0.005007442779852174,0.3985872204142776,0.3382188772824393,0.3659299851319508,0.7399206416114243
