Majority Class Accuracy,Accuracy,Standard Error,Precision,Recall,F1 Score,Euclidean Distance
0.47479437516582645,0.42823029981427435,0.005699295806478094,0.12262863876551156,0.12496488520837558,0.1237857397934827,0.8839117494303443
0.47721250662427134,0.4231584525702173,0.005686746002695929,0.11867812474975685,0.12463051339583255,0.12158150840141045,0.8841385358273101
0.47715803452855243,0.3841965471447543,0.005605318574557969,0.11777419434469369,0.12259548143510651,0.12013648568171749,0.8864366741343032
0.47726971504307486,0.4286282306163022,0.005697313965325102,0.12109630265049517,0.127206861347978,0.12407639381598087,0.8814712366510216
0.46535308119545093,0.41774662787622324,0.005671450502584153,0.12725039451823872,0.12780093550167754,0.12752507082490835,0.8808812004753795
0.4684898929845422,0.41115074646584754,0.0056556607833518,0.10320569562205445,0.12075078549540394,0.11129098610391737,0.8882135134686159
0.4787527956847783,0.42941718194974343,0.005677585555432515,0.11163912071752656,0.12370590822461715,0.11736316576420566,0.8851402067573413
0.47754669492648033,0.4307855345078818,0.005699330042300504,0.11492862326291259,0.12529113717027648,0.11988637301159469,0.8835105546096922
0.47679492264974216,0.4183525056194632,0.00567223307343064,0.12527963074701046,0.12300216530160284,0.12413045253668417,0.8859031276555984
0.47229551451187335,0.4141160949868074,0.005657599960812104,0.12814623015361024,0.123695352267021,0.12588146030679498,0.8852932451823164
0.47889908256880737,0.4162516382699869,0.005643240332979963,0.12244548501633215,0.12708540597508539,0.12472230681572821,0.8816951528404272
0.4824399260628466,0.4166886717718511,0.005664915052729601,0.12281727961134754,0.12601700858005996,0.12439657163853228,0.8827855749893116
0.47179283921257764,0.4159069890342185,0.005665260200672838,0.13361092681661,0.12505755657953546,0.12919282489024997,0.883835063961323
0.46875823886105983,0.42064329027155284,0.0056679183359264,0.12406425990687703,0.1266054474984151,0.12532197293926575,0.8821165473907646
0.45968489341983315,0.4200979743148418,0.0056792745527435105,0.13269190827585794,0.12858334122378318,0.13060532103323486,0.8801444799950444
0.4686302998282922,0.41209879804517235,0.005656870345172007,0.13168076266581694,0.12738274863222293,0.12949610237515594,0.8813796342548816
0.4768659684475673,0.42198064430597904,0.0056865046991658365,0.132793885794293,0.1288669490674116,0.13080095021604143,0.879917966310315
0.4751763609743112,0.4158125915080527,0.005686148790485314,0.13486487471424632,0.12766467075336022,0.13116603539552382,0.8810943307175589
0.46522084104734196,0.4144406241734991,0.005664978848051708,0.1334761609891156,0.12820997806816115,0.13079008108481618,0.8805258873510786
0.4765461215932914,0.4312106918238994,0.00566893257370758,0.11761599126420735,0.12632476401763731,0.12181492448020866,0.8823814974139031
0.48186871360508204,0.4258867125463208,0.005688527603638239,0.13154900015978405,0.12768670063105314,0.12958907859121854,0.8810245711656491
0.46905580534250196,0.4165564665432425,0.005669150928137287,0.11302416427767224,0.12478070099032319,0.11861182429148096,0.884025883111197
0.4725,0.41828947368421054,0.0056582890975750266,0.1323920022084009,0.1289299156707619,0.13063802545720957,0.8798797870693944
0.4727055385841413,0.42422632487714174,0.005695817440954089,0.14368132007191992,0.1290776093403429,0.13598851807866238,0.8796506967647474
0.4799207397622193,0.42192866578599736,0.005676260173797541,0.14222642998209545,0.12862728436917947,0.13508546115335243,0.8801601665992376
0.4729174943716064,0.41901734869553703,0.005677999490417115,0.13316437590733726,0.127695465129319,0.13037259282660857,0.8810943480853906
0.4733351021491112,0.4111170071637039,0.005667208109463145,0.12300142922390078,0.12631860978353132,0.12463795211011826,0.8824875810802524
0.473732597846073,0.4223798266351458,0.005660650269811977,0.11437670627807459,0.1239709894634884,0.11898074705318072,0.8848482849288355
0.47594501718213056,0.43840867036743325,0.005704487014686416,0.12209014031399949,0.13032432114119136,0.126072924369901,0.8782022946531197
0.47027810728878344,0.42441017529985503,0.005674327601253551,0.12908487837772337,0.12663323914205113,0.1278473064933678,0.8822025394437886
