Majority Class Accuracy,Accuracy,Standard Error,Precision,Recall,F1 Score,Euclidean Distance
0.12537784202917598,0.12840057826258378,0.0038351129973590785,0.12620681127723038,0.1279348410126146,0.12706495129768777,0.8809164074195265
0.11900369003690037,0.13218239325250394,0.003888099521909122,0.12934483702056154,0.1302354756617029,0.1297886284186544,0.8785879901573606
0.12235105957616953,0.12728242036518725,0.0038477212469163287,0.12582763474448355,0.1272613702801368,0.12654044149514748,0.8815980383512136
0.1298426550310723,0.12296707655692185,0.0037762029078723383,0.12311816069227557,0.12380441244456411,0.12346033294668016,0.8850949837167481
0.12646555131076276,0.1337109735212752,0.0039062985845223,0.13289626389569226,0.13361988547761966,0.1332570923293109,0.8751764074258668
0.12389961897253975,0.12823544869268164,0.0038325055241959934,0.1255141053252624,0.1295036592397794,0.12747767555371914,0.8793432886694212
0.12514727058515512,0.12802722869485536,0.0038228246628133878,0.12737034965794042,0.1270859598192336,0.12722799581625466,0.8817755786030912
0.13094289508632137,0.13213811420982735,0.0039024906573958827,0.1317599561895385,0.13259725416239554,0.13217727919001337,0.8762131589830537
0.12579702444208288,0.13164187035069075,0.0038967868777253075,0.13277033278001654,0.131354138480304,0.13205843892346933,0.8774601831848867
0.12551358515573227,0.1314777998674619,0.0038903354791612267,0.13069602169161032,0.13164491658216826,0.13116875304652373,0.8771710224519349
0.12781065088757396,0.12373438527284682,0.0037758390906038994,0.12266032338015297,0.1229096426273078,0.12278485644084483,0.8859932987120422
0.12423598192931172,0.12928514483125167,0.003867498760078655,0.12855980974790762,0.1295740520102836,0.12906493833274818,0.8792617468592788
0.12055621146530238,0.12698412698412698,0.0038134919055896675,0.12580261416684338,0.12655414564243583,0.12617726085484832,0.8823111843276279
0.12614162806088683,0.1299801455989411,0.0038688853226535036,0.12750118535952384,0.12966210287717445,0.12857256513092813,0.8791728662278584
0.1247682119205298,0.12900662251655629,0.0038578021719373984,0.12789652555406247,0.12895680928935171,0.12842447901017642,0.8798872751820578
0.12003211561621839,0.1291315402114278,0.003879224870083445,0.12850320303043436,0.12803971210090512,0.1282710388757955,0.8808076531414483
0.11987800026521682,0.1361888343720992,0.00394971434888682,0.1353068463304522,0.13616788650569717,0.13573600093154187,0.8726007495796827
0.13020081375508596,0.13138207113794462,0.003870200456211856,0.1312133572061746,0.13246790565229552,0.13183764697029662,0.8763428407706259
0.11539986781229346,0.1333773959021811,0.0039088738701220154,0.12973366515836599,0.1316114351747947,0.13066580425814336,0.8771998074578974
0.12134001582695858,0.13532049591136902,0.003928416103972394,0.13437956458075573,0.1349512917543154,0.13466482134519547,0.8738305820207415
0.11600316372264698,0.13103084629580808,0.0038742044353938616,0.13273237329211388,0.13321842884827917,0.13297495690909272,0.8755864019731237
0.12365167061299658,0.13167587476979742,0.003878199153365612,0.12975953969963472,0.13169571669480024,0.1307204591285816,0.877120426095313
0.12646246877875642,0.12974891547259104,0.0038527199934939946,0.12957940697222434,0.12987189077185485,0.1297254840110931,0.87895578824657
0.12834509386233525,0.12608174677140194,0.0038301222209215003,0.1240276556425148,0.12645686860060484,0.1252304827998361,0.8824117220517463
0.1247034010018455,0.13089902451885052,0.0038725488475553583,0.12970501427400688,0.1302349455918887,0.12996943975589725,0.8785939749440456
0.12539766702014846,0.13149522799575822,0.003890812127284304,0.1292666711124285,0.1306770854284349,0.12996805192628463,0.8781478987622928
0.12557710064635272,0.1304577232555072,0.003868271964434754,0.1317895426850108,0.13126742251571055,0.13152796444363563,0.8775598072673256
0.12863505370709982,0.1292900183390097,0.0038401057326387425,0.13101720521240526,0.1304783662032622,0.1307472305407305,0.8783479570345739
0.1260863751838481,0.12782457547800508,0.0038608891748144764,0.12761962337604682,0.12783746763987092,0.1277284526232339,0.8810124039248162
0.12105052659645381,0.12491667777629649,0.003817467368688625,0.12432243207718335,0.12413824304016362,0.12423026928710225,0.8847530734917614
