Majority Class Accuracy,Accuracy,Precision,Recall,F Score,Support
0.6104274182876803,0.6104274182876803,0.3726216329973626,0.6104274182876803,0.46276116360904995,
0.6070810594968721,0.6070810594968721,0.36854741279984476,0.6070810594968721,0.4586544164925019,
0.6109333333333333,0.6109333333333333,0.37323953777777774,0.6109333333333333,0.4633829719141423,
0.6082079704407496,0.6082079704407496,0.36991693530765574,0.6082079704407496,0.4600361919687232,
0.6071334906897456,0.6071334906897456,0.3686110755171154,0.6071334906897456,0.45871867850742853,
0.6083878723120075,0.6083878723120075,0.3701358031763316,0.6083878723120075,0.4602568939347607,
0.6068965517241379,0.6068965517241379,0.3683234244946492,0.6068965517241379,0.4584282965813231,
0.6094871113473292,0.6094871113473292,0.37147453889851173,0.6094871113473292,0.46160610579545935,
0.6094861660079052,0.6094861660079052,0.3714733865550157,0.6094861660079052,0.46160494498241145,
0.5958858659588586,0.5958858659588586,0.35507996524953883,0.5958858659588586,0.44499418514017053,
0.5974784339747843,0.5974784339747843,0.35698047906496067,0.5974784339747843,0.4469299509436702,
0.6067774086378738,0.6067774086378738,0.36817882363329324,0.6067774086378738,0.45828230052775315,
0.6162405616637965,0.6162405616637965,0.3797524298397114,0.6162405616637965,0.4699206774625,
0.6066301226833725,0.6066301226833725,0.36800010574684355,0.6066301226833725,0.4581018375682072,
0.6000530433629492,0.6000530433629492,0.3600636548491374,0.6000530433629492,0.4500646479723761,
0.6143662341066981,0.6143662341066981,0.3774458696104462,0.6143662341066981,0.46760872673889153,
0.6108257605689451,0.6108257605689451,0.37310810977463027,0.6108257605689451,0.46325073624703905,
0.6012415797120592,0.6012415797120592,0.36149143717465243,0.6012415797120592,0.451513927385844,
0.5982261053746359,0.5982261053746359,0.357874473151705,0.5982261053746359,0.44783960410634965,
0.5947660586835845,0.5947660586835845,0.35374666456200504,0.5947660586835845,0.443634553965876,
0.6178519784409097,0.6178519784409097,0.3817410672633463,0.6178519784409097,0.4719109935276307,
0.596437591386415,0.596437591386415,0.35573780041882813,0.596437591386415,0.44566452498765097,
0.6095764272559853,0.6095764272559853,0.3715834206661715,0.6095764272559853,0.4617157835737554,
0.6075275967548877,0.6075275967548877,0.36908978081876936,0.6075275967548877,0.4592017972989703,
0.6061806656101426,0.6061806656101426,0.36745499935955556,0.6061806656101426,0.45755126708609684,
0.6104375329467581,0.6104375329467581,0.3726339816301243,0.6104375329467581,0.46277359289842607,
0.60428798305982,0.60428798305982,0.3651639664705053,0.60428798305982,0.45523493328677417,
0.607293868921776,0.607293868921776,0.36880584322997917,0.607293868921776,0.45891526168439367,
0.6101514748870582,0.6101514748870582,0.37228482230685245,0.6101514748870582,0.4624221113519345,
0.6022084921782569,0.6022084921782569,0.36265506805160963,0.6022084921782569,0.4526939781208721,
