Majority Class Accuracy,Accuracy,Standard Error,Precision,Recall,F1 Score,Euclidean Distance
0.7658336638899907,0.7658336638899907,0.004869477983594852,0.25527788796333023,0.3333333333333333,0.28913016348433795,0.7453559924999299
0.7631509384086703,0.7631509384086703,0.004887737649517379,0.25438364613622344,0.3333333333333333,0.28855572213893055,0.7453559924999299
0.7623893220562971,0.7623893220562971,0.0048928230785699215,0.2541297740187657,0.3333333333333333,0.28839232153569283,0.7453559924999299
0.7639036016949152,0.7639036016949152,0.0048868945641912164,0.2546345338983051,0.3333333333333333,0.2887170632835373,0.7453559924999299
0.7560716655607167,0.7560716655607167,0.004947331120438258,0.2520238885202389,0.3333333333333333,0.28703143893591293,0.7453559924999299
0.7559191274275073,0.7559191274275073,0.004953970090918091,0.2519730424758358,0.3333333333333333,0.28699845971264804,0.7453559924999299
0.7742576882290562,0.7742576882290562,0.004813360697534214,0.2580858960763521,0.3333333333333333,0.29092267463578636,0.7453559924999299
0.7607687210072896,0.7607687210072896,0.004911404266400956,0.25358957366909657,0.3333333333333333,0.2880441600802911,0.7453559924999299
0.7683586025049439,0.7683586025049439,0.004844090793727604,0.2561195341683146,0.3333333333333333,0.2896692263724247,0.7453559924999299
0.7662098049551924,0.7662098049551924,0.004858736401396451,0.2554032683183975,0.3333333333333333,0.2892105655872258,0.7453559924999299
0.7615129396151294,0.7615129396151294,0.004909411386418475,0.2538376465383765,0.3333333333333333,0.2882041236595595,0.7453559924999299
0.7649150533386013,0.7649150533386013,0.004866450545112047,0.25497168444620044,0.3333333333333333,0.28893366166703977,0.7453559924999299
0.76620644312952,0.76620644312952,0.0048533270698684254,0.25540214770984,0.3333333333333333,0.2892098471312289,0.7453559924999299
0.7669093315684977,0.7669093315684977,0.004864264928237268,0.2556364438561659,0.3333333333333333,0.2893600019976527,0.7453559924999299
0.7704982863168995,0.7704982863168995,0.004828056966925653,0.25683276210563316,0.3333333333333333,0.290124835579381,0.7453559924999299
0.764073287307488,0.764073287307488,0.004892162911923509,0.25469109576916266,0.3333333333333333,0.28875341812799477,0.7453559924999299
0.7643777394076239,0.7643777394076239,0.00489095341179611,0.2547925798025413,0.3333333333333333,0.28881862892703003,0.7453559924999299
0.7618795499669093,0.7618795499669093,0.004900318082966255,0.25395984998896975,0.3333333333333333,0.2882828738136378,0.7453559924999299
0.7660281989890928,0.7660281989890928,0.004882620575555611,0.2553427329963643,0.3333333333333333,0.2891717506464814,0.7453559924999299
0.7631404739838474,0.7631404739838474,0.004892016681753849,0.25438015799461583,0.3333333333333333,0.2885534780105629,0.7453559924999299
0.7632235201470009,0.7632235201470009,0.004870192928704809,0.2544078400490003,0.3333333333333333,0.28857128678477495,0.7453559924999299
0.7716804842742466,0.7716804842742466,0.004815174757342045,0.25722682809141556,0.3333333333333333,0.29037609250043334,0.7453559924999299
0.7687227578919561,0.7687227578919561,0.004845902770533436,0.2562409192973187,0.3333333333333333,0.28974684489582553,0.7453559924999299
0.7675711449371277,0.7675711449371277,0.004859449879357202,0.25585704831237593,0.3333333333333333,0.28950127302680845,0.7453559924999299
0.768649794620379,0.768649794620379,0.004854136977848094,0.256216598206793,0.3333333333333333,0.28973129557486765,0.7453559924999299
0.7698590436042683,0.7698590436042683,0.004831178334279768,0.25661968120142276,0.3333333333333333,0.2899888351321176,0.7453559924999299
0.7717075745579308,0.7717075745579308,0.00482164056375305,0.25723585818597694,0.3333333333333333,0.29038184616912455,0.7453559924999299
0.7605036447978794,0.7605036447978794,0.004913268318831405,0.25350121493262645,0.3333333333333333,0.28798715149690074,0.7453559924999299
0.7672287876775993,0.7672287876775993,0.004869683721835039,0.25574292922586644,0.3333333333333333,0.2894282064768202,0.7453559924999299
0.7623906705539358,0.7623906705539358,0.004899616973706691,0.2541302235179786,0.3333333333333333,0.2883926109732561,0.7453559924999299
