Majority Class Accuracy,Accuracy,Precision,Recall,F Score,Support
0.6918071969193998,0.6918071969193998,0.47859719770947723,0.6918071969193998,0.5657821985637035,
0.6831813978068437,0.6831813978068437,0.46673682230931285,0.6831813978068437,0.5545888552683185,
0.7067339620135477,0.7067339620135477,0.4994728930633666,0.7067339620135477,0.5852967178014143,
0.7032300593276203,0.7032300593276203,0.49453251634192835,0.7032300593276203,0.5806996108760007,
0.6947368421052632,0.6947368421052632,0.48265927977839335,0.6947368421052632,0.5695979078130108,
0.7007395668251453,0.7007395668251453,0.4910359405142922,0.7007395668251453,0.5774381334949868,
0.7050558108995404,0.7050558108995404,0.49710369648320846,0.7050558108995404,0.5830937536536711,
0.6930758113257128,0.6930758113257128,0.48035408024479503,0.6930758113257128,0.5674336341367585,
0.6939586645468998,0.6939586645468998,0.48157862809971663,0.6939586645468998,0.5685836829182952,
0.6990845163858299,0.6990845163858299,0.4887191610504097,0.6990845163858299,0.5752735150455939,
0.7062688921014588,0.7062688921014588,0.49881574795022204,0.7062688921014588,0.5846859779947993,
0.7040340833444282,0.7040340833444282,0.49566399051062926,0.7040340833444282,0.5817536108641825,
0.6981156937672948,0.6981156937672948,0.4873655218841913,0.6981156937672948,0.574007440921724,
0.7078249336870026,0.7078249336870026,0.5010161367490097,0.7078249336870026,0.5867300879222697,
0.6932572338731086,0.6932572338731086,0.48060559231739397,0.6932572338731086,0.5676699118161396,
0.7027949088046188,0.7027949088046188,0.49392068384169246,0.7027949088046188,0.5801293876177142,
0.6988110964332893,0.6988110964332893,0.48833694849829595,0.6988110964332893,0.5749161275477606,
0.7079787234042553,0.7079787234042553,0.501233872793119,0.7079787234042553,0.5869322210221513,
0.7000793440888654,0.7000793440888654,0.490111088019896,0.7000793440888654,0.5765743695716324,
0.6909376636982714,0.6909376636982714,0.4773948551168255,0.6909376636982714,0.5646510399120321,
0.7054243104130923,0.7054243104130923,0.49762345772178673,0.7054243104130923,0.5835773005971179,
0.6936277770387123,0.6936277770387123,0.4811194930796655,0.6936277770387123,0.5681525770921131,
0.7027313709891275,0.7027313709891275,0.4938313797722588,0.7027313709891275,0.5800461402028307,
0.7001322751322752,0.7001322751322752,0.4901852026818958,0.7001322751322752,0.5766436057379806,
0.6944114149821641,0.6944114149821641,0.4822072132575313,0.6944114149821641,0.5691737071573106,
0.6914935838073819,0.6914935838073819,0.4781633764467767,0.6914935838073819,0.565374153380445,
0.7010912962470056,0.7010912962470056,0.4915290056733066,0.7010912962470056,0.5778984429086568,
0.7025850699024004,0.7025850699024004,0.4936257804497609,0.7025850699024004,0.5798544685676794,
0.6925408539799683,0.6925408539799683,0.4796128344313038,0.6925408539799683,0.5667370844296089,
0.7050302870687385,0.7050302870687385,0.49706770568422776,0.7050302870687385,0.5830602652094572,
