Majority Class Accuracy,Accuracy,Precision,Recall,F Score,Support
0.6953405017921147,0.6953405017921147,0.4834984134325099,0.6953405017921147,0.5703850204975486,
0.691921858500528,0.691921858500528,0.4787558582708247,0.691921858500528,0.5659314061881366,
0.6972901520158625,0.6972901520158625,0.4862135560983047,0.6972901520158625,0.5729292136890459,
0.6992988490541077,0.6992988490541077,0.4890188802883997,0.6992988490541077,0.5755537121214501,
0.6961640211640212,0.6961640211640212,0.48464434436325976,0.6961640211640212,0.571459290865826,
0.6953011250827267,0.6953011250827267,0.48344365454130556,0.6953011250827267,0.5703336680292884,
0.6973805449519547,0.6973805449519547,0.4863396244774853,0.6973805449519547,0.573047247329268,
0.6947844598190527,0.6947844598190527,0.48272544560605285,0.6947844598190527,0.5696599857395342,
0.6938071873756796,0.6938071873756796,0.4813684132541514,0.6938071873756796,0.5683863155640109,
0.6956976592127632,0.6956976592127632,0.483995233034118,0.6956976592127632,0.5708508594141898,
0.6894492368944923,0.6894492368944923,0.47534025025439786,0.6894492368944923,0.5627162271275551,
0.6934906535861063,0.6934906535861063,0.48092928661128487,0.6934906535861063,0.5679739484748586,
0.6966411002380323,0.6966411002380323,0.4853088225408561,0.6966411002380323,0.5720818887067739,
0.6932328839545334,0.6932328839545334,0.4805718313959196,0.6932328839545334,0.5676381978520846,
0.698874917273329,0.698874917273329,0.48842614999380235,0.698874917273329,0.5749995423768097,
0.6941083640189374,0.6941083640189374,0.4817864210010457,0.6941083640189374,0.5687787525682272,
0.6976127320954907,0.6976127320954907,0.4866635239817349,0.6976127320954907,0.5733504641909815,
0.6977269706234215,0.6977269706234215,0.4868229255353369,0.6977269706234215,0.5734996662703319,
0.7011994200606301,0.7011994200606301,0.49168062669336393,0.7011994200606301,0.5780399650922061,
0.7013962065331928,0.7013962065331928,0.4919566385391532,0.7013962065331928,0.5782975613206243,
0.697543029825253,0.697543029825253,0.4865662784577937,0.697543029825253,0.5732594342635089,
0.711217183770883,0.711217183770883,0.505829882490986,0.711217183770883,0.5911930844176377,
0.6991731198319989,0.6991731198319989,0.48884305149561075,0.6991731198319989,0.5753893417804817,
0.710093433346493,0.710093433346493,0.5042326840818103,0.710093433346493,0.5897136077472376,
0.7060370906221228,0.7060370906221228,0.4984883733341517,0.7060370906221228,0.5843816363363743,
0.6980361144062212,0.6980361144062212,0.48725441701533506,0.6980361144062212,0.5739034792975778,
0.7042365052131451,0.7042365052131451,0.4959490552748241,0.7042365052131451,0.5820190493018418,
0.7083333333333334,0.7083333333333334,0.5017361111111112,0.7083333333333334,0.5873983739837398,
0.6975136285068475,0.6975136285068475,0.4865252619527885,0.6975136285068475,0.5732210378549263,
0.6917925147734734,0.6917925147734734,0.4785768834966064,0.6917925147734734,0.5657630936624478,
