Majority Class Accuracy,Accuracy,Precision,Recall,F Score,Support
0.8839757127771911,0.8839757127771911,0.7814130607799431,0.8839757127771911,0.8295362360357107,
0.879203481471713,0.879203481471713,0.7729987618319809,0.879203481471713,0.8226876646978121,
0.8763956390384868,0.8763956390384868,0.7680693161256777,0.8763956390384868,0.8186645717416569,
0.883377308707124,0.883377308707124,0.7803554695386415,0.883377308707124,0.8286767244470303,
0.8789349422875131,0.8789349422875131,0.772526632773954,0.8789349422875131,0.8223026943481502,
0.8775322283609577,0.8775322283609577,0.770062811812148,0.8775322283609577,0.8202925096890561,
0.8800475059382423,0.8800475059382423,0.7744836127081206,0.8800475059382423,0.8238979177514056,
0.8781362007168458,0.8781362007168458,0.7711231870094166,0.8781362007168458,0.8211578976168977,
0.8798934753661785,0.8798934753661785,0.7742125279919717,0.8798934753661785,0.8236770201472882,
0.8755620206294631,0.8755620206294631,0.7666088519687484,0.8755620206294631,0.8174710764418918,
0.8767014668957315,0.8767014668957315,0.7686054620571273,0.8767014668957315,0.8191025324112784,
0.8820485604351864,0.8820485604351864,0.7780096629657847,0.8820485604351864,0.8267689573173238,
0.8771046002916612,0.8771046002916612,0.7693124798527947,0.8771046002916612,0.8196799259170322,
0.8739350372736954,0.8739350372736954,0.7637624493745753,0.8739350372736954,0.8151429309798695,
0.8762900065316787,0.8762900065316787,0.7678841755472894,0.8762900065316787,0.8185133139057996,
0.8806833114323259,0.8806833114323259,0.7756030950354071,0.8806833114323259,0.8248098872581677,
0.8749008198889183,0.8749008198889183,0.7654514446423014,0.8749008198889183,0.8165247318923802,
0.8735647353833971,0.8735647353833971,0.7631153469054647,0.8735647353833971,0.8146132690198232,
0.8697262266895913,0.8697262266895913,0.7564237093917143,0.8697262266895913,0.8091277734612368,
0.874251497005988,0.874251497005988,0.7643156800172112,0.874251497005988,0.8155956457691645,
0.8743053717914793,0.8743053717914793,0.7644098831434368,0.8743053717914793,0.8156727229702238,
0.8708146585815977,0.8708146585815977,0.7583181696005845,0.8708146585815977,0.8106823047618426,
0.8757412043747529,0.8757412043747529,0.7669226570397428,0.8757412043747529,0.8177275791042653,
0.88216602674434,0.88216602674434,0.7782168987418955,0.88216602674434,0.8269375684014543,
0.8768250597292275,0.8768250597292275,0.7688221853691634,0.8768250597292275,0.8192795395433207,
0.8829773293146377,0.8829773293146377,0.7796489640836101,0.8829773293146377,0.8281023376605231,
0.879023746701847,0.879023746701847,0.7726827472657529,0.879023746701847,0.8224299970897151,
0.8768421052631579,0.8768421052631579,0.7688520775623269,0.8768421052631579,0.8193039525341678,
0.8787154989384289,0.8787154989384289,0.7721409280746121,0.8787154989384289,0.8219881387159593,
0.8767267464807262,0.8767267464807262,0.7686497879946795,0.8767267464807262,0.8191387365646771,
