Majority Class Accuracy,Accuracy,Standard Error,Precision,Recall,F1 Score,Euclidean Distance
0.6010792313766781,0.6010792313766781,0.0056177128983233866,0.0500899359480565,0.08333333333333333,0.06257021509795861,0.9204467514322716
0.6064575889903401,0.6064575889903401,0.005619805401371764,0.05053813241586167,0.08333333333333333,0.06291872597473915,0.9204467514322716
0.6036641623830236,0.6036641623830236,0.005615576228697449,0.05030534686525196,0.08333333333333333,0.06273800717788552,0.9204467514322716
0.6088430937785314,0.6088430937785314,0.005573339022221921,0.050736924481544286,0.08333333333333333,0.06307255776246454,0.9204467514322716
0.6082351383556203,0.6082351383556203,0.005616797296161257,0.05068626152963502,0.08333333333333333,0.06303339644905463,0.9204467514322716
0.6098273572377158,0.6098273572377158,0.005621269033894234,0.05081894643647631,0.08333333333333333,0.06313589616674915,0.9204467514322716
0.6060806345009914,0.6060806345009914,0.005617775807292444,0.05050671954174928,0.08333333333333333,0.06289437585733883,0.9204467514322716
0.6090729783037475,0.6090729783037475,0.005595422725512302,0.050756081525312295,0.08333333333333333,0.06308735801258478,0.9204467514322716
0.5991002910822969,0.5991002910822969,0.005637209718405792,0.049925024256858075,0.08333333333333333,0.06244139224447019,0.9204467514322716
0.6085011185682326,0.6085011185682326,0.00559909364280768,0.05070842654735272,0.08333333333333333,0.06305053314789058,0.9204467514322716
0.608581205580416,0.608581205580416,0.005599257765305619,0.05071510046503466,0.08333333333333333,0.06305569192167129,0.9204467514322716
0.6061129568106313,0.6061129568106313,0.005632606076722884,0.050509413067552605,0.08333333333333333,0.06289646422858404,0.9204467514322716
0.6025132275132276,0.6025132275132276,0.005628384204601351,0.0502094356261023,0.08333333333333333,0.06266336497454945,0.9204467514322716
0.5952820242488139,0.5952820242488139,0.005634741150701102,0.049606835354067826,0.08333333333333333,0.062191931708660324,0.9204467514322716
0.5976300197498354,0.5976300197498354,0.005626846904679039,0.04980250164581962,0.08333333333333333,0.062345475523322896,0.9204467514322716
0.5962864721485411,0.5962864721485411,0.005650390414918813,0.049690539345711764,0.08333333333333333,0.06225767143015398,0.9204467514322716
0.6104844061048441,0.6104844061048441,0.005617694058111872,0.05087370050873701,0.08333333333333333,0.06317813487158358,0.9204467514322716
0.613236267372601,0.613236267372601,0.005602986200961907,0.05110302228105008,0.08333333333333333,0.06335466579148889,0.9204467514322716
0.6088110403397028,0.6088110403397028,0.005621653964702709,0.0507342533616419,0.08333333333333333,0.06307049378642912,0.9204467514322716
0.6108615221987315,0.6108615221987315,0.0056044488672552985,0.05090512684989429,0.08333333333333333,0.06320236239849068,0.9204467514322716
0.6056975505857295,0.6056975505857295,0.005638516511503962,0.050474795882144124,0.08333333333333333,0.06286961808434201,0.9204467514322716
0.6119126406353408,0.6119126406353408,0.005606505166394724,0.05099272005294506,0.08333333333333333,0.06326983084250286,0.9204467514322716
0.6036866359447005,0.6036866359447005,0.0056125632789689505,0.050307219662058374,0.08333333333333333,0.06273946360153257,0.9204467514322716
0.60074527548576,0.60074527548576,0.005649820090687236,0.050062106290479996,0.08333333333333333,0.06254849794922958,0.9204467514322716
0.6055445544554455,0.6055445544554455,0.005615400170885572,0.05046204620462046,0.08333333333333333,0.06285972701858247,0.9204467514322716
0.604450920651742,0.604450920651742,0.005627765567919097,0.05037091005431183,0.08333333333333333,0.06278896961690884,0.9204467514322716
0.6006045472466816,0.6006045472466816,0.005614771333385228,0.050050378937223465,0.08333333333333333,0.06253934367901032,0.9204467514322716
0.6063479520611089,0.6063479520611089,0.005606741265816591,0.05052899600509241,0.08333333333333333,0.06291164494001257,0.9204467514322716
0.6090824591687691,0.6090824591687691,0.005622821561104297,0.050756871597397425,0.08333333333333333,0.06308796831160257,0.9204467514322716
0.6012716916147834,0.6012716916147834,0.005635457788416883,0.050105974301231954,0.08333333333333333,0.06258272667107875,0.9204467514322716
