Majority Class Accuracy,Accuracy,Standard Error,Precision,Recall,F1 Score,Euclidean Distance
0.12526427061310783,0.1263213530655391,0.0038187715948744694,0.12006707347886576,0.12534523075103016,0.12264939264586364,0.8835306683373224
0.1211245401996847,0.1336048344718865,0.0038995968147498583,0.13215061818230514,0.13331556518303983,0.13273053561037482,0.875482050564498
0.11807387862796834,0.1320580474934037,0.0038885991194209215,0.1321315586684876,0.13149231884967083,0.13181116373909657,0.8773262543466415
0.12691233204735933,0.12731142743115606,0.003844510604765621,0.12576977016682866,0.1270152434306739,0.12638943857166599,0.8818499040967095
0.1262686173718202,0.12850929221035984,0.00384205523528672,0.1280722095180027,0.12884388226169874,0.12845688699236935,0.8799995806985741
0.12422360248447205,0.13426721289811022,0.003919359068009573,0.13318855871589985,0.13375271453345364,0.13347004047897285,0.875039410075567
0.12478609977622745,0.12333815979992102,0.003772625712938012,0.12139313235101885,0.12391634155142996,0.12264176031284237,0.8849805183385713
0.12427593470247499,0.13809899947340706,0.003958507576074372,0.13234249454695687,0.1361941004767988,0.13424067582359828,0.872568391448127
0.11800262812089356,0.1278580814717477,0.003827941955610166,0.12967579961011544,0.1285812255808339,0.12912619302197093,0.8802662567289046
0.12855066719513805,0.13740256308627297,0.003957147568288187,0.1367867611134313,0.13828771935467912,0.13753314520561394,0.870463757779002
0.12251128218741704,0.1276878152375896,0.0038450136826797894,0.12805276416706562,0.1281375246335914,0.12809513037884332,0.8807143975407309
0.11901613329806929,0.13197566781274794,0.0038921946135944325,0.12888429900849124,0.13097078909922255,0.12991916738336257,0.8778488421963863
0.12187459091504124,0.12711087838722346,0.0038111201926773934,0.127844244363011,0.1272587161787309,0.12755080830051466,0.8815998008127083
0.12612255678816692,0.13259376650818805,0.0038973330511640576,0.13304282057382133,0.13312123510658522,0.1330820162893593,0.8756802183289494
0.1260559662090813,0.13529567053854277,0.003929667304033413,0.1303248392028237,0.1347237772076229,0.13248780423128798,0.8740586827027934
0.12633241215949467,0.13185945519147257,0.0038812573150439787,0.13049155885224833,0.13102365572614738,0.1307570659687174,0.8777973047539731
0.12954248366013071,0.1273202614379085,0.00381105739817638,0.1258407280058498,0.12770577513330653,0.12676639207685284,0.881154599793298
0.12932290976546973,0.13806810653239698,0.003970964320866969,0.13409781165590812,0.13651778256752847,0.1352969768571984,0.8722420764933683
0.13023131434683782,0.128626821767616,0.0038712043461859337,0.12717068324470537,0.12898726460777882,0.12807253265070032,0.8798561192549856
0.11559246078819033,0.13589033873731382,0.003934084455815933,0.1349656529070333,0.134773141495055,0.13486932850376274,0.8740120834982777
0.1258060271088301,0.1368601131727859,0.003942764325245253,0.1339413566984994,0.1362729153691055,0.13509707704285262,0.8724932101853582
0.12375909993381866,0.13103904698874919,0.0038822478623851396,0.13069422491282895,0.13192637772319368,0.13130741083544284,0.8768964851434423
0.12402190923317684,0.13380281690140844,0.003887764588607969,0.13640077426655936,0.13396782821364328,0.13517335465377045,0.8748245049380037
0.12335266209804956,0.12783342119135477,0.003833171630215374,0.1251557079216003,0.12639481642580092,0.12577221032181288,0.8824713139148636
0.1222001325381047,0.13015241882041087,0.0038736295029670503,0.13234029829988642,0.1291157679460871,0.13070814910164455,0.8797272844691818
0.12397784225797942,0.13149564758638882,0.0038810550118205966,0.13280390282953994,0.1306958896293206,0.13174146411718676,0.8781322084150948
0.12349596720877959,0.13777601480893825,0.003963234857679879,0.13165087426045252,0.1366430020684239,0.13410049405547805,0.8721163794306063
0.11476927145312707,0.122702631230993,0.0037727089393396994,0.12361365296391369,0.12317769414234508,0.12339528849081595,0.8857198620082014
0.12586953668460427,0.1284945530909568,0.0038337909267525468,0.12655522783165887,0.12865280318742,0.12759539543916879,0.8801934845057628
0.12406360888421605,0.1266920751741359,0.0038132443323646093,0.12877125663989192,0.12707912104260521,0.12791959314327553,0.8817792432819456
