Majority Class Accuracy,Accuracy,Precision,Recall,F Score,Support
0.46668425913708933,0.46668425913708933,0.21779419772633396,0.46668425913708933,0.29698852547101207,
0.4873217115689382,0.4873217115689382,0.2374824505664794,0.4873217115689382,0.3193424108842802,
0.46881606765327694,0.46881606765327694,0.21978850528988195,0.46881606765327694,0.29927301332022793,
0.4653386454183267,0.4653386454183267,0.2165400549197632,0.4653386454183267,0.2955495039959791,
0.4741266088783819,0.4741266088783819,0.22479604124651417,0.4741266088783819,0.3049887843996719,
0.4810910528396363,0.4812228225062591,0.4023843606562865,0.4812228225062591,0.3128291222076558,
0.4694977649224297,0.4694977649224297,0.22045713590243213,0.4694977649224297,0.3000315888579092,
0.487779098956269,0.487779098956269,0.23795988812718616,0.487779098956269,0.31987219064769895,
0.4746119442252039,0.4746119442252039,0.22525649760122807,0.4746119442252039,0.30551291610428827,
0.4812706816677697,0.4812706816677697,0.2316521311284102,0.4812706816677697,0.3127614295878482,
0.4749137244491638,0.47438279798247945,0.2254405168257818,0.47438279798247945,0.305634582007979,
0.4892020015801949,0.4892020015801949,0.23931859835006902,0.4892020015801949,0.3214051526873152,
0.47566429886871875,0.4755327545382794,0.22622371272338093,0.4755327545382794,0.30659292866371013,
0.4704240329655722,0.4704240329655722,0.2212987707915938,0.4704240329655722,0.3009999372021624,
0.4640781827786582,0.4640781827786582,0.21536855973114172,0.4640781827786582,0.2942036323803364,
0.48790110468174647,0.48790110468174647,0.2380474879496685,0.48790110468174647,0.3199775673270779,
0.47847462131278234,0.47847462131278234,0.22893796324041046,0.47847462131278234,0.3096948164549886,
0.4813885955649419,0.4813885955649419,0.2317349799399872,0.4813885955649419,0.3128618387285651,
0.4806957438397681,0.4783238898405587,0.25098290591553785,0.4783238898405587,0.3129334131470163,
0.4864864864864865,0.4864864864864865,0.2367004608955053,0.4864864864864865,0.3184559013064227,
0.4809775429326288,0.4809775429326288,0.28861105578074675,0.4809775429326288,0.31267584380035124,
0.4764050901378579,0.4764050901378579,0.22696180990926054,0.4764050901378579,0.3074519471997596,
0.4777895293495505,0.4777895293495505,0.22828283435606497,0.4777895293495505,0.3089517550669664,
0.474462188201135,0.474462188201135,0.22511436803260926,0.474462188201135,0.3053511576410813,
0.4695298135014447,0.4695298135014447,0.22045824576670145,0.4695298135014447,0.30003916047326207,
0.4690300474433316,0.4690300474433316,0.2199891854046939,0.4690300474433316,0.29950263548054484,
0.4732379438261791,0.4732379438261791,0.2239838260695789,0.4732379438261791,0.3040571877591711,
0.48435843054082717,0.48435843054082717,0.23463419132920357,0.48435843054082717,0.3161285532189305,
0.48188025210084034,0.48174894957983194,0.28815212953038827,0.48174894957983194,0.3135717068569886,
0.4806108897742364,0.4799468791500664,0.2309130225530564,0.4799468791500664,0.3118082318722,
