Majority Class Accuracy,Accuracy,Standard Error,Precision,Recall,F1 Score,Euclidean Distance
0.08503311258278146,0.09562913907284769,0.0033845031883852445,0.09475569738736452,0.096114429607007,0.09543022734688354,0.9076162330097075
0.07983473277355724,0.09103025456484073,0.003320856577320168,0.08883742939439854,0.09128876350816056,0.09004641637038609,0.9124588731894036
0.08736967137389468,0.09687211297347235,0.0033980156057546655,0.09513917816537287,0.09693480240101565,0.09602859699018779,0.9067883373510939
0.08301589386575595,0.08840141862603441,0.003253520313754958,0.08782857698825319,0.08818458284943465,0.08800621988845383,0.9155748686616366
0.07858649789029536,0.09190400843881856,0.003317293853664958,0.09132408714826629,0.09191071148577812,0.09161646028110783,0.9118338785031653
0.08603425559947299,0.09499341238471673,0.003365516520197729,0.0936906378954534,0.094598547084647,0.09414240357225359,0.9091345181284874
0.08412322274881516,0.09465508162190626,0.003358818397128514,0.09524242426968947,0.09452950254040672,0.09488462427812709,0.9092012995021258
0.08455931080185554,0.09383697813121272,0.0033570712026749884,0.09219605658545248,0.09355171320520865,0.09286893785108676,0.91018444553797
0.0804126438301812,0.08900939029228938,0.003274803487666226,0.08699926339953236,0.08933292065763711,0.08815064970809337,0.9144230939980081
0.08442158026645562,0.09088510750560612,0.0033013570764571423,0.0904757843109449,0.0909485492269937,0.09071155079132867,0.9127996592097725
0.08436268068331143,0.08804204993429698,0.0032481804747487874,0.08738111789025864,0.08821851670046411,0.08779782060337232,0.9155418849050353
0.0886842105263158,0.0943421052631579,0.0033529576974287143,0.09358619192724114,0.09448349996782057,0.09403270535350006,0.9092541614381744
0.08290224167661493,0.08926913383737896,0.0032838916294780696,0.08951386716547154,0.0895140260490294,0.08951394660717996,0.9142424691958966
0.08367427741850336,0.08631384452949717,0.003226191250851495,0.08465451730537621,0.08640020593631063,0.08551845386098031,0.9173673327323535
0.08054310572106511,0.0873978381228579,0.003242534999190291,0.08672263834368225,0.08721176393347331,0.08696651339699402,0.9165511436484379
0.08308216485388546,0.09605556283580134,0.0033731946434336817,0.09625086866422371,0.09633048986399674,0.09629066280474077,0.9073971071836022
0.08244012174143178,0.0883948656874421,0.0032654436237693697,0.08774516769756328,0.0880699777841026,0.08790727270526993,0.9156886815307849
0.08384888771883638,0.09319468211135974,0.0033352741049193666,0.09191650467606742,0.09317153994028039,0.09253976726966592,0.910568158772592
0.08546781685467816,0.0915726609157266,0.003322663698434109,0.08978211766586054,0.09181637064981096,0.09078785038126556,0.911929017527795
0.08623197989683905,0.09059648194683242,0.003300991170352289,0.08960649690365304,0.09037812404437218,0.08999065642034637,0.9133717325187349
0.08105960264900662,0.09258278145695364,0.0033357626695211012,0.09229185809136596,0.0925690092511564,0.09243022591294414,0.9111723054988775
0.07902775933058839,0.09111435781644309,0.003316495269223974,0.09015293275184537,0.09088507976253052,0.09051752579670946,0.9128628158294
0.08071808510638298,0.0875,0.0032584536128060053,0.08896472306804544,0.0876647671973827,0.08830996143192003,0.9160984541365275
0.084553058024046,0.09174072138003136,0.0032998828057550114,0.09102420476371342,0.09162668686071573,0.09132445215520589,0.9121183985166473
0.08522057860976567,0.09778766854300301,0.003398428758860749,0.09662820885830246,0.09743855653671114,0.09703169084841928,0.9062819294731941
0.08501971090670171,0.08909329829172143,0.003265631216062189,0.08785653204471693,0.08884212982523952,0.08834658217906041,0.914915990690005
0.09063284449729159,0.08746201611837759,0.0032472517899695117,0.08751793980892614,0.08668701606457185,0.08710049626445537,0.9170781949446856
0.0829584546176237,0.0863985181264885,0.0032316781412087864,0.0860911947462239,0.0870401721975077,0.086563082677397,0.9167255707226329
0.08465189873417721,0.0893987341772152,0.0032762772597241044,0.08782488688761132,0.08847770870097103,0.08815008914413326,0.9152782981782531
0.08037856571580912,0.08304452146094375,0.003185965644554045,0.08277717611027306,0.08291164660404365,0.08284435679006867,0.9208691435857187
