Majority Class Accuracy,Accuracy,Standard Error,Precision,Recall,F1 Score,Euclidean Distance
0.8816326530612245,0.8816326530612245,0.003706772232566745,0.2938775510204082,0.3333333333333333,0.3123644251626898,0.7453559924999299
0.8783712321523004,0.8783712321523004,0.0037582134744107423,0.29279041071743345,0.3333333333333333,0.31174924924924924,0.7453559924999299
0.8734077478660538,0.8734077478660538,0.0038104575638855023,0.29113591595535127,0.3333333333333333,0.31080891630450025,0.7453559924999299
0.8811502440311304,0.8811502440311304,0.003716728875747396,0.2937167480103768,0.3333333333333333,0.31227356660355743,0.7453559924999299
0.8788159111933395,0.8788159111933395,0.003751542661887498,0.2929386370644465,0.3333333333333333,0.3118332512719514,0.7453559924999299
0.8827887286678132,0.8827887286678132,0.003699822637898861,0.29426290955593776,0.3333333333333333,0.3125819748922616,0.7453559924999299
0.8648648648648649,0.8648648648648649,0.003925368876387011,0.2882882882882883,0.3333333333333333,0.30917874396135264,0.7453559924999299
0.8761365133746212,0.8761365133746212,0.0037815100943328316,0.29204550445820704,0.3333333333333333,0.3113264971672051,0.7453559924999299
0.879253711733018,0.879253711733018,0.0037348497821704835,0.2930845705776727,0.3333333333333333,0.31191591507609123,0.7453559924999299
0.8839830283744365,0.8839830283744365,0.003687563112384982,0.2946610094581455,0.3333333333333333,0.31280643723461654,0.7453559924999299
0.8718017057569296,0.8718017057569296,0.003859255820738465,0.2906005685856432,0.3333333333333333,0.31050358346385687,0.7453559924999299
0.8791716132436354,0.8791716132436354,0.0037433296029497076,0.29305720441454514,0.3333333333333333,0.31190041649117883,0.7453559924999299
0.8694326617179216,0.8694326617179216,0.003879130686825781,0.2898108872393072,0.3333333333333333,0.31005223474910776,0.7453559924999299
0.8762284196547144,0.8762284196547144,0.003795086224065243,0.29207613988490483,0.3333333333333333,0.3113439033597584,0.7453559924999299
0.8730491803278688,0.8730491803278688,0.003812564371837407,0.2910163934426229,0.3333333333333333,0.31074079260607756,0.7453559924999299
0.8746044303797469,0.8746044303797469,0.0038027499616135516,0.2915348101265823,0.3333333333333333,0.3110360835619329,0.7453559924999299
0.8796431899880176,0.8796431899880176,0.0037543929498669486,0.2932143966626725,0.3333333333333333,0.31198942248666006,0.7453559924999299
0.8763791040808189,0.8763791040808189,0.0037948657748347802,0.29212636802693964,0.3333333333333333,0.31137243789553226,0.7453559924999299
0.8788922750761892,0.8788922750761892,0.0037554896682610093,0.29296409169206306,0.3333333333333333,0.31184767277856135,0.7453559924999299
0.8795164718384697,0.8795164718384697,0.0037518547946330002,0.2931721572794899,0.3333333333333333,0.3119655099300304,0.7453559924999299
0.8762682830412439,0.8762682830412439,0.003779782322395068,0.2920894276804146,0.3333333333333333,0.3113514525832806,0.7453559924999299
0.8767159450897571,0.8767159450897571,0.0037771386299099425,0.29223864836325236,0.3333333333333333,0.31143620762413843,0.7453559924999299
0.8739228423704096,0.8739228423704096,0.003821929715789813,0.2913076141234699,0.3333333333333333,0.31090673269661595,0.7453559924999299
0.8803846660519036,0.8803846660519036,0.0037246045346954314,0.2934615553506345,0.3333333333333333,0.3121292793423941,0.7453559924999299
0.8695595175668589,0.8695595175668589,0.003856119751849914,0.2898531725222863,0.3333333333333333,0.310076432227754,0.7453559924999299
0.8736689890889969,0.8736689890889969,0.003809094418403714,0.291222996362999,0.3333333333333333,0.31085853270656466,0.7453559924999299
0.8804833201996323,0.8804833201996323,0.0037176490563466304,0.29349444006654407,0.3333333333333333,0.31214787912650743,0.7453559924999299
0.879202657807309,0.879202657807309,0.00375681607457553,0.29306755260243633,0.3333333333333333,0.31190627725526243,0.7453559924999299
0.8843283582089553,0.8843283582089553,0.0036921030425653306,0.2947761194029851,0.3333333333333333,0.3128712871287128,0.7453559924999299
0.8671180140714191,0.8671180140714191,0.003911003238985968,0.2890393380238064,0.3333333333333333,0.30961014338191734,0.7453559924999299
