Majority Class Accuracy,Accuracy,Standard Error,Precision,Recall,F1 Score,Euclidean Distance
0.6073353490206389,0.5506770080189299,0.005703232610855037,0.07216772032025384,0.08297917478804852,0.07719674795076045,0.9208164582406829
0.601239124703401,0.5707882942262061,0.005682859105135785,0.06689465235159145,0.082040879319281,0.07369760646250792,0.9217493895571935
0.6064431295200526,0.5773833004602236,0.005664424951764532,0.09004388323706543,0.08356137322568395,0.08668159809408539,0.9202214804235026
0.6013782136231116,0.5596342433077127,0.0057147930784164835,0.08787706545524458,0.08422809969079008,0.08601389997119402,0.9194888922345172
0.6018666666666667,0.5638666666666666,0.005726209320762312,0.07062994680881675,0.08193355208933334,0.07586300088450844,0.9218707532663015
0.5969890754063416,0.5632827071675992,0.00572478424682833,0.07475132522936108,0.08343163389395325,0.07885331307732096,0.920301952795071
0.610573737909103,0.5803630581688088,0.005680670011283682,0.07904490419273374,0.08397278312704598,0.08143436097279469,0.9197577047343629
0.5949116794094385,0.5636699182704983,0.005693949192727579,0.15361379860761784,0.08322181752009511,0.10795690044691644,0.9205664893778926
0.6025775907417149,0.5673329826407154,0.005681654973820973,0.07654198049185285,0.08529795107399878,0.08068310513891283,0.9184051839417182
0.5934022257551669,0.5687599364069952,0.0057004363850064405,0.07625057912076598,0.08420264687916303,0.08002956061525843,0.9194892921628666
0.6241761138940153,0.5937252834168204,0.0056389241200605145,0.08112070563083902,0.08354050594574479,0.08231282554269564,0.9202336896157288
0.6117288853587504,0.5777071750066191,0.0056829291511880245,0.07724419010483884,0.0832806010884516,0.08014889830662475,0.9204726269337653
0.6022128556375131,0.5615121180189674,0.005694823451007778,0.079752092194991,0.0835932470830858,0.08162750621123707,0.9202028260653587
0.6102482410726139,0.5826363998407009,0.0056816190087085085,0.10113322753237562,0.08433514034505157,0.09197347272854263,0.9194297545961614
0.6063044051701398,0.5762331838565022,0.005675063364758618,0.11048781826035275,0.08492733405619814,0.09603590857005152,0.9188039963754783
0.6136303367806948,0.579289313179528,0.00568455229727093,0.0766219950565782,0.08375262818758784,0.08002878925794427,0.9199895432254899
0.6157998683344306,0.5856484529295589,0.0056524807688979745,0.09202002103328144,0.08318127668170426,0.08737769559535541,0.920564835928859
0.6122772277227723,0.5812541254125413,0.005668484667836496,0.07302888414622682,0.08362899649999973,0.07797031686462813,0.9201162838831815
0.5977825273844509,0.569329414907828,0.0057230758932127965,0.07532984949540837,0.08393968844602291,0.0794020523831194,0.9197950574678088
0.600106780565937,0.5644687666844634,0.0057283655784151205,0.0736338513654502,0.08283013415571785,0.07796173370743237,0.9209251685098341
0.5992818193908764,0.5662987099348318,0.005715287747719348,0.07408379317708791,0.08333597504220931,0.07843799046429008,0.9203923034166631
0.6048664374504099,0.5702195186458608,0.005692801581304925,0.07842195773900791,0.0832248983481864,0.08075207423241368,0.9205591269148313
0.6058846813563795,0.5732946298984035,0.005681291037173153,0.07427026249793978,0.08319213985695602,0.07847844275887024,0.9205767839365495
0.6076943556975506,0.582667731629393,0.005689494435467017,0.07247547002323247,0.0833585712080246,0.07753699488292404,0.9203732518962031
0.5958542381832586,0.560866120940058,0.005702501724723922,0.07659908409548445,0.08422803340328511,0.08023261641687847,0.9194950665303673
0.6050297816015884,0.5629384513567174,0.0057066931727296705,0.07136977190686244,0.08214399601797161,0.07637879440483009,0.9216190502406106
0.6069909622541202,0.5769537480063796,0.005695607220412931,0.07778768175409138,0.08342795927177023,0.08050915536396014,0.9203430469982367
0.603595206391478,0.5747003994673768,0.00570490305066603,0.07294355051127224,0.08273905616482236,0.07753313811311513,0.9210555797777094
0.6042052367098651,0.5707484792382967,0.005691935449127211,0.08648085210443053,0.08484576975016178,0.08565550859548018,0.9189124589237819
0.5991550039609189,0.5716926326907843,0.005685863373751856,0.08842961216163621,0.08350835211555181,0.08589855324715343,0.920240766223672
