Majority Class Accuracy,Accuracy,Standard Error,Precision,Recall,F1 Score,Euclidean Distance
0.7614691063378414,0.7614691063378414,0.004907442251302217,0.25382303544594714,0.3333333333333333,0.288194705808556,0.7453559924999299
0.7609640458316871,0.7609640458316871,0.004894484794307411,0.2536546819438957,0.3333333333333333,0.2880861566075836,0.7453559924999299
0.7564169722367732,0.7564169722367732,0.00491214507564955,0.25213899074559104,0.3333333333333333,0.28710607416244155,0.7453559924999299
0.7755666842382709,0.7755666842382709,0.004789493346131894,0.25852222807942365,0.3333333333333333,0.29119968331725177,0.7453559924999299
0.7617094469436358,0.7617094469436358,0.004900547913975071,0.25390314898121197,0.3333333333333333,0.28824633871573413,0.7453559924999299
0.7609298639545634,0.7609298639545634,0.00490183124526743,0.25364328798485447,0.3333333333333333,0.28807880788078805,0.7453559924999299
0.7707098643487422,0.7707098643487422,0.004824268205895427,0.2569032881162474,0.3333333333333333,0.29016982769307054,0.7453559924999299
0.7602676814066396,0.7602676814066396,0.004890357141231949,0.25342256046887984,0.3333333333333333,0.28793638961361656,0.7453559924999299
0.7620685094564211,0.7620685094564211,0.004897036618541816,0.2540228364854737,0.3333333333333333,0.28832345067427256,0.7453559924999299
0.766061084781464,0.766061084781464,0.004857250016264247,0.25535369492715465,0.3333333333333333,0.28917877997266744,0.7453559924999299
0.7638652156811329,0.7638652156811329,0.004863080705373004,0.2546217385603776,0.3333333333333333,0.2887088381773582,0.7453559924999299
0.7668202764976959,0.7668202764976959,0.004852083839330931,0.2556067588325653,0.3333333333333333,0.28934098417666493,0.7453559924999299
0.7751487111698612,0.7751487111698612,0.004799939231020431,0.25838290372328704,0.3333333333333333,0.29111127659046343,0.7453559924999299
0.7802066772655007,0.7802066772655007,0.004766461977140004,0.26006889242183356,0.3333333333333333,0.29217831361166924,0.7453559924999299
0.7664425991828127,0.7664425991828127,0.004857374540966075,0.25548086639427087,0.3333333333333333,0.2892603094065562,0.7453559924999299
0.7613965744400527,0.7613965744400527,0.004892410713717767,0.25379885814668424,0.3333333333333333,0.2881791208517216,0.7453559924999299
0.758785306988463,0.758785306988463,0.004926595037840302,0.252928435662821,0.3333333333333333,0.2876171806278117,0.7453559924999299
0.7679682329583057,0.7679682329583057,0.004856552828628606,0.2559894109861019,0.3333333333333333,0.2895859848768436,0.7453559924999299
0.7678901505149195,0.7678901505149195,0.0048510269025354305,0.25596338350497316,0.3333333333333333,0.28956933034602933,0.7453559924999299
0.7660772757039948,0.7660772757039948,0.004844712121560077,0.2553590919013316,0.3333333333333333,0.28918224068031245,0.7453559924999299
0.7710955093389853,0.7710955093389853,0.004835445922080448,0.25703183644632843,0.3333333333333333,0.29025180752929447,0.7453559924999299
0.7707400579404793,0.7707400579404793,0.004823727417447896,0.2569133526468264,0.3333333333333333,0.2901762474901465,0.7453559924999299
0.7632926348956282,0.7632926348956282,0.004870341829940114,0.2544308782985427,0.3333333333333333,0.28858610676792495,0.7453559924999299
0.7625,0.7625,0.0049073022824653225,0.25416666666666665,0.3333333333333333,0.28841607565011823,0.7453559924999299
0.7721736828170506,0.7721736828170506,0.004825818151799132,0.2573912276056835,0.3333333333333333,0.290480814720749,0.7453559924999299
0.7692614240170031,0.7692614240170031,0.00485576070251043,0.25642047467233436,0.3333333333333333,0.2898616012213129,0.7453559924999299
0.7621110673493502,0.7621110673493502,0.004878701819057864,0.2540370224497834,0.3333333333333333,0.28833258828788555,0.7453559924999299
0.763143848412063,0.763143848412063,0.0049112121391898895,0.254381282804021,0.3333333333333333,0.2885542016700724,0.7453559924999299
0.7683118928852717,0.7683118928852717,0.00483392785537161,0.2561039642950906,0.3333333333333333,0.2896592680573083,0.7453559924999299
0.7595577461036366,0.7595577461036366,0.004932335226807858,0.2531859153678789,0.3333333333333333,0.28778358190122894,0.7453559924999299
