Majority Class Accuracy,Accuracy,Precision,Recall,F Score,Support
0.483896726111259,0.4402448762310354,0.27981324589489776,0.4402448762310354,0.32989257471198175,
0.4851131401349742,0.43377001455604075,0.27471022539053,0.43377001455604075,0.3256117076809992,
0.4730941704035874,0.3750989184911633,0.2576024277580783,0.3750989184911633,0.30229710444208635,
0.4816671063044052,0.43326299129517276,0.28089472148418704,0.43326299129517276,0.325005817929543,
0.48091603053435117,0.44064227428270597,0.27626715522146456,0.44064227428270597,0.3237721866882231,
0.47903014416775885,0.43525557011795546,0.27782976739983234,0.43525557011795546,0.3234426859911074,
0.4687376074025116,0.41652346331791146,0.26262814802020573,0.41652346331791146,0.3087579180560024,
0.47667714884696016,0.36071802935010483,0.2631206436389833,0.36071802935010483,0.2970008481763639,
0.4821027605336151,0.4316470743626998,0.2783114049246237,0.4316470743626998,0.3251779300502168,
0.4723062754900671,0.43402183923168003,0.27667760514589335,0.43402183923168003,0.3202416000326411,
0.47729366855337635,0.4313544820323812,0.2734645952444648,0.4313544820323812,0.32277878672071,
0.47305151915455745,0.41611624834874505,0.26370526047092824,0.41611624834874505,0.310559574631389,
0.4832010582010582,0.4308201058201058,0.27282481322344615,0.4308201058201058,0.32418117883077086,
0.47973597359735975,0.3701650165016502,0.2751861391779015,0.3701650165016502,0.30541720615298057,
0.48268652815889196,0.4351234809878479,0.2703998758695318,0.4351234809878479,0.32102245773896587,
0.4762913907284768,0.37642384105960264,0.2722883432578019,0.37642384105960264,0.30836044250590305,
0.47521480502313285,0.3937871777924653,0.2769445447474961,0.3937871777924653,0.3176937275748376,
0.47081403044341497,0.4189278623428193,0.26823465139094804,0.4189278623428193,0.31482646822289573,
0.48108465608465606,0.3779100529100529,0.2720448123805642,0.3779100529100529,0.30825944178102144,
0.4820594904628518,0.4308390022675737,0.2732322963295761,0.4308390022675737,0.32258187587797266,
0.46615547329455315,0.42279217345319936,0.273849399446271,0.42279217345319936,0.3093863627268276,
0.4811781798969753,0.4266279223352265,0.2765967737723843,0.4266279223352265,0.3211030515857422,
0.4731182795698925,0.42625779901765565,0.2690149943781916,0.42625779901765565,0.31451274061632933,
0.4787177440808726,0.4304336259643522,0.27828888293218074,0.4304336259643522,0.32385879125917943,
0.47000261985852765,0.42153523709719676,0.26714686990858566,0.42153523709719676,0.31094479264178365,
0.4840026333113891,0.43278472679394336,0.27991883824759234,0.43278472679394336,0.32573926465957953,
0.46854260684895144,0.4273958056809132,0.27172280980630137,0.4273958056809132,0.3156345105564696,
0.46808230018464786,0.424558164072804,0.27270925303007054,0.424558164072804,0.3142755990209137,
0.49543952412425646,0.4524785194976867,0.2890971839129087,0.4524785194976867,0.3382046569303191,
0.4874318393403378,0.44380901715653676,0.28147213740107413,0.44380901715653676,0.3283071853934161,
