Majority Class Accuracy,Accuracy,Standard Error,Precision,Recall,F1 Score,Euclidean Distance
0.12278848692896752,0.13651967256403486,0.003945128852713929,0.13203937584854364,0.13777683665615964,0.13484710462421864,0.87098390120508
0.12952886529528865,0.14213669542136695,0.004022726665536926,0.14185630334122412,0.14169078300301768,0.141773494860952,0.8670148860469357
0.13015788775374817,0.1381186148334881,0.003974208061496401,0.13435610982926305,0.13666796248658197,0.13550217603246673,0.8720895137864237
0.1242004264392324,0.13979211087420043,0.004003101752674071,0.13561037942377294,0.13996509760439874,0.1377533312971644,0.8687674205623506
0.12249736564805058,0.13685458377239199,0.003944514516038552,0.13505379982222598,0.13683153988224178,0.13593685791745944,0.8719267280054916
0.12516521279407877,0.13626751255617234,0.003944142733930992,0.13442825612843676,0.13690973115117874,0.13565764668770897,0.8718503274867372
0.12634515743324035,0.1422877640494221,0.004026647591548449,0.14263683177027825,0.1426557126000335,0.14264627156038362,0.8660438377743778
0.12050431320504314,0.13921698739216987,0.003987964937352782,0.1354100655343754,0.13823735408239096,0.1368091042247732,0.8705028129899981
0.12006816096473981,0.1368462445930004,0.0039348367295632455,0.13505357694836653,0.13604498713520494,0.13554746924325267,0.8727182568300254
0.1255252100840336,0.13918067226890757,0.003966267506451302,0.13723232887638115,0.13938331885372174,0.13829946071220636,0.8693558974980192
0.11808945771209922,0.14065180102915953,0.003993477858200001,0.1395957812190745,0.14112867524874,0.14035804305507432,0.8675867299589934
0.12139185448793989,0.13918544879398972,0.003973897626825778,0.13938026598987951,0.14001881001669325,0.13969880833288087,0.8687056708643452
0.11976047904191617,0.12840984697272123,0.003859142624059926,0.12297597865906446,0.12967078110836777,0.1262346782121086,0.8791737008243822
0.12086749537159482,0.13620735255223484,0.00394445213934394,0.1361268072037378,0.13667998929089975,0.13640283739175085,0.8720868543211425
0.13241888683724612,0.13980480084410446,0.00398260889814581,0.13614192296682287,0.13910891148565815,0.13760942631945833,0.8696162330014325
0.1298273362330302,0.14511664689600634,0.004043682099953767,0.14410922818348898,0.14472619430079925,0.1444170523077471,0.8639496284681423
0.12488362814204017,0.13685330496076606,0.003963600810471391,0.13623539894755982,0.1378895549436265,0.13705748609740429,0.8708627042464211
0.12433510638297872,0.13497340425531915,0.003940305643437241,0.1345648015746743,0.13643052070805153,0.13549123869123475,0.8723541993395056
0.12216173150975966,0.1375647324392511,0.003969085770982005,0.1336567619556759,0.1357354291474762,0.13468807591062698,0.8730281822396285
0.12400365869593623,0.14242780608911537,0.003995000896468008,0.14271869817447158,0.14290361539677296,0.14281109692618993,0.8657998608608166
0.12488412130843597,0.13958416103827306,0.0039881366757612904,0.13373818649326952,0.13972924503979475,0.13666809043355063,0.8690047274645003
0.1183845849280718,0.14385640754916193,0.004031709825523741,0.1423342653467113,0.14467719018076522,0.14349616491063202,0.8640187367278518
0.12620717026061648,0.1393041407593597,0.003982673432991109,0.13863114864911713,0.1402605409821363,0.13944108504781433,0.868472333623859
0.12260789230566187,0.13870925168272402,0.003970808673692987,0.13421412961085177,0.1373030016517845,0.13574099559726377,0.8714475908369453
0.12159661644197726,0.13031985196933651,0.0038703647786689616,0.13210874379610127,0.13076491333490609,0.13143339368289098,0.8780630588237208
0.11636219221604448,0.1343658988615303,0.003923947779319912,0.1321439645946643,0.13477478609899135,0.1334464103120192,0.8740019161639475
0.12612137203166227,0.13403693931398417,0.0039131575326210215,0.13115004229702643,0.1334557398104221,0.13229284546632072,0.8753365258945148
0.1334303094419466,0.13091774662787622,0.003878924845067716,0.13007892751101252,0.13216328282909462,0.13111282172650268,0.8766523571971551
0.1254661694192861,0.13598827916888653,0.0039559284142599875,0.13192849888987332,0.13575559265778558,0.13381468769172658,0.8730174632370206
0.12097407698350353,0.13328096360303746,0.0038889593413051512,0.12901986618256875,0.13449693132832596,0.13170147972240234,0.8742981445005996
