Majority Class Accuracy,Accuracy,Standard Error,Precision,Recall,F1 Score,Euclidean Distance
0.6977513227513228,0.678042328042328,0.005373619293875558,0.12120954884455132,0.12576033713940368,0.12344301546299546,0.8830260235844446
0.6903439153439154,0.6742063492063493,0.005390224199185612,0.1176928331432988,0.12552170604808413,0.12148126715528833,0.8832795270315889
0.6900793650793651,0.6726190476190477,0.005396974760060175,0.14467338318675838,0.12562624818525941,0.13447872089034857,0.883262545650772
0.6984294575689587,0.6732215916589679,0.005388365552642816,0.13298317585997224,0.12675647362681275,0.12979518881318886,0.8820764696282681
0.6947077409162717,0.6778567667193259,0.005361681308354939,0.11105932561232168,0.12498774053077917,0.1176125965043001,0.88384076704691
0.7041860465116279,0.6858471760797342,0.005350950201496502,0.11066457281188698,0.12504466100776448,0.11741596855233406,0.8837766137792314
0.6913809082483782,0.6721832384482986,0.005401317103515423,0.10723061824431246,0.12376970588801793,0.11490808190109696,0.8851194063535335
0.702489134729356,0.6803634926906361,0.005351702822542369,0.11946776960555933,0.1250504568140104,0.12219538299849599,0.8837938739473726
0.6990329845012584,0.6787653993906477,0.005374354304846862,0.10397386985875179,0.12354839154670427,0.112919099033068,0.8853544673416391
0.7006739791198625,0.6763578696973701,0.005378472251778987,0.10959997484779532,0.12436766895729875,0.11651776431918834,0.8844946590038618
0.7013329813910518,0.6824600765474462,0.005347972304441889,0.12181960815121115,0.12488422217202332,0.12333288047722614,0.8840259355275346
0.6927662957074722,0.6693163751987281,0.005415095550014555,0.11359669357939255,0.12504008224714186,0.1190440145612396,0.8837501368529836
0.7068104128319748,0.6794635813831186,0.00535110683202892,0.11823793148490577,0.12525832482807767,0.12164692347384251,0.8836567729942474
0.6941553242594075,0.6682679476914866,0.005438913966231218,0.14864970066539712,0.12458818719955526,0.13555950734630068,0.8843013609583988
0.7097029702970297,0.6916171617161716,0.005306237233265043,0.12383952873397389,0.12677045337635615,0.1252878522341432,0.8820044256647507
0.6988674217188541,0.6775483011325782,0.005395443098687131,0.12215564146669504,0.12637175885027363,0.12422793821479232,0.8824430960173631
0.6924498416050686,0.6717265047518479,0.0053950337899041165,0.13887605533863304,0.12584618716879936,0.1320404503064714,0.8830659835442141
0.6871888917998428,0.6526067592350013,0.005449546818169403,0.10589119305610742,0.12351323942799904,0.11402538424937886,0.8853802991745343
0.696014828544949,0.6736396133986495,0.0053951408358867735,0.14563515124400925,0.12517844198050743,0.1346341674600272,0.883670041352634
0.6875580932147125,0.6631257469127606,0.0054463498012676725,0.11397869284529732,0.1248480798779294,0.11916604479869305,0.8840072307998555
0.7000534902380315,0.6789248462155657,0.005399101232332527,0.1041116895607975,0.12388091265426963,0.11313920710991604,0.8849541960386981
0.6845151953690304,0.649125115116432,0.005474002376538969,0.10551898979907835,0.12333971328934272,0.113735521286871,0.8855817453234448
0.6898867526994996,0.6726362918093232,0.0053848066916503835,0.11677981700105905,0.1256498871450169,0.12105258205617708,0.8831650164978393
0.7031539888682746,0.6828783461436523,0.005357056406374344,0.12358997509133149,0.12536832089294825,0.12447279649905621,0.8834183644204384
0.6977567886658795,0.6696838515020334,0.005386874483838976,0.12308654058833009,0.12438952861222523,0.1237346044144906,0.8846239962242858
0.6949063077329111,0.6761678543151227,0.005375389495987395,0.1247350986054669,0.12610229552141958,0.1254149710890655,0.8827507550534227
0.6975545274289491,0.6762723066754792,0.005379553883612419,0.1495162283315704,0.12502739400292404,0.13617962952835772,0.8839041819582704
0.6879470198675497,0.6643708609271524,0.005434525635647711,0.11504861874519776,0.12440291160508891,0.11954305012884439,0.8845202390080783
0.6955717118307997,0.6771976206212822,0.005375533951820228,0.1228848290818535,0.12483095695580211,0.12385024834312437,0.8840363427619481
0.6983136369672023,0.6806532996945956,0.00537239417905753,0.15407712008839947,0.12656843300508439,0.13897458510613916,0.88223089031692
