Majority Class Accuracy,Accuracy,Standard Error,Precision,Recall,F1 Score,Euclidean Distance
0.7560622034791776,0.735108065366368,0.005065779712011546,0.33741253910451885,0.3356411245154678,0.33652450071084333,0.742434769737493
0.757259767687434,0.73389651531151,0.005077181754451118,0.31936619110288467,0.3319796118233003,0.3255507709591763,0.7470419342644553
0.7592957561424254,0.7267113388516621,0.0051082355340626795,0.3105165516459968,0.33260963729903,0.32118361650841976,0.746205019275055
0.7611761575306014,0.7389568919638105,0.005066082782149095,0.38109452109452113,0.33712889585825234,0.35776604349471774,0.7413326905532978
0.7604830148619958,0.7160297239915074,0.005194353744372477,0.3548525028788187,0.33860448141599536,0.3465381427764761,0.738769158340171
0.7686734290607298,0.7473323672770386,0.004987491930859844,0.32150169709077825,0.33507229227023577,0.32814675073503485,0.743032771619091
0.7671377625148593,0.7423061682736759,0.005026514309054744,0.34818411560230045,0.3372877342271801,0.34264931951504257,0.7407999792915742
0.7652980132450331,0.7283443708609272,0.005119225524725103,0.3429986405828986,0.3330125485461613,0.3379318368843541,0.7458627201507898
0.7644420997098391,0.7396465312582432,0.0050396677597286,0.30894792468166143,0.3322803163586997,0.3201896222943324,0.7462186892823012
0.7750993377483444,0.7442384105960265,0.005021115661750787,0.3575865323073229,0.33570709841321994,0.34630157230140407,0.7424498255000694
0.7636945221911235,0.7449020391843263,0.005032521069979397,0.36501186686211023,0.3386843762636314,0.3513556244321954,0.7386140100919182
0.760348009491168,0.733456366991827,0.005076505706809598,0.3188733562487715,0.33208681853590216,0.3253459811963079,0.7466179369956049
0.7743221690590112,0.748006379585327,0.005005218378460528,0.3361112679736049,0.33217311788915677,0.3341305893188951,0.7460857059875645
0.7707758960220559,0.7443875541551792,0.004998026699673166,0.3481277910454528,0.33435730960754256,0.34110362703069946,0.7439932895405997
0.7588521784915098,0.7402922206134,0.0050306373281552895,0.32323051869971214,0.3353105124313385,0.3291597204581153,0.7429353176791739
0.7696155871511322,0.7392048446550816,0.005037785638108959,0.34980016489558063,0.3380531694467351,0.34382636097564667,0.7396614842065168
0.7627986348122867,0.7336571278550801,0.00506461720314078,0.3084636780060444,0.3320057497336791,0.3198020397114831,0.7461248881682617
0.7769679300291545,0.7527166710840181,0.004966549705396537,0.35734297914140084,0.3365657253042187,0.34664329237138475,0.7413255819555372
0.7584840882081078,0.7322065231744355,0.005088418411183701,0.3165652704496719,0.33061897725194583,0.3234395346340706,0.7484278217089056
0.7673181757744981,0.7389974737401941,0.005064143901631288,0.30721464540938004,0.3320076901778513,0.3191303530327182,0.7467549535576327
0.7554590897132334,0.7305972112601947,0.005088339918417845,0.3404250404250404,0.3357597606658575,0.3380763066941849,0.7424398259002732
0.7703241232731137,0.746413390010627,0.005014331761117993,0.31857743097238894,0.3345168847446364,0.3263526482904125,0.74311701306386
0.7674083769633507,0.7445026178010471,0.004989760062646245,0.3458457300404252,0.3367143863858309,0.34121897829142467,0.7408447937579591
0.7659043112513144,0.7493427970557308,0.004968726719174138,0.3254469813657093,0.3362253423690489,0.3307483744069164,0.7412671512322987
0.7686922060766183,0.7368560105680317,0.005061043880421349,0.34663358752903767,0.3381558394448807,0.3423422358860009,0.7385899767743567
0.7653528872593951,0.7267251538562263,0.005099452257939384,0.37405800109540044,0.33735402766971984,0.35475917794266226,0.7409881040105998
0.7590789473684211,0.7326315789473684,0.005076811946130718,0.30305367891231394,0.33058208452409293,0.3162198937578832,0.7486373851993088
0.7613979766127973,0.7386677177769019,0.005036168233205945,0.3505900647580095,0.3323569650288027,0.3412301241828271,0.7465186597953885
0.7709343467435461,0.7477394836849692,0.004971747571240454,0.3338176825458183,0.33533444078209945,0.33457434265607777,0.7429284647553985
0.7643896682837289,0.7039465058345352,0.005227307532122568,0.3395238854862255,0.3286813753328636,0.3340146634079965,0.7521660280584274
