Majority Class Accuracy,Accuracy,Standard Error,Precision,Recall,F1 Score,Euclidean Distance
0.8750992326012172,0.8700714474728765,0.003867464311640978,0.5617024068817641,0.33729790959136835,0.42149272738175175,0.7411305412009994
0.8750986063633973,0.8690507494083618,0.0038680841835805036,0.3308989158138411,0.3337412148594377,0.3323139878644167,0.7450220336422598
0.8822131255777103,0.8767991548923808,0.0037767907722327846,0.3091154671465552,0.33225632198465604,0.3202684306455263,0.7467598519500596
0.876419329284394,0.8725904409823079,0.0038312772555782687,0.32657404569755166,0.3336544470600437,0.3300762806714676,0.7441767847480073
0.8769067515585621,0.871203077331211,0.0038579409147690316,0.319489805005625,0.3329991690154777,0.32610463566959613,0.745747584777809
0.8799946723494939,0.8763985082578583,0.003798398615643395,0.348912089709841,0.33432712605676834,0.34146393680950454,0.7443264418214371
0.871578947368421,0.8663157894736843,0.0039036545357535673,0.31062886415827595,0.33260009986661415,0.32123923833907975,0.7456937877033191
0.8741617357001973,0.8691650230111768,0.003866904464311907,0.3383398878754916,0.3348255457160391,0.33657354327006317,0.7433662949230946
0.8745709004489042,0.8704779508846052,0.003858229793741969,0.3095519882940265,0.33265889860789527,0.3206897472091633,0.7459515056441188
0.8808337703198742,0.8740167802831673,0.003799363925502901,0.3359347442680776,0.3345429898063155,0.3352374225593389,0.744236338382152
0.875246742992499,0.8722200289511778,0.0038297127270846645,0.32624300876381734,0.33352503944808415,0.3298438372773901,0.7451351838516527
0.8667201926936973,0.8623042954636692,0.003986052182508733,0.3296021207384933,0.333725113275505,0.33165080352174736,0.7448343887559304
0.8728035667453449,0.8650668764752164,0.003912332235667559,0.32649916839610843,0.3338709087825192,0.33014389305728364,0.7448179305296712
0.8736884048346394,0.8706335502722805,0.0038677632335682526,0.6650426883915876,0.3350819635775664,0.4456320708631624,0.7434810169776763
0.8757294429708223,0.8690981432360743,0.0038843793932255006,0.32061403104278297,0.33308207013341046,0.3267291482430424,0.7456975473059413
0.8725245901639345,0.8674098360655738,0.0038837199061989096,0.321133723720841,0.33311408852589025,0.3270142159278652,0.7455931135746707
0.870972002113048,0.8561806656101426,0.004032608328619875,0.32274446588772693,0.3339300465074175,0.32824199042172897,0.7447515491355909
0.865262321144674,0.8514838367779545,0.004093163747673517,0.32747350771542677,0.3351164598454963,0.3312509031875441,0.7429102591830649
0.8778232730154537,0.8733324527803461,0.0038224855888897647,0.3456883738353897,0.3347647512970328,0.34013888163349654,0.743828252178029
0.881427072402938,0.8772298006295908,0.0037584755133273267,0.3223530150359419,0.3331670809349381,0.3276708485680715,0.7456088844024124
0.8807180851063829,0.8763297872340425,0.003796272864922144,0.32617111885404565,0.3336251477874748,0.32985602748434556,0.7447928204786768
0.8722733245729304,0.8678055190538765,0.0038826258125395276,0.34276334808151193,0.3345608652416659,0.33861244010352515,0.7436673653486703
0.8776581779994749,0.8746390128642688,0.0037938061825160507,0.30488508971800593,0.3326449333518163,0.3181606408459332,0.7460486043578611
0.8779299446931789,0.8717408480379247,0.0038370952846999784,0.31644929734101707,0.33288319835976704,0.3244582857474,0.7457876873377423
0.8823452427692711,0.8793351655542468,0.0037264258300083054,0.32861843943354824,0.3336301376721527,0.33110532503967494,0.7450004463362361
0.8811318259949755,0.8755784741504694,0.0037953186916623908,0.3078193494807076,0.3321923363940171,0.3195417557150607,0.7467011451824761
0.8717100912577701,0.8670810739320196,0.0039042142857919205,0.4249856875396494,0.33404280102550393,0.37406609000897406,0.7445564872250046
0.8771052631578947,0.871578947368421,0.003837643977627834,0.3214529249623035,0.33310028677286335,0.3271729771367836,0.7452121534594218
0.8793171893608575,0.8724361519121344,0.0038375665635484962,0.34814390095268805,0.3362019267787482,0.3420687189240731,0.7417793251933557
0.8794560337998416,0.8729865328756271,0.0038261853744767623,0.31088720404362863,0.3322985195723575,0.32123647607379685,0.7467677232763874
