Majority Class Accuracy,Accuracy,Standard Error,Precision,Recall,F1 Score,Euclidean Distance
0.4848644380100026,0.48394314293235063,0.00573318957183845,0.09327946773534171,0.12529753135929375,0.10694343029832601,0.883565172328543
0.4688372093023256,0.4688372093023256,0.005752698404547104,0.09542108131575787,0.12568790038784183,0.1084829324517655,0.8831427487725082
0.47647831800262813,0.4754270696452037,0.005724697756326087,0.08789178898834044,0.1254171971013468,0.10335375011820569,0.8834239303129605
0.4700424178154825,0.47017497348886533,0.005746390676336885,0.09787626195536664,0.12524695384208187,0.10988281626854808,0.8836187266493236
0.4687126345157433,0.46711837385412514,0.005750662633152852,0.0831969926573226,0.12501791929168196,0.09990749284941923,0.8838552432764446
0.4790061121445655,0.4791389848525113,0.005758502685759979,0.09927436733604134,0.12550570821506604,0.11085946785598992,0.8833419166886918
0.4750132205182443,0.4739555790586991,0.005741221060653971,0.07894442047265002,0.1249445570973542,0.09675535940020019,0.8839334766272732
0.4685932963842703,0.4679334916864608,0.005731888398135478,0.0835803122519185,0.12498806588319333,0.10017378154528611,0.8838946356849532
0.48212867355043687,0.48186391315859145,0.00574904398993983,0.09243052356824812,0.12540247063305945,0.10642112375918457,0.8834482376360332
0.4721415368365461,0.471481383681014,0.00573587619715095,0.09376107645184753,0.12556714425644863,0.10735791841513552,0.8832763952393751
0.4601372756071806,0.4582893347412883,0.005724447613147488,0.08245753715498938,0.12479867430103156,0.09930309205960137,0.8841012887709767
0.4729783037475345,0.4703484549638396,0.005723416793016531,0.07408338848444739,0.12454691973040596,0.09290483332431317,0.8843571014954283
0.4729122621564482,0.47106236786469347,0.005737872280690288,0.08413083987754559,0.12497404762531898,0.10056361393724411,0.883907055656527
0.4734484121755172,0.4723942548425352,0.005730793836949721,0.09140929852007695,0.1255404243106837,0.1057900602261136,0.8833030748123568
0.47707380796864796,0.47707380796864796,0.005708741617740665,0.09465776191814637,0.12549561056640735,0.10791688987277138,0.88334731747103
0.4717106134888035,0.4705180866569498,0.0057454830921390325,0.07686273391145595,0.12489092390631662,0.09516018649671776,0.8839880356459128
0.46762684989429176,0.4660412262156448,0.00573423477243057,0.08124251297750565,0.1249692129912742,0.09846979225390298,0.8839041558799416
0.46799524877920023,0.4669394219348027,0.0057315212905773485,0.08720274660202772,0.12516609750787308,0.10279123126455715,0.8837021378890487
0.46763925729442973,0.46763925729442973,0.005746095229701552,0.06988734469143554,0.12504151950744505,0.08966162923559329,0.8838282202705857
0.46693227091633466,0.4653386454183267,0.005748128519258491,0.07268913171996873,0.12473981376142923,0.0918530839651699,0.8841430795607476
0.47444869932655487,0.4732602667370923,0.005737386185910219,0.08422152353456855,0.12535050952406102,0.10075018821807577,0.883481460757959
0.47478491065519524,0.4746525479814692,0.005745052331990444,0.08547932434824945,0.12516449201981453,0.10158357738402327,0.8836975597802019
0.47930398101766414,0.47930398101766414,0.005735763388615527,0.1029535262774689,0.12546076335821502,0.1130982480806525,0.883395798462464
0.47067352049558453,0.47014630288651643,0.005730063768002686,0.0890504238486737,0.12516046501640046,0.10406186648922293,0.8837103972812098
0.48055555555555557,0.48095238095238096,0.005746372080807757,0.10316070005313496,0.12555455830439174,0.11326132084547004,0.8832893745680137
0.4643373177459609,0.4632864836463943,0.005715025417992534,0.08425675750342572,0.12531963489831935,0.10076541510271382,0.8835238039372945
0.47297297297297297,0.47363540010598837,0.0057471094537792375,0.10585901027077498,0.1260091726084373,0.11505853137527929,0.8828149409415875
0.4715005302226935,0.47030752916224816,0.0057464816703289845,0.08559387701809759,0.12509729638215747,0.10164225134851262,0.8837718982536281
0.47577786530129973,0.4753840094525404,0.005722042363339036,0.10113875724065297,0.1251746734622181,0.11188033226887646,0.8837035737932811
0.47344782034346106,0.47120211360634084,0.005737207143235582,0.08300530256561038,0.1250774358916068,0.09978809859279283,0.8837869792054243
