Majority Class Accuracy,Accuracy,Standard Error,Precision,Recall,F1 Score,Euclidean Distance
0.33597988619822683,0.3526531692470557,0.0054962654260259725,0.35090052094192226,0.3522329072079642,0.3515654516878266,0.724201566994173
0.3322818086225026,0.35541535226077814,0.0054874783333758925,0.3564119965302859,0.3580051500703112,0.35720679693041846,0.7178743821560474
0.3277969705022588,0.3671272920542121,0.005556283697836787,0.3656704347880755,0.3660338578291249,0.3658520560560842,0.7087550696372206
0.3388647438430133,0.34940076386145136,0.005471570503170815,0.34704918102892574,0.34814058790068864,0.347594027742648,0.7287501776651923
0.33044391909640136,0.362227475702653,0.005508294621151255,0.36063656716867293,0.360803010822827,0.3607197697956043,0.7146008815284268
0.3380021141649049,0.3587473572938689,0.005513385725927515,0.35618050525166195,0.3578377319335158,0.3570071953922195,0.7178956868435462
0.3359083644112946,0.3610815130527437,0.005543234127325097,0.35971464652915874,0.36052864661112083,0.3601211865893668,0.7149203742963227
0.32849412696317803,0.3468391183845849,0.0054679618581076,0.347269377257714,0.3467925634950017,0.3470308065931629,0.7303194354092267
0.3292299633315872,0.36170770036668415,0.005498645481358654,0.3633228069509071,0.36206500525806945,0.3626928156084309,0.7132210077055618
0.3317447709822611,0.3562351072279587,0.005509897412877065,0.3557245226643153,0.35734230019760654,0.3565315762564279,0.7186046099118442
0.32867501647989456,0.35201054713249835,0.0054838303912548,0.3537569885351964,0.3522700009764912,0.35301192885819926,0.7241416312218816
0.3232804232804233,0.3464285714285714,0.005472584586260307,0.34805574412457335,0.3488165871012763,0.3484357502699637,0.7281044006221047
0.33543970510795157,0.3432069510268562,0.005447532544249397,0.3439786643477889,0.3424558928323435,0.343215589548435,0.7351392090089872
0.329253849190683,0.33886037636531124,0.005429736638651085,0.3401985230393829,0.33952259846333505,0.33986022467674104,0.7384214215175183
0.3222748815165877,0.3516324381253291,0.005478512127103982,0.3514812593330577,0.3535832852482684,0.3525291388804085,0.7228130553651899
0.3332015289310663,0.3610122578094108,0.005514068990935353,0.36103448732811616,0.36110154536479094,0.3610680132329264,0.7143158823092187
0.33231828412551306,0.36078379451873427,0.00552570450874272,0.361644659079559,0.3606497814505893,0.361146535100243,0.7148247973106192
0.34824953935246117,0.3485127665175046,0.005466541582611162,0.34772367572492585,0.3466788911203163,0.34720049744131704,0.7304763542777836
0.33508887425938116,0.3545753785385122,0.005489251925189255,0.35307559975081637,0.3542392085353289,0.3536564470123951,0.7219724679716858
0.3322294343621672,0.34719830441118027,0.005479421658065078,0.3461805368891679,0.34763394487683724,0.3469057185778085,0.7293772128529071
0.33815719596388744,0.3548858204992034,0.005513247153227558,0.3558517677970206,0.35429405139962783,0.3550712011602056,0.7219488400343332
0.33179905312993163,0.3540241977906365,0.005484077007775663,0.3550828420013083,0.3543600555994679,0.3547210806099499,0.7218254343530462
0.335225772379192,0.35899128597834695,0.005512026155919289,0.35912365640213423,0.35912786547501,0.35912576092623916,0.7165200688633563
0.3328962894978366,0.3509899042874,0.005465075492112219,0.35094554602122413,0.35049555119923653,0.350720404267861,0.7261767491462379
0.32812293018942906,0.3485229831765797,0.005484291726292011,0.3468605957612875,0.34875159347818646,0.34780352431373845,0.7281455404436601
0.34385824673594456,0.3445243804956035,0.005485092697950127,0.34387109524460246,0.343403733480433,0.34363725545445833,0.7340345696249032
0.33157963961594106,0.34433776140996974,0.005449289948848244,0.34527545308531987,0.34452867084429184,0.3449016577314183,0.7327927336117898
0.3272631301134864,0.3452098178939034,0.005461542887838406,0.34746924813164376,0.3460789739220507,0.3467727175675921,0.7310988239750782
0.3278601694915254,0.344676906779661,0.005468935973986319,0.3455772096872593,0.3457396120499256,0.3456583917930206,0.7315143715009553
0.3310675729708117,0.35039317606290815,0.0055078947885914865,0.3518947963503852,0.35083630489564316,0.3513647534445787,0.7257803260928164
