Majority Class Accuracy,Accuracy,Standard Error,Precision,Recall,F1 Score,Euclidean Distance
0.3793606579121899,0.377105716938586,0.005581897521727908,0.09346146353938856,0.08429714070082923,0.08864306935532007,0.9194516197513674
0.3813198509845663,0.37586482171367747,0.005586782774174178,0.06463123379745897,0.083654888159374,0.07292278688767265,0.9201009073754152
0.37422585320859136,0.3709316115430228,0.005545025883068082,0.04739471994359584,0.08354173457309018,0.06047875862087365,0.9202188139524577
0.35950303991541105,0.3597673803859371,0.005517554380671392,0.0505757006762908,0.08392609761295823,0.06311619986929826,0.9198300739766841
0.3673173305196518,0.3623054603007122,0.005520162961472088,0.06554165779035677,0.0835897284703861,0.07347359285745565,0.9201817968817527
0.38401790416008424,0.38270142180094785,0.005576801649160673,0.08212375462160719,0.08430314961626444,0.0831991823031134,0.9194406906228885
0.36990471148755955,0.3663313922710429,0.005542710426389326,0.046265842920772494,0.08321964793887653,0.05946963067291238,0.9205574106708622
0.3821546596166557,0.37924653007270326,0.005578480505084433,0.0897974412225085,0.08370221685086904,0.08664276323450455,0.9200523404990072
0.3854014598540146,0.38035832780358325,0.005592746632946801,0.06710176155305625,0.08335878457865807,0.07435200030781604,0.9204117056013044
0.3902374670184697,0.3861477572559367,0.005592089055346111,0.06186797823585214,0.08411797294056796,0.07129739371759014,0.9196271322887406
0.3834497298721834,0.37936487020687837,0.00556999052960661,0.046389464158491205,0.08329986591157164,0.059592198402511246,0.9204694432866616
0.3771443652678807,0.37133808392715756,0.00555029442382481,0.047292168360399366,0.08343772875220214,0.06036799849019562,0.9203272112838327
0.37172359015091344,0.37013502779984114,0.005555399963789438,0.09208799685642656,0.08439408603059743,0.0880733296202282,0.9193459724075288
0.38147318487284226,0.37949663987350113,0.005570366365563115,0.049023340158248614,0.08390077529516243,0.061886381305687764,0.9198482900192985
0.3720899470899471,0.37037037037037035,0.0055539222891508476,0.05210574008151725,0.08417882916446089,0.06436825852079042,0.9195706061093025
0.38710526315789473,0.3856578947368421,0.005583409199112616,0.05378078984224066,0.08431596794447149,0.06567249550304857,0.9194302542039821
0.3729442970822281,0.3705570291777188,0.005561859951012967,0.0613545500527324,0.08418152901885889,0.07097786155366223,0.919561946301634
0.38380374571353204,0.3802426800316539,0.005575057790148222,0.13273306596142742,0.08365616260178889,0.10262931313569723,0.92011116843605
0.38599735799207396,0.3809775429326288,0.0055815516882700604,0.05512523409384353,0.08343799594900407,0.066389027703637,0.9203237182078015
0.3786394917946003,0.37744838538909475,0.0055766128257476125,0.08183760058997624,0.08390359558597682,0.08285772158104289,0.9198628083365182
0.3783390637397514,0.37423961914837345,0.005564941152918643,0.04824057009000369,0.08371535862483083,0.06120947599222103,0.9200353483574762
0.3798223518493968,0.37836404613548985,0.00558407109764264,0.05226051910887015,0.08486132037466393,0.06468548951425976,0.9188623653374702
0.38017731904194785,0.3743549027391822,0.005567126302430349,0.04830732162329445,0.08379764641910657,0.06128520246935168,0.9199512034309496
0.378739740534816,0.3745035742652899,0.005568675476430344,0.04753424246024105,0.08380551577950413,0.06066147463583508,0.9199416612733113
0.3677368002122579,0.3656142212788538,0.005547025889264704,0.04700517605458073,0.08389254336519962,0.06025137470732527,0.919853470176281
0.3650331125827815,0.36079470198675495,0.005526838611157431,0.04305099796420996,0.08283899430068321,0.05665742464248995,0.9209493829559233
0.38486140724946694,0.38232942430703626,0.005609845561120888,0.06131191586679868,0.08456348879221319,0.07108462900035349,0.9191741955300903
0.3705765407554672,0.3658051689860835,0.0055450650580701165,0.07739306187301391,0.08345832314657153,0.08031134038807478,0.9203130798555993
0.3719704952581665,0.3698630136986301,0.005540638788722046,0.06522189808110401,0.08406449516535526,0.07345406124002936,0.9196907593580467
0.3775764736773008,0.37258763292634894,0.00553985984427603,0.06771118409049444,0.0838307255274594,0.07491363548129687,0.9199263844356089
