Majority Class Accuracy,Accuracy,Standard Error,Precision,Recall,F1 Score,Euclidean Distance
0.47527109230362335,0.47513885215551444,0.005742673808999974,0.03211479028697572,0.050033395253045086,0.03911984142642093,0.9512797879186831
0.47605746209098165,0.4757914338919926,0.005759823898267391,0.038101907429638524,0.050125016732482944,0.043294238478509904,0.9511876693354588
0.4792108050847458,0.4792108050847458,0.0057486159140965375,0.02396054025423729,0.05,0.03239638349297288,0.9513148795220223
0.4748677248677249,0.47473544973544973,0.00574320051735358,0.04373924553275976,0.05003677186563882,0.046676553579790565,0.9512780885698747
0.4837816455696203,0.4837816455696203,0.0057384189576382616,0.024195462938538644,0.05,0.032610434628033064,0.9513143676485604
0.4851563530808814,0.4854202401372213,0.00574089147138126,0.042461680761099366,0.050130408329159624,0.04597847215265545,0.9511815068469749
0.48423423423423423,0.48423423423423423,0.005752254006611129,0.02421171171171171,0.05,0.032625189681335355,0.9513148795220223
0.48064558456895423,0.4807768009447579,0.00572325129469641,0.03770532007800069,0.050162696813967025,0.04305094404649596,0.95114777455234
0.4686922060766182,0.46829590488771466,0.005735182508743834,0.03770895902986343,0.05000410898326729,0.04299479974164342,0.9513115790013266
0.4664918032786885,0.4663606557377049,0.0057130095369710065,0.02332109129066107,0.049985943210570705,0.03180395313478222,0.9513293358389799
0.48291782086795937,0.4830497295871257,0.00573927529201898,0.049152262831508114,0.050039308176100625,0.04959181919177115,0.9512747015547036
0.47158116840300673,0.47158116840300673,0.005732536680353175,0.023579058420150338,0.05,0.03204588224751322,0.9513148795220223
0.47519134336236474,0.47519134336236474,0.005736638123879603,0.023759567168118237,0.05,0.03221218355845782,0.9513148795220223
0.4744612928970471,0.4744612928970471,0.0057590597911499975,0.03206869009584665,0.0500242381655012,0.03908282540252861,0.9512894649936185
0.48354868789130145,0.48354868789130145,0.005767685739686351,0.024180655475619504,0.05,0.0325969827586207,0.9513146228503748
0.4832479306267245,0.4832479306267245,0.0057280295893248415,0.024162396531336224,0.05,0.0325803879883072,0.9513148795220223
0.48667285505901076,0.48614242142951863,0.005755574404124348,0.03185181491822896,0.0500263853993418,0.038921988089322526,0.9512867868464785
0.47556316690818073,0.47529969700961666,0.005731785513565478,0.030923184147076555,0.04999670430051693,0.038212047087363435,0.9513180393601558
0.4738855183328937,0.47375362701134266,0.0057342806119654996,0.023693931398416888,0.049986084052323965,0.03214893045735255,0.95132895210661
0.4851288830138797,0.4851288830138797,0.00574610244501466,0.024256444150693984,0.05,0.032665776591010234,0.9513148795220223
0.4864722185561568,0.48673617526725615,0.005742070189501916,0.044339672477548865,0.050079744816586926,0.04703522954413746,0.9512331155181365
0.4847520551577831,0.48408910103420844,0.005754488676008937,0.029229952203929897,0.049956914268561615,0.036880818281479724,0.9513589796338717
0.4804246848042468,0.47976111479761113,0.005755357419077959,0.024013551215623756,0.04993093922651934,0.032430250291558264,0.951385198347235
0.47048770868936507,0.47048770868936507,0.00572275898299884,0.023527478306600052,0.05,0.031998211890925346,0.9513146447779572
0.47075135349267133,0.4703552092961838,0.005735500914135806,0.023530188928524244,0.04995792426367461,0.031992096281659776,0.95135792670469
0.47716535433070867,0.47703412073490814,0.005721816337786203,0.032197268190175994,0.05001046232185861,0.039173937965745254,0.9513038778927909
0.48377268512385746,0.48337528149423764,0.005751552616089187,0.02699766889449535,0.049985721317363674,0.03505945762754462,0.9513267742151293
0.47151354923992067,0.47151354923992067,0.005739308254168266,0.023575677461996035,0.05,0.032042759611929574,0.9513148795220223
0.4794538706256628,0.47932131495228,0.00575171595937185,0.023972421108459294,0.04998617638927288,0.03240433730621023,0.9513288557725892
0.475450835856259,0.4749243122285113,0.005729306984342472,0.031798203909138935,0.05004951443904933,0.0388889195155313,0.951262916003666
