Majority Class Accuracy,Accuracy,Standard Error,Precision,Recall,F1 Score,Euclidean Distance
0.46857218472939,0.40492258832870187,0.005646743020019483,0.1273340270784512,0.12790933057058018,0.1276210304744252,0.8807437236419318
0.47862014690451204,0.41749737670514164,0.005647865873324854,0.13537702723824444,0.1286145306249509,0.1319091637367502,0.8801424055321668
0.4626391096979332,0.41216216216216217,0.005665612696693212,0.1402744489911378,0.12852262618123686,0.13414164241858414,0.8802508785849954
0.4812367864693446,0.41900105708245244,0.0056715879187271695,0.12126352581128116,0.1256200064460736,0.12340332913098097,0.8831593550408278
0.4680570221752904,0.39585533262935585,0.005618478717267776,0.1409729080413675,0.12910687853700523,0.13477922465866385,0.879663030069503
0.4783584059118501,0.4221430456584851,0.005673651959588834,0.14708203014049645,0.12852097869242482,0.1371764883248061,0.8802712552390163
0.4715984147952444,0.41387054161162484,0.005660842770432871,0.128124031831002,0.12911151987317807,0.12861588044411282,0.8795619592765573
0.4745019920318725,0.4205843293492696,0.005688845954512153,0.15206898823041007,0.12809282871995295,0.13905497240878897,0.8806998571830083
0.4711051930758988,0.4070572569906791,0.005669100569569796,0.13468300748935513,0.13016367086337205,0.13238478025679173,0.8784592355550558
0.4714738510301109,0.41362916006339145,0.005659609329389328,0.11690556966671763,0.1255228701211114,0.12106106569470777,0.8832110970571755
0.4798146922567836,0.4260754467240238,0.005689229091326866,0.13619635795720686,0.12848944767778317,0.13223070098273362,0.8802060657924219
0.48028578989150567,0.41055834876951575,0.005658540265298021,0.12050884418432516,0.12531188415929187,0.1228634413733192,0.8834724876657994
0.4737601679349252,0.4216741012857518,0.005656402590320965,0.11996122646984608,0.12647412946845427,0.12313161502313381,0.8822011062354852
0.4750098905446393,0.41856784913622574,0.005665156694214081,0.11788025249680928,0.12524813615675057,0.12145255432059417,0.8835044902177122
0.48089591567852435,0.40764163372859025,0.005640409587390601,0.1101037560973276,0.12238970402426426,0.11592210906632912,0.8865262427456378
0.48057097541633625,0.394660322495374,0.0056192471665139,0.13347645058726523,0.12617465346881548,0.12972288302273643,0.8827493522652324
0.47741163964921607,0.41695455753388255,0.005683468510379747,0.12726799809395822,0.1260077273989425,0.12663472726589528,0.882789694616314
0.4800159872102318,0.42352784439115376,0.005703295467726045,0.1229792302656594,0.12762213884723067,0.1252576748151712,0.8809915487967769
0.47850663862232157,0.42171683975285923,0.00566205438356757,0.12497119452706526,0.12870130894503767,0.12680882709723426,0.8799178938232446
0.47470455450803345,0.411233567919267,0.005670083775805461,0.11511700088601283,0.12440086980254675,0.11957901093652766,0.88448022918509
0.46849821688020077,0.3933430194161934,0.005614107187285874,0.11828093340955229,0.12386771989994869,0.12100987826145429,0.8850569214945276
0.47463672391017175,0.4206076618229855,0.00567383920633443,0.12344118264861467,0.12634188753726988,0.12487469230042474,0.8824037877267981
0.4659287905054007,0.4165888785171356,0.0056929780702461765,0.12432281517359864,0.12680642514856,0.12555233899760385,0.8819275821214594
0.47648612945838836,0.4036988110964333,0.005639149820869627,0.12717600040853266,0.12462431585113506,0.1258872290474221,0.8842423965998469
0.4825333333333333,0.4209333333333333,0.005700859142529568,0.12586090093174787,0.12672150436948554,0.12628973651865044,0.8820391778917286
0.4704708699122107,0.4166001596169194,0.005685801690626741,0.1257225505894613,0.12894159676863012,0.12731172872980354,0.8796688998303752
0.466446499339498,0.41003963011889033,0.005652966299703348,0.14195583356657243,0.12998315042132513,0.13570593077224682,0.8788324254515613
0.4777263714474554,0.4117647058823529,0.005658425893461953,0.13810245355230422,0.12487788268689642,0.13115765414331748,0.8839601290915727
0.4771250497281528,0.425275162445299,0.005693122415640418,0.13362946614106763,0.12721277008042914,0.13034219303149158,0.881485991801493
0.46951786425820163,0.4146633018993226,0.005677825342380479,0.11608590844785673,0.12607521302947725,0.12087452806625526,0.882644665395684
