Majority Class Accuracy,Accuracy,Standard Error,Precision,Recall,F1 Score,Euclidean Distance
0.46851485148514854,0.4265346534653465,0.0056824998317432,0.05593971730940246,0.05121708902822806,0.053474335034254236,0.950080771080183
0.476033710824335,0.4144061100869107,0.0056529617513034255,0.0920107455488687,0.050144387391941506,0.06491249909273285,0.9511864063753085
0.4745155295991505,0.4287231218476241,0.005701629183302601,0.047355821236638604,0.051131761701217394,0.04917140809852363,0.9501672795229849
0.4751585623678647,0.3713002114164905,0.005553844215791162,0.05171892557170247,0.04990748966388581,0.05079706368493712,0.9514186113543851
0.48530380914722554,0.3859232898378806,0.005588905485982852,0.04523044073507788,0.0502854316393177,0.047624173429204095,0.9510168860989751
0.48276772745279284,0.4327215106298693,0.005693357063553927,0.05423967988056436,0.05071141059416754,0.052416238163466,0.9505959352155013
0.4826086956521739,0.4318840579710145,0.00568566394524174,0.04852553162884583,0.050907124448739474,0.04968780630064587,0.9504006701472434
0.4785202863961814,0.432113497745956,0.005704090736355346,0.04591799386154952,0.0508139429873811,0.048242067680700794,0.9504748822751937
0.47051079515534494,0.4228541337546077,0.005668205758384654,0.049269170626426016,0.050508942472145615,0.04988135428782934,0.9507946913780726
0.4812516503828888,0.384341167150779,0.005589408605928631,0.04908156630635653,0.052674094470563905,0.05081441249842795,0.94864978700074
0.4638955502264855,0.41673328004263255,0.00569060460130756,0.050385448017578695,0.0496297729346693,0.05000475568649552,0.9516917620283264
0.47723085022374306,0.43353514082653327,0.005685242512763674,0.046315887186659375,0.050810101985846366,0.048459016408870514,0.9504876167011564
0.4747782338143784,0.4104329405534225,0.00566015034967686,0.04227008145819701,0.048907498744019486,0.045347199415500944,0.9524146184582346
0.4762536481825418,0.4214645794640488,0.005687448158790863,0.048274758570076994,0.05021652675410421,0.04922650155905753,0.9511093897198867
0.4781980562122406,0.4393223010244287,0.005687767426573948,0.04773390469183221,0.05103083817916376,0.04932734283873403,0.950268605285267
0.46449821499405,0.42602142007140026,0.005686126409643292,0.043494105201319806,0.050422648729987765,0.04670280640226017,0.9508713512760317
0.4875444839857651,0.43811783313562674,0.005696171385168444,0.03957023678768988,0.0489288593300263,0.043754719186405944,0.9523741464379093
0.47404063205417607,0.42291860310715707,0.005692730284986544,0.03965858994352519,0.049257743403541214,0.0439400180742805,0.9520629623118397
0.48183732561200315,0.4340615951566202,0.005686049283803786,0.0398051594164026,0.04994950901208605,0.04430406136659611,0.9513350311769955
0.4827996824556761,0.43159566022757345,0.005697230404468074,0.04346198866356113,0.049689600817910386,0.04636762248430468,0.9516337787032486
0.47612194164595056,0.41449692529111604,0.005634992169878271,0.0498170565677052,0.05149870244345013,0.050643923469127806,0.9498121758894293
0.4736146012432218,0.4290437772781378,0.0056919698371047656,0.04445676921035745,0.05029630696304216,0.0471965956376408,0.9509959834010402
0.4841206298372031,0.36055511075527086,0.005546647211126536,0.04711726754034244,0.05043746356606623,0.04872086546589843,0.9508675632527068
0.47896698615548455,0.4355697550585729,0.005720792648045951,0.050418844990460496,0.05188470819096251,0.05114127473199906,0.9494011802431752
0.48463263421712177,0.4400474871388999,0.005701145479747715,0.04587383511391634,0.049482875042620854,0.04761005800098058,0.9518294256051668
0.48490865766481334,0.4248080487159121,0.005687406607473274,0.04214136991125423,0.0490373637902647,0.04532858931169523,0.9522714041881569
0.4769515255580505,0.4382512217672698,0.005702378136897127,0.050656359591270794,0.05114446760629634,0.05089924342442992,0.9501519312716381
0.4753250198991775,0.4173520827805784,0.005679712138716208,0.05577520749518335,0.0509102725492371,0.053231817748539835,0.9504003497815209
0.48202484800422946,0.4259846682527095,0.005684935766487645,0.0548143090296014,0.050401062772742714,0.05251512935648644,0.9508971573005677
0.4901154305426562,0.44566803768077484,0.005725210338308755,0.04293473556853317,0.05042711338404219,0.046380289227735315,0.9508735918566424
