Majority Class Accuracy,Accuracy,Precision,Recall,F Score,Support
0.6062326686914037,0.6062326686914037,0.36751804858870124,0.6062326686914037,0.45761495921773004,
0.5957559681697613,0.5957559681697613,0.3549251736098896,0.5957559681697613,0.44483640442462896,
0.6113252691745314,0.6113252691745314,0.37371858473131336,0.6113252691745314,0.4638648594181934,
0.5991616452711553,0.5991616452711553,0.3589946771640378,0.5991616452711553,0.44897859853706823,
0.6007858546168958,0.6007858546168958,0.3609436431077539,0.6007858546168958,0.45095806171292774,
0.6120893561103811,0.6120893561103811,0.3746533798636209,0.6120893561103811,0.4648047311317501,
0.6065337181842037,0.6065337181842037,0.367883151294355,0.6065337181842037,0.4579837287326376,
0.6078690256139424,0.6078690256139424,0.3695047523008438,0.6078690256139424,0.4596204621327954,
0.6182759994687209,0.6182759994687209,0.3822652115190458,0.6182759994687209,0.47243512434781615,
0.6011873350923482,0.6011873350923482,0.36142621187543944,0.6011873350923482,0.4514477524949874,
0.603299293008641,0.603299293008641,0.3639700369447261,0.603299293008641,0.4540263175214466,
0.6080382013529646,0.6080382013529646,0.3697104543045483,0.6080382013529646,0.45982794935279875,
0.5998681608437706,0.5998681608437706,0.3598418103940878,0.5998681608437706,0.4498393295161362,
0.6115184642047727,0.6115184642047727,0.37395483206336394,0.6115184642047727,0.4641024479330398,
0.6020921610169492,0.6020921610169492,0.36251497035805985,0.6020921610169492,0.45255195572263296,
0.604122621564482,0.604122621564482,0.3649641418859424,0.604122621564482,0.45503272253588334,
0.600525969756739,0.600525969756739,0.3606314403522718,0.600525969756739,0.4506411606768036,
0.5933236190223871,0.5933236190223871,0.3520329168898227,0.5933236190223871,0.44188501656156826,
0.6053710808307977,0.6053710808307977,0.3664741455062482,0.6053710808307977,0.4565600438206395,
0.6169793990289988,0.6169793990289988,0.38066357882618457,0.6169793990289988,0.47083293584911995,
0.6042592108701332,0.6042592108701332,0.36512919392139614,0.6042592108701332,0.455199747581133,
0.6062052505966588,0.6062052505966588,0.36748480585095783,0.6062052505966588,0.457581377864937,
0.6080760095011877,0.6080760095011877,0.3697564333308885,0.6080760095011877,0.45987432328597944,
0.5996837528001054,0.5996837528001054,0.35962060337241797,0.5996837528001054,0.4496146225689094,
0.6024746610504146,0.6024746610504146,0.36297571720781197,0.6024746610504146,0.45301897874613895,
0.6060245739199366,0.6060245739199366,0.3672657841948407,0.6060245739199366,0.4573601053916994,
0.5968211920529801,0.5968211920529801,0.3561955352835402,0.5968211920529801,0.4461307716308441,
0.6072847682119206,0.6072847682119206,0.3687947897022061,0.6072847682119206,0.4589041058511175,
0.604054231933658,0.604054231933658,0.36488151511696154,0.604054231933658,0.4549491006636397,
0.6115550897419101,0.6115550897419101,0.37399962778923573,0.6115550897419101,0.4641474935233292,
