Majority Class Accuracy,Accuracy,Standard Error,Precision,Recall,F1 Score,Euclidean Distance
0.28972332015810276,0.28326745718050067,0.005171970224746517,0.03006667778029474,0.05025779677945691,0.03762452204007639,0.9510509751434946
0.27642706131078226,0.2731236786469345,0.005121761788417788,0.027837661527623132,0.0510901526335852,0.036038762545823805,0.9502040344846323
0.29119727534713125,0.28582656536547024,0.005171030070564249,0.031719921163221323,0.05061389804222981,0.03899901331326939,0.9506917599971275
0.2897749703908409,0.28674825634951967,0.005187923836633096,0.03250941693729278,0.05127064927201167,0.039789391182038114,0.950025493324128
0.2880816651199788,0.27880153784966194,0.005163009505507489,0.032689025191676366,0.05056603323185024,0.039708201890877474,0.9507399203883868
0.28248512888301386,0.2479841374752148,0.004965019806962295,0.02987307446564238,0.04956237372215304,0.037277576061397574,0.951763163399977
0.2925215089344805,0.2866975512905361,0.0052027339116531915,0.08389831814235901,0.05094774743021844,0.06339718262282436,0.9503514555078715
0.28412108337758896,0.2776155071694105,0.0051600143849668155,0.028400771386842615,0.05002585172631398,0.03623189988076345,0.9512854111710801
0.28283227848101267,0.2776898734177215,0.0051427180044180554,0.03758655909189849,0.051124405493893854,0.04332250240106569,0.9501734131167102
0.2898936170212766,0.28284574468085105,0.005193644200304813,0.0469911284526877,0.05057889591528675,0.04871904891581615,0.9507243221571924
0.2935973597359736,0.2873927392739274,0.005199621117023954,0.03194922540816917,0.05067653832823678,0.03919058832835153,0.9506268604065758
0.28799786865592114,0.28093779139469827,0.005187464123862612,0.032357449854346486,0.05206147715931375,0.039909927693184494,0.9492244099939251
0.282472613458529,0.2746478873239437,0.0050970808141865085,0.053501076090253674,0.05045839856007939,0.05193521090473315,0.9508490130066362
0.29068076668869797,0.28407138136153337,0.005184944798628302,0.03286932401137396,0.05093813557816527,0.0399559201783273,0.9503632753758853
0.28682991396426205,0.2802117802779616,0.005166879433494358,0.03143754098321329,0.05115714928354581,0.03894330185128346,0.9501396316462468
0.28761473992284153,0.28189437275508844,0.005189375452020011,0.03241828913897145,0.05133769493804587,0.039741166116548834,0.9499530769195306
0.2988490541076862,0.2919698372800635,0.005229530508281231,0.0526330433385907,0.05126939780437837,0.05194227213330291,0.9500253687532815
0.2896752046474782,0.28426194877211514,0.005182911192099544,0.03392681837964251,0.05040732592943144,0.0405567686924941,0.9508957117189542
0.2876949740034662,0.2823623516864418,0.005197522997111072,0.030968972683855085,0.051355953626281425,0.03863814269360142,0.9499360258827665
0.2930300611864858,0.2849162011173184,0.005205780846740247,0.028846608307815203,0.04990889002801789,0.03656131272452386,0.9514059720171281
0.28107532605802504,0.27295714665956883,0.005139154146643641,0.02724437605799539,0.0499967527628648,0.035269560524139924,0.9513133341581623
0.28438075203786484,0.27899027083881145,0.00514264956475723,0.034212695498398366,0.051116379124149416,0.040990228048086476,0.9501823870206808
0.29069767441860467,0.28343023255813954,0.00518038175786926,0.052865823412115355,0.05029968144223843,0.0515508372796726,0.9510073393494031
0.288334652942729,0.28186856690419637,0.005168303292181589,0.04092742578880541,0.050530716525223285,0.04522488863900784,0.9507768445217337
0.2816585237026278,0.27532021655882744,0.005132844952646958,0.03331527373478431,0.049993565808941334,0.039984936509135996,0.9513204534398079
0.2895325872284398,0.2822909809084924,0.005164863095706876,0.028821867569588554,0.05063445234253833,0.036734132199660235,0.9506677697916053
0.2812997347480106,0.2693633952254642,0.005108981488374274,0.029178298109036226,0.049744625685792826,0.03678179793125155,0.9515724774635644
0.2917221187117381,0.27269097684322596,0.005137588028650323,0.027739699322763427,0.05089816847650861,0.0359089056997747,0.950400682906908
0.29208311415044713,0.28511309836927934,0.005177334209771197,0.043991525396719154,0.05055925281689372,0.04704728393263081,0.9507448015573314
0.29146793852676206,0.28643349231584525,0.005203711156793565,0.039153138313355026,0.050970925242787554,0.04428721047952617,0.9503262722216811
