Majority Class Accuracy,Accuracy,Standard Error,Precision,Recall,F1 Score,Euclidean Distance
0.880031779661017,0.8761917372881356,0.003790036572919106,0.3276296387318752,0.3337485958022665,0.33066081150066196,0.7446087529037515
0.8753136970017171,0.8717474574032492,0.0038428347868225896,0.3310482674620154,0.33376113958530157,0.3323991683469001,0.7447353335603782
0.8822038420490929,0.8786019210245464,0.0037721346988545423,0.33339643178268896,0.3339282518774516,0.33366212991477623,0.7443750557657145
0.8838397066526977,0.8783394447354635,0.003740874430969929,0.32174467466923495,0.33313500508225746,0.3273407837964928,0.7458407596977081
0.8794973544973544,0.8771164021164021,0.0037758495181833755,0.36212738451754484,0.3357955109703134,0.3484647112355053,0.7418338252268287
0.8739718758291324,0.8705226850623508,0.0038668633255564606,0.3257608472608886,0.33337659304261585,0.32952472357359913,0.7454719839088698
0.8794701986754967,0.8754966887417218,0.003799655556783931,0.31218931011318557,0.3327784323413528,0.3221552408739796,0.7459288526035628
0.8744537147397695,0.8719374917229507,0.0038454878431136534,0.3081175012175145,0.33282046224002565,0.31999293231519826,0.7459528902198518
0.8787518180616157,0.8739918021948963,0.0038159794694486954,0.32196049394142734,0.33341044738689934,0.3275854498777384,0.7450740097661387
0.8797291915571486,0.8764104606398513,0.003791932949295745,0.3235919191919192,0.33349235159228763,0.3284675494020924,0.745039730673765
0.8820822926252136,0.8787958459313789,0.0037419333001202874,0.3078590696515225,0.33255376153313754,0.31973029473916115,0.7462948071358003
0.8788160339792939,0.8744358906291478,0.0038175430183832776,0.4906819407482395,0.3347115942041145,0.39796031269979043,0.7438424775362006
0.8770610737369741,0.8723123598469859,0.0038330739238545707,0.3310843968457277,0.33383412361777115,0.33245357457471914,0.7449872213759429
0.8759278897136797,0.8732767762460233,0.0038300392251232975,0.2919048252027117,0.33232445520581116,0.3108060292972897,0.746546262955356
0.8782390269698572,0.8742728714965626,0.0038120820489707906,0.2925847270153084,0.33182798936223595,0.3109731725094637,0.7473440104939358
0.8707761351636748,0.8656282998944034,0.00391831770163163,0.3115263300698668,0.3326817448216212,0.3217566717491916,0.7459968341193368
0.8777177493740941,0.8729740413756754,0.0038225627995567336,0.3008224047335188,0.33199379226566855,0.3156403752607709,0.7469101732851621
0.8748016922263353,0.8720253833950291,0.003841056733636318,0.3454522353371136,0.33451485615669324,0.3398955810021145,0.743937331979968
0.880466472303207,0.8741054863503843,0.0038188000961995846,0.31776811664602206,0.3327820763435186,0.3251018439246941,0.7457314339659952
0.8764311093564943,0.8698512962231872,0.003859794729635092,0.29874547221486,0.3312850672154757,0.3141749729545049,0.7479835967717247
0.8724523339907956,0.8704799474030244,0.0038503329188649357,0.3514703883999584,0.33433383350975787,0.3426880108486448,0.7442543548084463
0.8855774348057477,0.8806546035125067,0.003739488955856949,0.3236681113210182,0.3334445502414252,0.32848360447144614,0.7448402136419673
0.8737260092653871,0.8667107875579086,0.0039103656354446915,0.32071107898141893,0.3332609635138674,0.3268656035603848,0.7452246207944268
0.871869617066384,0.8688220484960911,0.00388605250524985,0.30719223610741825,0.3325903411009794,0.3193871612957634,0.7463827688641919
0.8758384848086281,0.8725503090885177,0.003824477730225378,0.3461007603770327,0.33485847185802137,0.3403868139017983,0.7435715137946556
0.8764504219409283,0.8686708860759493,0.0038784569743786418,0.3602422692678284,0.3333415219095346,0.3462702209059395,0.7455108382879425
0.877439915017926,0.8742530872394104,0.003820682324326276,0.3330045384474413,0.3340074975906917,0.33350526396442526,0.7442911099264367
0.8755899318300996,0.8703460933403251,0.003846214081648595,0.3265318465734143,0.3336127406721807,0.3300343178049186,0.7452813753473188
0.8797309771858104,0.8759066332586047,0.003786017903675294,0.3033018931032176,0.33234012459427925,0.3171577275798489,0.7464429294449574
0.8841800473808897,0.8812845485654119,0.00371075308717463,0.3092189378105453,0.33273062363260086,0.32054421778999925,0.7459177813018703
