Majority Class Accuracy,Accuracy,Standard Error,Precision,Recall,F1 Score,Euclidean Distance
0.6003680820297095,0.6003680820297095,0.005616065615229921,0.05003067350247579,0.08333333333333333,0.0625239581622036,0.9204467514322716
0.5991328340559716,0.5988700564971752,0.005618080782753648,0.04991895562272747,0.083296783625731,0.062426383981154285,0.9204854976494296
0.5959150981177412,0.5959150981177412,0.005669680784369127,0.04965959150981177,0.08333333333333333,0.06223337515683815,0.9204467514322716
0.5997109826589595,0.5997109826589595,0.005615758829663714,0.04997591522157996,0.08333333333333333,0.062481180367359224,0.9204467514322716
0.5986635220125787,0.5986635220125787,0.005610822564576665,0.049888626834381555,0.08333333333333333,0.06241291697401854,0.9204467514322716
0.6057120190400634,0.6057120190400634,0.005619437105939278,0.050476001586671954,0.08333333333333333,0.06287055335968379,0.9204467514322716
0.6100929614873838,0.6100929614873838,0.005620579004344837,0.05084108012394865,0.08333333333333333,0.06315297481579236,0.9204467514322716
0.6153543822874361,0.6153543822874361,0.005568592166755384,0.05127953185728634,0.08333333333333333,0.06349013246823466,0.9204467514322716
0.613972530375066,0.613972530375066,0.005594718926151633,0.0511643775312555,0.08333333333333333,0.06340179472492703,0.9204467514322716
0.5995229260535383,0.5995229260535383,0.005640704213302114,0.049960243837794856,0.08333333333333333,0.062468931234465605,0.9204467514322716
0.6153846153846154,0.6153846153846154,0.005588312575068879,0.05128205128205129,0.08333333333333333,0.0634920634920635,0.9204467514322716
0.6069678103060008,0.6069678103060008,0.005621499514961001,0.0505806508588334,0.08333333333333333,0.06295166652927761,0.9204467514322716
0.6035643564356435,0.6035643564356435,0.005620265359955258,0.05029702970297029,0.08333333333333333,0.06273153865151888,0.9204467514322716
0.6041583896172692,0.6041583896172692,0.005627738284888216,0.05034653246810577,0.08333333333333333,0.06277002669308457,0.9204467514322716
0.6004228329809725,0.6004228329809725,0.005630388593663391,0.05003523608174771,0.08333333333333333,0.06252752091589607,0.9204467514322716
0.612463614712887,0.612463614712887,0.00560393313668045,0.05103863455940725,0.08333333333333333,0.0633051612373841,0.9204467514322716
0.6044786007685173,0.6044786007685173,0.005628443141617134,0.05037989221662691,0.08333333333333333,0.06279594758286533,0.9204454045430543
0.6005280528052805,0.6005280528052805,0.005627538495474144,0.050044004400440045,0.08333333333333333,0.06253436709556802,0.9204467514322716
0.608770307753269,0.608770307753269,0.0056087490874185755,0.06464896820151281,0.08338880381075159,0.07283276494429873,0.9203846352050381
0.6046481092436975,0.6046481092436975,0.005602473254669839,0.05038734243697479,0.08333333333333333,0.06280173471892644,0.9204467514322716
0.6042632066728453,0.6042632066728453,0.005626736120672405,0.05035526722273711,0.08333333333333333,0.06277681494319277,0.9204467514322716
0.6093687971417229,0.6093687971417229,0.0056124031604456925,0.09244981248621222,0.083386279971083,0.0876844547614329,0.9203926483244409
0.6069776661821065,0.6069776661821065,0.005614784648794327,0.0505814721818422,0.08333333333333333,0.06295230263157894,0.9204467514322716
0.6059276980329612,0.6059276980329612,0.005633443781056297,0.0504939748360801,0.08333333333333333,0.06288449336533421,0.9204467514322716
0.6162483487450462,0.6162483487450462,0.005589269789391666,0.051354029062087185,0.08333333333333333,0.06354720065386187,0.9204467514322716
0.6175850250461377,0.6175850250461377,0.0055796814391520155,0.051465418753844805,0.08333333333333333,0.06363241246298862,0.9204467514322716
0.6142612814103408,0.6142612814103408,0.005583259597633809,0.0511884401175284,0.08333333333333333,0.06342026623200217,0.9204467514322716
0.60173564753004,0.60173564753004,0.0056564985374190834,0.05014463729417001,0.08333333333333333,0.0626128754410825,0.9204467514322716
0.6075949367088608,0.6075949367088608,0.00563636391779366,0.05063291139240506,0.08333333333333333,0.06299212598425197,0.9204467514322716
0.6087591240875913,0.6087591240875913,0.005622160307206975,0.05072992700729927,0.08333333333333333,0.06306715063520871,0.9204467514322716
