Majority Class Accuracy,Accuracy,Standard Error,Precision,Recall,F1 Score,Euclidean Distance
0.04808454425363276,0.05746367239101717,0.0026748399314163594,0.05402552442693259,0.05743448087066431,0.05567787191363371,0.9438702551742226
0.050892267019167214,0.05908790482485129,0.002710936561915656,0.060198335143714074,0.05992245983245266,0.060060080693695776,0.941380797136702
0.04958239427283574,0.05369216492111892,0.002595372041097735,0.05028513895159713,0.05268588734048448,0.05145752666754152,0.9486239695918117
0.050578996406229204,0.0493810728071343,0.002499636136319814,0.046988099032352224,0.0507000088993763,0.04877353220455356,0.9506156309057089
0.0486766857294853,0.05572549541162389,0.0026454286862939475,0.054594966498923,0.054771977884247314,0.05468332894432379,0.946534571186477
0.05368684870069912,0.06212900672734468,0.00277239756650712,0.056846121856410955,0.06154472815639804,0.05910218764405813,0.9397531154877239
0.050979872881355935,0.05733580508474576,0.0026752259760213473,0.0541685434684438,0.05712052830836293,0.05560538462963203,0.9441837809662104
0.05283217242738862,0.06006045472466816,0.002723832997507215,0.05480953420526404,0.05958650565491721,0.057098281091846344,0.9417149786957779
0.05045689312673818,0.05959475566150179,0.0027243274593619173,0.05376060075123131,0.05911907464903181,0.05631265252524692,0.9421825228177902
0.04813046937151949,0.05900291699814373,0.0027132362825381027,0.056110956521366606,0.05873645160693984,0.057393693702767146,0.942565418593115
0.04898715742089236,0.05799020256851582,0.0026893373311333304,0.053866078501402556,0.05758314090932193,0.05566262383853688,0.9437196695965614
0.045339715463369235,0.05571067677170589,0.002644745960333574,0.05422715153504278,0.05525340635341425,0.05473546896256353,0.9460538112893898
0.05281922619833619,0.0547999471807738,0.002615278600132877,0.05084768756719961,0.05366838044547913,0.052219971398049264,0.9476399307640493
0.051008303677342826,0.05812574139976275,0.002686245336715798,0.0570388299218262,0.05884930108755911,0.05792992339275505,0.9424546332552006
0.05105820105820106,0.05740740740740741,0.0026753775627864733,0.05592940445605651,0.05766338045220328,0.056783158018696156,0.943641415347123
0.04954419342053112,0.06288809618179415,0.002790362960483531,0.06299766391584624,0.06396352518114103,0.06347692063841752,0.9373334022511066
0.048983364140480594,0.059941906522313175,0.0027275955426929676,0.05783796353559395,0.05986982171371048,0.05883635577419141,0.9414311020839679
0.0469718960284998,0.056075999472225885,0.0026427195186157527,0.050621375854443165,0.05565104642777802,0.05301718879489414,0.945655149247746
0.051227321237993596,0.056963713980789754,0.002677001173239206,0.0532003913356837,0.056029711761856296,0.05457840847215032,0.9452747851127682
0.04814668249571297,0.05302730510486743,0.0025736842109922746,0.05087567197434486,0.052806642326800234,0.05182317603910144,0.9485033144769178
0.051866666666666665,0.06346666666666667,0.0028151648593262146,0.05920068152776072,0.06337652793624773,0.061217475305483895,0.9379199055554747
0.049934123847167326,0.05889328063241107,0.0027022866940146517,0.05601073017575231,0.05785913244909994,0.05691992913851743,0.9434443827262873
0.04998684556695607,0.06129965798474086,0.0027512406595016285,0.05650467166214892,0.06072487665096297,0.05853881152425081,0.9405732596865125
0.050206418963909975,0.05446797176721268,0.0026188924997017056,0.04956936661109864,0.054082798253990205,0.05172781596014816,0.9472261385355246
0.04921493600738884,0.06108985354268373,0.0027510000901162577,0.05837965467274606,0.06092306674544094,0.0596242492363013,0.9403759727317459
0.050569234842467566,0.05440826052422557,0.0026097311252937386,0.052954136042889156,0.05468762937027509,0.05380692437403082,0.9466196699868678
0.050006579813133306,0.05592841163310962,0.002635970128610048,0.05150428656359154,0.055850475379660466,0.0535894046355837,0.94545676134482
0.045358370801375295,0.06175614916688707,0.0027680863302337803,0.060810725397931975,0.060974028221588296,0.06089226732227742,0.9403251876593863
0.051901743264659274,0.05718436344426836,0.002668374189725815,0.05126264671192848,0.057495992200461,0.054200691825470576,0.943808901812929
0.04768824306472919,0.05904887714663144,0.002709202168098434,0.05489021583459551,0.05918213746837682,0.056955435828766415,0.9421202237189349
