Majority Class Accuracy,Accuracy,Precision,Recall,F Score,Support
0.8782287822878229,0.8748023194517659,0.7821092573860102,0.8748023194517659,0.8208970341080517,
0.8751491053677932,0.8713055003313452,0.7686568246578427,0.8713055003313452,0.8152085454003773,
0.8717814664749706,0.8670761991896484,0.7715162327003852,0.8670761991896484,0.8112444289350601,
0.8779262002380638,0.875281047480492,0.7808015543674026,0.875281047480492,0.820334400803449,
0.8760840998685939,0.7601839684625493,0.7736320901604015,0.7601839684625493,0.7662375557178879,
0.8841673285676462,0.8796664019062749,0.7879087381712842,0.8796664019062749,0.8283453525778577,
0.8796493092454836,0.8746014877789585,0.7800642012737251,0.8746014877789585,0.8215903474823087,
0.8845133916732962,0.881198621055423,0.7908023256586062,0.881198621055423,0.8295650419562564,
0.8862124035134415,0.8846153846153846,0.802932977726709,0.8846153846153846,0.8330740307891744,
0.872145512480085,0.8668348380244291,0.766430510160752,0.8668348380244291,0.8106550119722695,
0.8692681644987518,0.8659834450137959,0.7684485566823271,0.8659834450137959,0.808154937010094,
0.8743545611015491,0.8705150271415332,0.771935485701757,0.8705150271415332,0.8147286137698402,
0.8777321499536362,0.8720360312624189,0.7805246867473895,0.8720360312624189,0.8188792020137813,
0.8762258150013252,0.8669493771534588,0.7759091492405387,0.8669493771534588,0.8158690284223148,
0.8732899455438969,0.8697038119272148,0.7662406629518937,0.8697038119272148,0.8127952673976554,
0.880541544996018,0.8761614016458721,0.7774797915415362,0.8761614016458721,0.82272169878678,
0.8767411300919842,0.8713534822601839,0.780129269562219,0.8713534822601839,0.81828146112563,
0.8832715722604553,0.8781101111699312,0.7898995905685957,0.8781101111699312,0.8271464336666532,
0.8761892177589852,0.8710359408033826,0.7793914684050295,0.8710359408033826,0.8176200084475236,
0.8810566839240674,0.8756139652197,0.7801709575597575,0.8756139652197,0.8234555208910034,
0.8789355816098011,0.875773942827032,0.775775829233882,0.875773942827032,0.8210871700848116,
0.8768375049662296,0.8703482982386439,0.775014164669287,0.8703482982386439,0.8170009665402008,
0.8768173407348665,0.8741739360296061,0.7784171908881627,0.8741739360296061,0.8188021449931602,
0.8754786742374224,0.8715172322725472,0.7829594911756537,0.8715172322725472,0.8165963039578209,
0.874785817846316,0.8710952945828391,0.7681196959755904,0.8710952945828391,0.8148782660530413,
0.8774856532763913,0.8722807954090485,0.7789765764484308,0.8722807954090485,0.8189427544637017,
0.8675049636002647,0.8643282594308405,0.7718426850522687,0.8643282594308405,0.8057186297353924,
0.8892396737700605,0.8856879768481979,0.7934670326440196,0.8856879768481979,0.8356355422244084,
0.8788680243321872,0.8741073790002645,0.7811529852511911,0.8741073790002645,0.8209099943146305,
0.8812755303729082,0.8765318223744893,0.7841540391188803,0.8765318223744893,0.8244726251888821,
