Majority Class Accuracy,Accuracy,Standard Error,Precision,Recall,F1 Score,Euclidean Distance
0.045224119530416225,0.05429562433297759,0.0026172507080610406,0.05036992143719089,0.054004584535063585,0.05212396753288376,0.9473038094232991
0.051692226335272345,0.05103120042305658,0.00253027718215096,0.04778963838731185,0.05086743136240881,0.04928052610254636,0.9504462773845295
0.045611243701935825,0.04866083267037921,0.0024775030210006134,0.05320931368125462,0.04897422861143112,0.05100400776906012,0.9523418505790736
0.04923399240539479,0.05551918292523242,0.0026203343405211813,0.05465314775619803,0.05510038340671815,0.05487585435917222,0.94620724119219
0.050144394854292465,0.05907062221055395,0.0027011195281701848,0.05836155059613951,0.057178771834826905,0.0577641072008813,0.9441246014322253
0.04647775423728814,0.04925847457627119,0.002490237220963047,0.046707624275226636,0.049363074654647524,0.04799865036315,0.9519524839080358
0.05123814541622761,0.053609062170706004,0.0025850937145791056,0.051539246301018304,0.0532095861475241,0.05236109848536372,0.9481004031117397
0.04796225920587079,0.05883894640283056,0.0026938517433555214,0.05961408979134876,0.058083906975085066,0.058839051487281906,0.9432196234375061
0.04954419342053112,0.05760338221693751,0.002678067991434656,0.05883384019427906,0.05659106495048505,0.05769066333726046,0.9447143680998424
0.05083191405738242,0.05319009563736408,0.002568615805491989,0.052427664032258604,0.05321939703698516,0.05282056385886002,0.9480910301859629
0.05101096867979384,0.05563631558081142,0.0026350384266957184,0.05273533666620263,0.05621701426918789,0.05442054528244888,0.9450898000830124
0.04951929408665876,0.051494797840115895,0.0025362662196280225,0.050230600393444055,0.05167276248847186,0.05094147652009217,0.949639988517984
0.04947229551451187,0.056860158311345645,0.002659852018126518,0.05682997461444508,0.05595916337084398,0.05639120735589684,0.9453470028284865
0.050285259387024016,0.04763168369377736,0.002453302934862461,0.046215144595996904,0.04642013944210943,0.04631741520004263,0.9548991246489789
0.0488031914893617,0.05638297872340425,0.002659885676676615,0.057298541705202766,0.05603594485708696,0.056660210334469815,0.9452706449949393
0.05106666666666667,0.0544,0.002618921915598096,0.0545020346910135,0.05447944120431016,0.054490735605678305,0.946828972325312
0.051173832761804275,0.053811659192825115,0.0025914038376157523,0.053028703973136894,0.05353172201535243,0.05327902574696948,0.9477784893967338
0.05223485850304152,0.05421846072467601,0.0026040581121252676,0.05419843523452218,0.05401850036310023,0.054108318207817085,0.9472908305782175
0.054281949934123844,0.055731225296442685,0.0026331537727526983,0.057870919148976255,0.05530979695026195,0.056561380732887,0.9459983311127526
0.053474520185307746,0.05175380542686962,0.0025486750311463397,0.051028132220620116,0.052203813375195904,0.051609278038019256,0.9491082028132283
0.04883227176220807,0.052547770700636945,0.002570309161284823,0.053442789515501535,0.05234119817978946,0.05288625808603661,0.948970858066852
0.04998684556695607,0.05498553012365167,0.002614444968663328,0.05466117592596428,0.054787761605171494,0.05472439556278245,0.9465206657947624
0.05011268725971099,0.05355959167440011,0.002592347466484924,0.05867272465116045,0.05446687954533358,0.056491628176834466,0.9468423372116862
0.04426877470355731,0.05533596837944664,0.0026243488177302076,0.054234916300809156,0.0546167526111617,0.0544251647420097,0.9466914717530479
0.05088348611664674,0.05035206589610735,0.0025204553184104026,0.050156090629537776,0.04979680437588617,0.04997580176547717,0.9515183023733155
0.05202312138728324,0.051497635312664214,0.002533164906649613,0.04987292005542592,0.05154457353502585,0.05069496995428392,0.949768244612635
0.05209840810419682,0.0498618602815419,0.0024965613812875163,0.046938154564761844,0.04965571769923594,0.048258708296129195,0.9516596508129619
0.05491868834977339,0.05531858171154359,0.0026393055743544167,0.05556003212162105,0.055561683692328855,0.05556085789470154,0.9457466088668404
0.053000264340470525,0.0556436690457309,0.002635376439858158,0.052440703163265955,0.05560573292162484,0.05397686106051113,0.9457015057848096
0.05015217678973138,0.0580918353844118,0.0026908353138991414,0.058295007789677576,0.0576397323183032,0.057965518210690514,0.9436639408213181
