Majority Class Accuracy,Accuracy,Standard Error,Precision,Recall,F1 Score,Euclidean Distance
0.8785874884274567,0.8785874884274567,0.0037560780634177905,0.29286249614248555,0.3333333333333333,0.3117901060734065,0.7453559924999299
0.87493424513414,0.87493424513414,0.0037934630473827713,0.29164474837804666,0.3333333333333333,0.3110986416029553,0.7453559924999299
0.8739462592202318,0.8739462592202318,0.0038092733061667,0.2913154197400773,0.3333333333333333,0.31091117827604786,0.7453559924999299
0.8798051606108478,0.8798051606108478,0.0037311583876617816,0.2932683868702826,0.3333333333333333,0.3120199827252142,0.7453559924999299
0.8751315789473684,0.8751315789473684,0.0037918940288263927,0.2917105263157895,0.3333333333333333,0.3111360606273244,0.7453559924999299
0.8663030464280963,0.8663030464280963,0.0039253049453676124,0.28876768214269877,0.3333333333333333,0.3094542257704279,0.7453559924999299
0.8799629433562731,0.8799629433562731,0.0037389003132844217,0.2933209811187577,0.3333333333333333,0.3120497477414056,0.7453559924999299
0.8805555555555555,0.8805555555555555,0.003729928101492295,0.2935185185185185,0.3333333333333333,0.31216149679960614,0.7453559924999299
0.8822591362126246,0.8822591362126246,0.0037154244854712914,0.29408637873754156,0.3333333333333333,0.31248234961875176,0.7453559924999299
0.8797291915571486,0.8797291915571486,0.0037477501738915225,0.29324306385238286,0.3333333333333333,0.31200564971751416,0.7453559924999299
0.8821656050955414,0.8821656050955414,0.0037139893461502057,0.2940552016985138,0.3333333333333333,0.31246474901297233,0.7453559924999299
0.8715268589573961,0.8715268589573961,0.003848957496814578,0.2905089529857987,0.3333333333333333,0.31045127842582776,0.7453559924999299
0.8765935076882639,0.8765935076882639,0.003770546811484536,0.292197835896088,0.3333333333333333,0.3114130307911385,0.7453559924999299
0.8785752118644068,0.8785752118644068,0.0037584792723811713,0.2928584039548023,0.3333333333333333,0.3117877869410963,0.7453559924999299
0.8812250332889481,0.8812250332889481,0.0037332399367410543,0.2937416777629827,0.3333333333333333,0.3122876557191393,0.7453559924999299
0.877936130905252,0.877936130905252,0.0037605184752207603,0.29264537696841736,0.3333333333333333,0.31166701801232055,0.7453559924999299
0.8711010397227406,0.8711010397227406,0.003868748012718139,0.2903670132409135,0.3333333333333333,0.310370212058607,0.7453559924999299
0.878183250196902,0.878183250196902,0.0037473615338719465,0.292727750065634,0.3333333333333333,0.311713726586525,0.7453559924999299
0.8783980904389338,0.8783980904389338,0.0037635823099491125,0.2927993634796446,0.3333333333333333,0.3117543240381221,0.7453559924999299
0.8829126470199551,0.8829126470199551,0.0036961704945955138,0.2943042156733184,0.3333333333333333,0.3126052779337451,0.7453559924999299
0.8811972573839663,0.8811972573839663,0.0037153577623259527,0.29373241912798875,0.3333333333333333,0.3122824233078666,0.7453559924999299
0.8823683521089861,0.8823683521089861,0.0036873212323813107,0.2941227840363287,0.3333333333333333,0.31250289955926697,0.7453559924999299
0.8765139547130069,0.8765139547130069,0.0037748168110693296,0.29217131823766895,0.3333333333333333,0.3113979701604228,0.7453559924999299
0.8735814198997097,0.8735814198997097,0.0038175070507557906,0.2911938066332366,0.3333333333333333,0.3108419026153918,0.7453559924999299
0.8762995130938281,0.8762995130938281,0.0037768850522836876,0.29209983769794273,0.3333333333333333,0.311357366624585,0.7453559924999299
0.8783425999470479,0.8783425999470479,0.0037610815361531686,0.292780866649016,0.3333333333333333,0.3117438391242042,0.7453559924999299
0.8692094496502574,0.8692094496502574,0.0038734839390629264,0.28973648321675244,0.3333333333333333,0.31000964955635574,0.7453559924999299
0.8696052631578948,0.8696052631578948,0.003862640722116892,0.2898684210526316,0.3333333333333333,0.3100851572946724,0.7453559924999299
0.8756771039767473,0.8756771039767473,0.0037925237026064994,0.2918923679922491,0.3333333333333333,0.31123946373647016,0.7453559924999299
0.8708184582837498,0.8708184582837498,0.00385671009355696,0.2902728194279166,0.3333333333333333,0.31031639456263105,0.7453559924999299
