Majority Class Accuracy,Accuracy,Standard Error,Precision,Recall,F1 Score,Euclidean Distance
0.08598599920750231,0.08717474574032492,0.0032419965248035886,0.08705944466630888,0.08642794715208914,0.08674254657752055,0.9173370645867789
0.08945014469876349,0.08760852407261246,0.0032426483865189448,0.08555247875433365,0.08656815735928487,0.08605732131263073,0.9171981214108648
0.08088723602071989,0.08752822419976092,0.003256980287954059,0.08843154239278393,0.08843883311262203,0.08843518760243871,0.915319901907301
0.08309153257715643,0.08770772883144289,0.003248583546508925,0.08735672135957384,0.08834594295526536,0.08784854745472542,0.9154130431086104
0.0841813135985199,0.08457777190432139,0.003198725554083661,0.0840179406142869,0.0853514145698017,0.08467942825757023,0.918422203923393
0.08412322274881516,0.09320695102685624,0.0033356906219906422,0.09125612611045453,0.09323112024453463,0.09223305171007146,0.9105081172645239
0.0827266710787558,0.08682991396426208,0.0032396141644507174,0.08553576673477097,0.08613797856711869,0.08583581640588422,0.9176288431949003
0.08232826428945988,0.0896696381751442,0.0032712736872751247,0.0875620825094285,0.09070347098789967,0.08910509803738456,0.9130483708108718
0.08594888094292147,0.08382995629717918,0.0031892269726181937,0.0841441539129225,0.08500619992690388,0.08457298028445441,0.9187660723195983
0.08360720389115288,0.08571052977520704,0.003209609824096099,0.08501797649399727,0.08517818075050256,0.08509800322276904,0.918593813102166
0.0814980878280364,0.08400369246999868,0.00318548468668343,0.0784290017372009,0.0837670843937192,0.08101020146851541,0.9200113542259121
0.08157338965153114,0.08870116156282999,0.0032664429609658317,0.08758026491622344,0.08811729203078426,0.08784795775030546,0.9156428854079073
0.0869507850639926,0.08761050270484233,0.003247598045093431,0.08456658502810123,0.08715377619707726,0.08584069090823192,0.9166106644427978
0.08194774346793349,0.07878068091844814,0.003094668135246463,0.07934829493426164,0.0787778884785279,0.07906206289662487,0.9250206870693156
0.08797692408548577,0.09007473449586993,0.0032781399023732536,0.08808775788487065,0.08895368456250757,0.08851860355846712,0.9148005123257977
0.07682083997873472,0.08599149388623073,0.0032320529877889084,0.0813109966942201,0.08526772869166509,0.08324237071343459,0.9185023110324138
0.08493951880898577,0.08480659311444902,0.003212001348433414,0.08695228904010259,0.08524203389282438,0.08608866823445974,0.9185302530982484
0.08771226099745956,0.09092124615590319,0.003324387779016795,0.08980916832431945,0.0897268271206932,0.08976797884029332,0.9140271216783371
0.08218095614381667,0.09153167391018042,0.003309282917542616,0.09241449787662658,0.09190452068324007,0.0921588037728733,0.9118397568154716
0.08863606297129249,0.08691625876438683,0.0032402136277297675,0.08400350867352385,0.08555146770772683,0.08477042211323053,0.9182168927789108
0.08463867316045807,0.08806107674081874,0.003251275779692068,0.08602053753196752,0.08887646929898686,0.08742518584588106,0.9148823784811332
0.0820419325432999,0.08972522463862483,0.0032613033565680564,0.09023737189614162,0.0902023503029048,0.09021985770084807,0.9135501501078565
0.08558262014483213,0.08729427254772877,0.003238876391620464,0.08409576914884474,0.08782579008830906,0.08592031623437257,0.9159375334935258
0.08110623587288925,0.09280680760537163,0.003345815693901115,0.09002963082526023,0.09182425674467143,0.09091808864792791,0.9119187393484489
0.08342161016949153,0.0881885593220339,0.0032630794773772136,0.08423022408856928,0.08711793641431874,0.08564974709708795,0.9166459071414469
0.08783516048078194,0.08757099458459913,0.0032486510107306026,0.08546733178689585,0.08691953365241922,0.0861873159825939,0.9168458100332428
0.07364649681528662,0.09275477707006369,0.003341642941409174,0.09111739049379462,0.0926487257917512,0.09187667778320999,0.9110918221324112
0.08911546610169492,0.09427966101694915,0.00336259897103019,0.09354430558645051,0.09374980381193067,0.09364694196334211,0.9099870707048032
0.08324482209240573,0.08736059479553904,0.003253510732439723,0.08710414825578107,0.08677186310554476,0.08693768817446927,0.9169930204470429
0.08880971232515175,0.08419107944048562,0.003189761215874242,0.08411602974793568,0.08442259489259714,0.08426903350528224,0.9193528151377058
