Majority Class Accuracy,Accuracy,Standard Error,Precision,Recall,F1 Score,Euclidean Distance
0.6004749967014118,0.5557461406518011,0.0057075257411669965,0.08532770279828854,0.08298539486294061,0.08414025061455109,0.9207734388616946
0.6115713346482577,0.5662064431295201,0.005683022073971404,0.08138543426534846,0.08330172470922911,0.08233243056381419,0.9204643574624842
0.6197406721354856,0.5747552262503308,0.005686663275584244,0.0974193959380475,0.08475569179999931,0.09064739202255741,0.9189904510275978
0.6109791501715492,0.566904196357878,0.005692060707245939,0.07288999597512683,0.08214800078661348,0.07724258016443375,0.9216607126165176
0.6095212976394567,0.5727284715811684,0.0056807520753008435,0.06758416578329164,0.0821471074073689,0.07415743695130457,0.921623929854
0.6053705410030276,0.573384230617349,0.005674404110643323,0.08276196869698745,0.08443195156583451,0.08358861998729013,0.9192949437581739
0.6003165809259992,0.5636459569977575,0.005695861911733455,0.07864976294016925,0.08360594504874345,0.08105215945835094,0.9201418397766097
0.600367357648911,0.565599580162687,0.005677605136810828,0.07897593117000157,0.08324618921365733,0.08105485606961639,0.9205163338651826
0.6111330958976389,0.5611396913335972,0.005699482155419581,0.07444564911393924,0.08234426425086296,0.07819600217141771,0.9214450747934503
0.6068489514202283,0.5749933634191664,0.005695298144150778,0.09043176397485198,0.0851175272593735,0.08769420920045282,0.9186146393394279
0.6068241469816273,0.5753280839895013,0.005662485099462653,0.07633165924182549,0.08330684956343237,0.07966686861430392,0.9204316322710392
0.6098654708520179,0.5718807702453178,0.005682549459105076,0.09351984081897247,0.08457689175959505,0.08882383567403697,0.9191892063337758
0.6027451497954336,0.5681668206414148,0.005690458946818303,0.11966842470264487,0.08469197692964048,0.09918707717514753,0.9190361495968434
0.595580404685836,0.5686900958466453,0.005714191071095597,0.10594538411689369,0.0861968557781362,0.09505623542300912,0.9174884690379693
0.6165913320925286,0.5775059824514757,0.00569536892204828,0.0983346269521661,0.08342872340149704,0.09027047946485352,0.9203467779792462
0.5966453674121406,0.5641640042598509,0.005721190974419603,0.07044826087481508,0.08280910650868727,0.07613020682439745,0.9209127894094212
0.5978074230616828,0.5637300224541012,0.005699498227676333,0.08114254378060745,0.08399012537313084,0.08254178243655785,0.9197431766167619
0.5979408658922915,0.5656019007391764,0.005694812180697183,0.06830719124072783,0.08236911330078343,0.07468198522237743,0.9214141420520404
0.6098204857444561,0.5743136219640972,0.005680668574921576,0.09257306549315504,0.08484807306716528,0.08854239453935465,0.9188801682428376
0.6075346992729677,0.5743555849306015,0.005684724571633835,0.0815936226049817,0.08435412865225567,0.08295091540897333,0.919385889713181
0.6070342456697078,0.5623429855877298,0.005704538790481897,0.07911479146905316,0.08402697291926686,0.08149692955949808,0.9197024580231631
0.6131962067583812,0.5770001335648457,0.005709579907095297,0.07961662684604263,0.08417702437849667,0.08183333955680129,0.919584066477602
0.6104582067872706,0.5440380298428628,0.005723279585401295,0.07455586652672964,0.08254811196143383,0.07834869717056699,0.9212294802431266
0.5960021041557075,0.5640452393477118,0.005686651675169662,0.08648274494520096,0.0843353339079048,0.08539554151639588,0.9194339248368716
0.6047562109738276,0.5656968247641823,0.0057131735223092004,0.07626146287670789,0.08368909764406017,0.07980282147669,0.9200208033094913
0.6124736286919831,0.5582805907172996,0.005702303701433408,0.07980434732040644,0.08350690323789452,0.0816136535219223,0.9202960955654725
0.609811220420101,0.5707258707790481,0.00570708673777705,0.08077650173758665,0.08459434052462499,0.08264135080769082,0.9191588516960258
0.6072746441750132,0.5749868212967844,0.0056750080596921085,0.09183107985253587,0.08353227690310744,0.08748531429222364,0.9201841061433748
0.6098078197481775,0.5782637508283631,0.0056853057815615905,0.08957564761446213,0.08551108376254977,0.08749618712969587,0.91820375952132
0.5972388158768087,0.5588742864728528,0.005720767099814173,0.07853626959699582,0.08215529659014394,0.08030503000151935,0.9216342904157985
