Majority Class Accuracy,Accuracy,Standard Error,Precision,Recall,F1 Score,Euclidean Distance
0.46615445754404555,0.46655186117366537,0.005741843518435917,0.12081232585909513,0.12535327622371958,0.12304091819904532,0.8835122005750025
0.46622428666224286,0.46622428666224286,0.005746920945759129,0.09997119943285038,0.1251640440548551,0.1111580702886557,0.8837098784713701
0.4718803758105068,0.4710864099510388,0.005742062823743018,0.07563643595863166,0.12487044882754074,0.09420879204165081,0.8840196715002441
0.4737394957983193,0.4742647058823529,0.005721771394264131,0.12177716390423574,0.12543552176147812,0.1235792738695964,0.8834244700590081
0.47595772787318363,0.47569352708058127,0.005739952399636671,0.09699074074074074,0.12505505263996436,0.10924937603412799,0.8838275671685534
0.476215644820296,0.47608350951374206,0.005740927228162881,0.08732599844188679,0.1250487606815573,0.10283715377014485,0.883829309585032
0.4819849544674673,0.4814570410452686,0.00574014017899753,0.08107788059043843,0.1249523617843902,0.09834354948548825,0.8839331149039663
0.47043294614572334,0.4703009503695882,0.005734328149916087,0.07668261517845346,0.12500561167227833,0.0950551984584293,0.8838737890815632
0.46916211535899827,0.46862927933928333,0.005759440711088713,0.05864115215362048,0.1248580352072686,0.0798021958080029,0.8840301956669453
0.47644186353438034,0.4756499934010822,0.005737276000724605,0.07301996007039721,0.12491730337990725,0.0921651269286404,0.8839550919585122
0.46529968454258674,0.46424815983175605,0.005717704139907678,0.0731728867202954,0.12483775803670612,0.0922651318917292,0.8840486130833436
0.47243058297144364,0.47243058297144364,0.005727044869091211,0.11461352657004831,0.12516467560176445,0.11965695582649345,0.8837132540953888
0.47459201273716334,0.47339790367520235,0.005751156680807089,0.07714732380445526,0.12481128148575307,0.09535475186505703,0.8840839559529733
0.47321782832958603,0.47202750958867873,0.00574116043402731,0.07697517999242137,0.12481676886335309,0.09522474314568397,0.8840782057625981
0.4749208025343189,0.47478880675818375,0.005737163668186586,0.08212912335516434,0.12504905562699353,0.09914334960846068,0.8838261265278623
0.4794973544973545,0.478968253968254,0.005745456747317695,0.08980114392125566,0.12531749746125656,0.10462742376063316,0.883537712051883
0.46611066984379135,0.46664019062748213,0.005740010986146176,0.14758702606522933,0.12534722989158045,0.13556103333647085,0.883519412986633
0.4734414129431923,0.47278239093185714,0.005731793794013261,0.08919399629727585,0.12507368694481685,0.1041297670413331,0.8838050879654388
0.46656918782400636,0.4667021135185431,0.005751872944602057,0.10697220371604116,0.12533977197165053,0.11542987899253547,0.8835269884726566
0.4722002635046113,0.4699604743083004,0.005728803250186166,0.08082369365775827,0.12489381072048236,0.09813826128147436,0.8839819230807981
0.4752475247524752,0.474983498349835,0.005737654845098027,0.09069738583719392,0.12514346268810556,0.10517179670089367,0.8837281506237167
0.46118053709119916,0.46011699016219093,0.005746683789058473,0.0818923984442016,0.12516675784725748,0.09900751253103907,0.8836903323528564
0.47339790367520235,0.4715404006899297,0.005749976795092636,0.09091782730396591,0.12515019223259133,0.1053222368480656,0.8837293076659484
0.47253037506603274,0.4720021130480718,0.005736972406579042,0.07986386465767908,0.12490103309849308,0.0974295820454575,0.8839919526068489
0.46383315733896513,0.46304118268215416,0.005728755872959003,0.08735593721547358,0.12494584817716897,0.10282307940569138,0.8839454541114834
0.4645348072114752,0.4642716146861429,0.005721108348218218,0.06946524416542867,0.12496970938217467,0.08929517267470173,0.8839084031518095
0.47221490650513565,0.4715564919673426,0.005728367223934869,0.09026769210456825,0.12503321816566904,0.10484358868762421,0.8838509994322151
0.4655785178359879,0.4636040542319337,0.005721307533792298,0.0670604250419946,0.12454722494653074,0.08718012921942778,0.884361613794811
0.4734490010515247,0.47331756046267087,0.005724208918894608,0.11125921537651395,0.12517149072710382,0.11780603353358647,0.8837079880754495
0.4732553555000657,0.47259823892758573,0.005723386110752963,0.09298214617152811,0.1252396519350194,0.10672674979066521,0.883629220439782
