Majority Class Accuracy,Accuracy,Precision,Recall,F Score,Support
0.8843313109997362,0.8843313109997362,0.7820418676145121,0.8843313109997362,0.8300470973966867,
0.8781624500665779,0.8781624500665779,0.7711692887069349,0.8781624500665779,0.8211955133908658,
0.8802807575155609,0.8802807575155609,0.7748942120521697,0.8802807575155609,0.8242324546000751,
0.8753980891719745,0.8753980891719745,0.7663218145259442,0.8753980891719745,0.8172364245761714,
0.876963696369637,0.876963696369637,0.7690653247502969,0.876963696369637,0.8194781031064142,
0.8749334752527941,0.8749334752527941,0.7655085861179316,0.8749334752527941,0.8165714637045661,
0.8831701508335539,0.8831701508335539,0.7799895153233624,0.8831701508335539,0.8283792252952957,
0.871334214002642,0.871334214002642,0.759223312491602,0.871334214002642,0.8114246047665434,
0.8799256998805891,0.8799256998805891,0.7742692373103446,0.8799256998805891,0.8237232326357635,
0.8757309941520468,0.8757309941520468,0.7669047741185322,0.8757309941520468,0.8177129625831271,
0.8846408255060193,0.8846408255060193,0.7825893901519713,0.8846408255060193,0.8304918152686721,
0.8732431367397872,0.8732431367397872,0.7625535758631425,0.8732431367397872,0.8141533375003303,
0.8711729622266402,0.8711729622266402,0.7589423301147391,0.8711729622266402,0.8111942032463105,
0.8776701605413294,0.8776701605413294,0.770304910704643,0.8776701605413294,0.8204901232307651,
0.8806780558866375,0.8806780558866375,0.7755938381202674,0.8806780558866375,0.8248023479538258,
0.8718387776606955,0.8718387776606955,0.7601028542328956,0.8718387776606955,0.8121456434221579,
0.876868139135035,0.876868139135035,0.7688977334301391,0.876868139135035,0.8193412391607755,
0.8724328593996841,0.8724328593996841,0.7611390941603089,0.8724328593996841,0.8129948054899397,
0.8720574544487298,0.8720574544487298,0.7604842038595986,0.8720574544487298,0.8124581882381815,
0.8796308503625577,0.8796308503625577,0.7737504329095564,0.8796308503625577,0.8233004185479392,
0.8753153631655822,0.8753153631655822,0.7661769849936951,0.8753153631655822,0.81711801656695,
0.8748842745668562,0.8748842745668562,0.7654224938843743,0.8748842745668562,0.8165010547770533,
0.878727634194831,0.878727634194831,0.7721622550976447,0.878727634194831,0.8220055329399265,
0.8756100778261443,0.8756100778261443,0.7666930083907065,0.8756100778261443,0.8175398687122788,
0.8759741117421741,0.8759741117421741,0.7673306444424909,0.8759741117421741,0.8180610165562343,
0.8725670699631772,0.8725670699631772,0.7613732915841243,0.8725670699631772,0.8131866717052717,
0.8742038216560509,0.8742038216560509,0.7642323217980446,0.8742038216560509,0.8155274394038606,
0.8781390430874967,0.8781390430874967,0.7711281789946244,0.8781390430874967,0.8211619707633115,
0.8806698312236287,0.8806698312236287,0.7755793516274546,0.8806698312236287,0.8247905493574446,
0.8765350587613892,0.8765350587613892,0.7683137092378319,0.8765350587613892,0.8188642206823026,
