Majority Class Accuracy,Accuracy,Standard Error,Precision,Recall,F1 Score,Euclidean Distance
0.12637435421910187,0.13061332626837993,0.0038784261069870272,0.12832822327878596,0.1305765397656503,0.1294426193862001,0.8782488168287316
0.12559055118110235,0.13123359580052493,0.003868089708959745,0.13056548327286738,0.1310936990765776,0.13082905801564745,0.8777269575071213
0.12014274385408406,0.1293946603224954,0.0038586525289901505,0.1289350160226062,0.12937379526332168,0.12915403297425568,0.8794637540144861
0.12785985096090993,0.13217414041051118,0.0038724624072716245,0.13253135074175318,0.13248337965033052,0.13250736085434808,0.8763228621734502
0.11840900170090278,0.13581054559727856,0.003918675470237016,0.13454145788987362,0.13589707736629497,0.13521586999068194,0.8728726435501861
0.12874966817095831,0.1367135651712238,0.003957951378839154,0.13618562800345332,0.13650173519368913,0.13634349837820753,0.8722648235283211
0.12210386151797603,0.1396804260985353,0.004000163190137616,0.13785461535783572,0.13954902206110004,0.1386966439141718,0.8691863727111998
0.11800583399628746,0.1382922301776717,0.003974986248892682,0.13806421301059035,0.13837998418089564,0.13822191824934216,0.870366995361713
0.12308099523557438,0.13102170460561144,0.003881772800558061,0.13031365456115868,0.13068903634046175,0.13050107550822887,0.8781314775789592
0.12197380605900252,0.13070511972483131,0.003877016844352995,0.12971243292927362,0.13081882183050908,0.13026327814850663,0.8780051112175077
0.12303630363036304,0.14785478547854786,0.004078337652185392,0.14827865645494348,0.14759036700051947,0.1479337111329826,0.8610625618317819
0.12338177014531043,0.1368560105680317,0.003950259475774861,0.13765675333400362,0.13708187264017374,0.13736871152850058,0.8716796720180209
0.12566067653276955,0.13662790697674418,0.003948009139346423,0.13681806060844232,0.1369379363784085,0.13687797224705933,0.8718267818936262
0.12574061882817644,0.13864384463462803,0.003965315870296518,0.13956027977965474,0.13977804298751795,0.13966907650297591,0.8689614068568703
0.12134444885536588,0.13682678311499272,0.003953300481197974,0.13682936569940085,0.13761145035459516,0.13721929365848554,0.8711498606299859
0.12246777163904236,0.13693764798737174,0.003942925630764128,0.1357228250956151,0.13667835343118462,0.13619891336316145,0.872083266545172
0.13158243798912322,0.13065393288234514,0.0038815100842137977,0.12795568899679954,0.1297017522824921,0.12882280437931484,0.8791264898149619
0.12634762029976335,0.13883775966342363,0.00396477117697973,0.13763600142722343,0.13847616753856956,0.13805480623591215,0.8702643046814056
0.12304012755779963,0.13938347063513154,0.003992347828501581,0.13456134712218612,0.13779659731104865,0.13615975698166927,0.8709444417036456
0.12526205450733752,0.12552410901467506,0.0037924364598134826,0.12381488175473797,0.12516078546700032,0.12448419579191498,0.8837203467238458
0.12594358363130712,0.13468414779499405,0.003928649968431614,0.1320505875036611,0.13507426102451267,0.1335453112893654,0.873708828532867
0.12532877432930037,0.13229879011046816,0.003885455896431724,0.13213488147473068,0.13312925388625513,0.13263020392214603,0.8756746228399901
0.13535434117803483,0.1345565749235474,0.003934902801124841,0.13091725029310383,0.1326348892157979,0.1317704726011243,0.8761554875271768
0.1258964143426295,0.1296148738379814,0.003870665691773126,0.12866436909339818,0.12905593739684765,0.12885985577974593,0.8797831302522794
0.12457112694642386,0.13143309580364212,0.0038812954825339636,0.13086142613978397,0.13188211199750405,0.13136978652774586,0.876930543073383
0.129607291247822,0.14099986596970915,0.004029094426630425,0.1394516545744467,0.14170084392371074,0.14056725261423486,0.8670176298944975
0.11857445680975093,0.13725490196078433,0.003960857667431146,0.13842992234403995,0.1370841134301313,0.13775373093724355,0.8716749846617227
0.1319030591974573,0.1369355052310952,0.003956192583625566,0.13622659699304196,0.1366004055340087,0.1364132451803224,0.8721651161826761
0.12124406958355298,0.14140748550342647,0.004000056149892943,0.14088799307309138,0.14169089294214218,0.14128830235587025,0.8670264671192262
0.12413701540095592,0.13874137015400956,0.003983039626757625,0.13816936645181083,0.13909168443844536,0.13862899138459966,0.8696541248527478
