Majority Class Accuracy,Accuracy,Precision,Recall,F Score,Support
0.8689609530112509,0.8669755129053607,0.7791932546066944,0.8669755129053607,0.8089962497289447,
0.8777073428420497,0.8765187533016376,0.7946284097025119,0.8765187533016376,0.821253387693355,
0.8731893600210693,0.8714774822228075,0.779197223367744,0.8714774822228075,0.8140272581466187,
0.8755662136957101,0.8747668531841194,0.8035918472621405,0.8747668531841194,0.8174523259412826,
0.8810089804543053,0.8799524564183835,0.8076330038402442,0.8799524564183835,0.8255645711896369,
0.8786633072536799,0.8769393979578305,0.7875141778603841,0.8769393979578305,0.8218632492424175,
0.8784303327588493,0.8756462945777542,0.7881738105168546,0.8756462945777542,0.8221187201095566,
0.8712491738268341,0.8697951090548579,0.7590122552337573,0.8697951090548579,0.8106362505345827,
0.8787878787878788,0.8775917065390749,0.785813650611464,0.8775917065390749,0.822059140087835,
0.8754961630060862,0.8716591690923525,0.7796515693107229,0.8716591690923525,0.8165613359747463,
0.8709081309398099,0.8707761351636748,0.798421171452746,0.8707761351636748,0.8115660358249316,
0.8806187202538339,0.8773135906927552,0.7812950558761301,0.8773135906927552,0.8236162331042121,
0.8860443744256269,0.8840750951818301,0.7983494532090712,0.8840750951818301,0.8323848022658372,
0.8734780307040763,0.8672578083642138,0.7867234054105414,0.8672578083642138,0.8136701262309441,
0.875082530040935,0.8732338571239932,0.7655669759440009,0.8732338571239932,0.8158636361427749,
0.87415996837528,0.8724469627091843,0.7640677426551458,0.8724469627091843,0.8146686115296965,
0.8801576872536137,0.8780551905387648,0.7915555630262934,0.8780551905387648,0.824289306741249,
0.8749174481574429,0.8725399550917976,0.7698185093897837,0.8725399550917976,0.8157838913877197,
0.8787838730998018,0.8704560475875743,0.7866194244304712,0.8704560475875743,0.8216191494727619,
0.8765251989389921,0.8744031830238727,0.7736357396901409,0.8744031830238727,0.8181009239718939,
0.8816326530612245,0.8792626728110599,0.7820256136542897,0.8792626728110599,0.8253540962592707,
0.8790333289071837,0.8767759925640685,0.7883262781330866,0.8767759925640685,0.8224286527246557,
0.8757805234489172,0.8702006111332536,0.7737435760955584,0.8702006111332536,0.8160081496665756,
0.8781813361611877,0.8777836691410392,0.79954014641109,0.8777836691410392,0.8218425059622679,
0.8821827744904668,0.8809993425378041,0.7919541707050826,0.8809993425378041,0.8268722602997473,
0.8755257623554153,0.8710567823343849,0.7780913011846549,0.8710567823343849,0.8166144862478677,
0.8822444678609063,0.8784246575342466,0.7855254513829895,0.8784246575342466,0.8260415505881624,
0.8754945924558164,0.8696913743075706,0.7949676958637804,0.8696913743075706,0.8160955055153205,
0.8763008826241602,0.8719536292978527,0.7772011465873367,0.8719536292978527,0.8178874095770902,
0.8770772883144289,0.7562648377736745,0.7783123105025185,0.7562648377736745,0.7661357007048495,
