Majority Class Accuracy,Accuracy,Standard Error,Precision,Recall,F1 Score,Euclidean Distance
0.7016086497890295,0.6965981012658228,0.00527899351125891,0.17788108619601994,0.12756119882466319,0.14857618421667476,0.8811804380772277
0.6987408880053015,0.6728959575878065,0.005401163115659529,0.24469163185229667,0.127073875095033,0.16727702426252156,0.8816151089363723
0.7016479894528675,0.6486486486486487,0.00548147932502078,0.11769665632598875,0.126352651648406,0.12187114760022255,0.8819586920049098
0.6949308755760368,0.688479262672811,0.005314042504002029,0.10167856595195786,0.12452573615821107,0.1119483419065315,0.8843663917824394
0.7027382833070037,0.6964191679831491,0.00527569953544652,0.15342464027486716,0.12621213133869424,0.13849430986653807,0.8825943763935832
0.6983454665784249,0.6626075446724023,0.005439746198575107,0.13980427880047028,0.13036952606355837,0.13492216669967444,0.8779074057746628
0.697098184709156,0.6732476480720816,0.005398953768440518,0.11778100797007829,0.12768752452656534,0.12253436471861089,0.8808530390687139
0.708025343189018,0.6797782470960929,0.0053602995958251425,0.1262080555378892,0.1265420211400175,0.12637481770000264,0.882148157736875
0.695255715607242,0.6886480771772169,0.005323074919570228,0.10161133114672938,0.12470654963608972,0.11198053346389164,0.884053326915344
0.6973144595846011,0.6918904617012832,0.005310544723817723,0.22501977674000564,0.12809812805433649,0.16325772091555124,0.8806594536131453
0.6926810073452256,0.6713011542497377,0.0053798026269970475,0.1125417084204717,0.12549635196577005,0.11866651768080787,0.8832365073865128
0.7047479718047612,0.696768187258944,0.005300922996048123,0.13443510369355954,0.1256498770913809,0.1298941154147635,0.8832076190359937
0.6941499803690616,0.6882606988614056,0.005299039592964182,0.14295471241850072,0.12631124539898486,0.1341186082904237,0.882519867812547
0.7028880390346829,0.6823157061848872,0.005346505626641289,0.1346617078526396,0.1251412922601979,0.12972706343903279,0.8836946730257061
0.6959831976896823,0.6890259910737726,0.005303460813466133,0.10350388883504555,0.12471895035065111,0.11312536833540886,0.8840432589471684
0.7043351837166271,0.6892677768966429,0.005320518596672386,0.1794543645583596,0.1265126958636047,0.14840326545908408,0.882223379289006
0.6974845252205979,0.6951139207164494,0.00528311532266067,0.15746679773660457,0.12660932143151007,0.14036212876891555,0.8821595029738362
0.7005516154452325,0.6924087207775151,0.005288857154790369,0.15252429366852654,0.12699363076126857,0.13859299987131313,0.8817612522571768
0.6922975641869651,0.6878209348255431,0.005317110597015068,0.124453128626468,0.12581460047987936,0.12513016130782467,0.8829795728555468
0.7009680413738231,0.6863811165627901,0.0053428046488296745,0.1735667165397171,0.12579339986939253,0.1458681112206685,0.8830950672407489
0.6920663965494707,0.6816102470265325,0.0053258446634832715,0.13040541857593171,0.12661049616697043,0.12847994074823058,0.8821409407191896
0.702589039295571,0.68786962807202,0.005311990503866333,0.12445129533298244,0.1256939634918917,0.12506954275758617,0.8831584709164492
0.6984440928270043,0.6832805907172996,0.00534180117591887,0.11063530524348035,0.12486099536024427,0.11731848270458076,0.8839100839991461
0.7008299301804769,0.6607825055987353,0.005433990733180155,0.1482647145236699,0.1281129371468252,0.13745415331561478,0.8803568152885585
0.6984126984126984,0.6854497354497354,0.005340377238592725,0.14119703066656253,0.13003207099293995,0.13538475188164628,0.8785891105828724
0.6971026049973419,0.6691919191919192,0.005424241354238071,0.15688176648364777,0.12906737923136422,0.14162181459644263,0.8796083677030576
0.6973423244744149,0.6664022213407378,0.005421665792662211,0.15471817733026827,0.1312907459018421,0.14204497311980258,0.877003889889827
0.6988808426596445,0.6854509545753785,0.005328052425856645,0.1306032574148894,0.12536976892158797,0.12793301260569598,0.8835144693838983
0.7025668166181529,0.6950251389256417,0.005295766571634644,0.16824425425979772,0.12716082679763066,0.14484570406876346,0.8815650056373335
0.6936889358331133,0.6585687879588065,0.005448657779514796,0.10387716993055532,0.12532658021367948,0.11359823267707747,0.8833897637810971
