Majority Class Accuracy,Accuracy,Precision,Recall,F Score,Support
0.7077329808327826,0.7015201586252479,0.5214229590757832,0.7015201586252479,0.58686239588373,
0.7073009142705711,0.6425069564065191,0.5391132132330759,0.6425069564065191,0.5776040418749648,
0.7071222833202409,0.7000523697302959,0.5280219621906123,0.7000523697302959,0.5864554333695958,
0.6937598321971683,0.6869428421604614,0.5164525293281597,0.6869428421604614,0.5713050405891829,
0.7015219102597743,0.6945683547625295,0.5133475126724687,0.6945683547625295,0.5775017372742521,
0.6893561103810776,0.6814717477003942,0.5151111510378807,0.6814717477003942,0.5658448666389782,
0.698540049980271,0.6889385768775483,0.5053340919372082,0.6889385768775483,0.5731431282488137,
0.6955655868295274,0.6711364843335104,0.5216370197424074,0.6711364843335104,0.5748553260121669,
0.6978455774120166,0.6866051117355815,0.5242998641674506,0.6866051117355815,0.5769515915265973,
0.6960358224680627,0.6903727117081523,0.508314006757616,0.6903727117081523,0.5719290578529094,
0.7010349796934364,0.6917332634612865,0.5207474840129339,0.6917332634612865,0.5785719890601481,
0.7023274266067178,0.6935995768315261,0.5098995182683411,0.6935995768315261,0.5786848970049198,
0.7013998943475964,0.6934759640781828,0.5384004703680044,0.6934759640781828,0.5795559894991993,
0.7011224223440355,0.6982511093709214,0.5228911633643283,0.6982511093709214,0.5791635145271257,
0.6967494714587738,0.6901427061310782,0.5118705551644143,0.6901427061310782,0.5724335224808031,
0.6993775658853132,0.6874586147530128,0.5198017183059139,0.6874586147530128,0.5759377345260597,
0.6904098686828491,0.6852367688022284,0.4978137457826404,0.6852367688022284,0.5643735244170025,
0.6944772399317853,0.6837203200839564,0.518081107645955,0.6837203200839564,0.5693446331913055,
0.7097929936305732,0.7007696390658175,0.5424693523274177,0.7007696390658175,0.5917443661807522,
0.6932409012131716,0.6805759232102386,0.5211034957381656,0.6805759232102386,0.5670230483397903,
0.6936984844456262,0.6738899228928477,0.5038688812874538,0.6738899228928477,0.5681879464233885,
0.707688200747464,0.6983449012279765,0.5176659380927617,0.6983449012279765,0.5857097040479498,
0.6891553564369483,0.6596389511134537,0.506314441734327,0.6596389511134537,0.5637002787176568,
0.7060218737646594,0.6916589801027804,0.5211686540276386,0.6916589801027804,0.584151330159216,
0.7022457067371202,0.695112285336856,0.5201584211519552,0.695112285336856,0.5792871623115771,
0.6978255104746751,0.6913285600636436,0.50861142672611,0.6913285600636436,0.5737138319292606,
0.7044082917869325,0.6966675413277355,0.5094555162989358,0.6966675413277355,0.5815840426854924,
0.7018691588785047,0.6901201602136181,0.5073000608463282,0.6901201602136181,0.5780335271298378,
0.6894148586456279,0.6579881656804734,0.5076798130190454,0.6579881656804734,0.5656864210162695,
0.6908225337212378,0.6815657233536102,0.5128228056376483,0.6815657233536102,0.5656511998971989,
