Majority Class Accuracy,Accuracy,Precision,Recall,F Score,Support
0.6925424628450106,0.6925424628450106,0.4796150628434329,0.6925424628450106,0.5667391789240471,
0.6973442019458322,0.6973442019458322,0.48628893598746964,0.6973442019458322,0.5729997904137404,
0.6874502520562483,0.6874502520562483,0.47258784905219936,0.6874502520562483,0.5601206298986603,
0.695282392026578,0.695282392026578,0.4834176046622002,0.695282392026578,0.5703092380783972,
0.7008299301804769,0.7008299301804769,0.4911625910367721,0.7008299301804769,0.5775563827062408,
0.6955943032077732,0.6955943032077732,0.4838514346551075,0.6955943032077732,0.570716041850039,
0.7031825355076275,0.7031825355076275,0.4944656782429359,0.7031825355076275,0.5806373279838289,
0.7042365052131451,0.7042365052131451,0.4959490552748241,0.7042365052131451,0.5820190493018418,
0.6976281966344243,0.6976281966344243,0.48668510073939897,0.6976281966344243,0.5733706611427167,
0.7045090715048026,0.7045090715048026,0.496333031832559,0.7045090715048026,0.5823765213456777,
0.6878787878787879,0.6878787878787879,0.4731772268135905,0.6878787878787879,0.5606767858114358,
0.7018773135906927,0.7018773135906927,0.4926317633332876,0.7018773135906927,0.5789274695646685,
0.7004486671945104,0.7004486671945104,0.49062833537456596,0.7004486671945104,0.5770575082210866,
0.6996695307336418,0.6996695307336418,0.4895374522370345,0.6996695307336418,0.5760383926229843,
0.6947659126775382,0.6947659126775382,0.4826996734186526,0.6947659126775382,0.5696358061108767,
0.694047619047619,0.694047619047619,0.4817020975056689,0.694047619047619,0.568699595087508,
0.6928571428571428,0.6928571428571428,0.4800510204081633,0.6928571428571428,0.5671488848704038,
0.6972708002119767,0.6972708002119767,0.48618656882825034,0.6972708002119767,0.5729039452838394,
0.6975854334344901,0.6975854334344901,0.4866254369399854,0.6975854334344901,0.5733148121511191,
0.6909905163329821,0.6909905163329821,0.4774678936621212,0.6909905163329821,0.5647197770186672,
0.6988877118644068,0.6988877118644068,0.4884440337950661,0.6988877118644068,0.5750162655058985,
0.7019077901430842,0.7019077901430842,0.49267454586354803,0.7019077901430842,0.578967378511297,
0.6965379494007989,0.6965379494007989,0.48516511495546993,0.6965379494007989,0.5719472589774082,
0.6965636194772455,0.6965636194772455,0.48520087597924094,0.6965636194772455,0.5719807620638993,
0.6943565400843882,0.6943565400843882,0.48213100475796256,0.6943565400843882,0.5691021852271421,
0.6953476077187417,0.6953476077187417,0.4835082955601771,0.6953476077187417,0.5703942877069151,
0.6973372001054574,0.6973372001054574,0.48627917065091875,0.6973372001054574,0.5729906474926794,
0.685506287227002,0.685506287227002,0.46991886982774894,0.685506287227002,0.5575996641351725,
0.6941238891099615,0.6941238891099615,0.48180797343313814,0.6941238891099615,0.5687989839825287,
0.7003824343927205,0.7003824343927205,0.4905355544058735,0.7003824343927205,0.5769708560663469,
