Majority Class Accuracy,Accuracy,Standard Error,Precision,Recall,F1 Score,Euclidean Distance
0.367479459316194,0.3399151868539624,0.005452890219078289,0.0816526119232361,0.08422751548296335,0.08292007900557878,0.9194872121483172
0.35438042620363064,0.2524335701131281,0.004982353268561731,0.08481980056918294,0.08340043798105325,0.08410413132095174,0.9204698596687522
0.3604589817989976,0.20865207069374836,0.00466662813037661,0.08470417014423803,0.07975895242904157,0.08215721277048599,0.9241997331618886
0.36922060766182296,0.3417437252311757,0.005451296932159834,0.06669370776598922,0.08224407530400644,0.0736570964163147,0.9215448282367552
0.35485148514851483,0.3353135313531353,0.005424286749293809,0.07611872902483216,0.08449426579991849,0.08008811652623542,0.9192175826580116
0.35692592103525683,0.32431004885778425,0.005379228026325265,0.09758455440642222,0.08856830708314435,0.09285808138623994,0.9150035496324506
0.35439524124256444,0.27838730998017186,0.005153144634064426,0.10462429477587605,0.09189272801008397,0.09784609726718602,0.911659388708738
0.36598549769281474,0.2738299274884641,0.005120140003803926,0.08013314662340897,0.08817850253137222,0.08396353915920697,0.91553598558999
0.3520885492159705,0.28883910923705364,0.005202590633198017,0.09295841161997966,0.08759838236435256,0.09019883777706486,0.9161433260354934
0.3539764456795024,0.33425962683604604,0.005426498639294454,0.10354887105397703,0.08584634531739692,0.09387029210173743,0.9178701704122234
0.36098330485079533,0.27816484816616277,0.005137637156601581,0.10672604915008983,0.08466921710501597,0.09442669302181342,0.9190853277262315
0.3586913677571935,0.3391144396268559,0.005426445079123542,0.07189215602873032,0.0836117796550147,0.07731034050511784,0.9201212777239931
0.3651877133105802,0.27592543974796535,0.005121144522389396,0.06492193954536364,0.08336691730954589,0.07299728489982592,0.9203703100461171
0.367462725953292,0.3330254651009368,0.005413615346960887,0.08899092795588635,0.08660525183665359,0.0877818838189151,0.9170202312195108
0.35752865235146886,0.2120932683440917,0.004691928141056111,0.0877718460595004,0.08780773415881393,0.08778978644143093,0.9157678527595473
0.3597489211455473,0.3193409180070616,0.0053314649870858325,0.09521264402139425,0.0884540665249726,0.09170900402401243,0.9151571900255323
0.3550092519164684,0.2690985989955062,0.005098611803499176,0.09237404682619431,0.08794610684249797,0.09010571060821915,0.9157569310303515
0.3554421768707483,0.24699110413396128,0.004932650785789361,0.10408179483156126,0.07946329237492973,0.09012153056761645,0.9245798858610631
0.3690208029680668,0.30674440174903933,0.005308206877564553,0.09746717141216332,0.09195565021825193,0.09463122811702619,0.9115472256415209
0.37603251606136096,0.2829421791005638,0.005157616686430553,0.08596307061910875,0.09221306792488115,0.08897845171421935,0.9113016094095089
0.35659529473962465,0.32857520486386466,0.005399865130982063,0.07903805009865135,0.08408139267192533,0.08148175611064241,0.9196330025035342
0.36567065947084376,0.3347373963406608,0.005414116657907661,0.0803612776938797,0.08585428024231194,0.08301701406807165,0.917815209670189
0.36226912928759897,0.3112137203166227,0.005317861332914713,0.06936191571435553,0.08873959283037254,0.07786324387518657,0.914770384787838
0.3618360655737705,0.2754098360655738,0.005115828965263004,0.07468784251399586,0.08794206614360754,0.08077484935833894,0.915723809336585
0.3633136094674556,0.3462195923734385,0.005455595493321209,0.12404992748308846,0.08522639656384527,0.10103702233434607,0.9185076364743127
0.3576968581569607,0.25792033653214147,0.005016044148568954,0.09547408528818817,0.08377271246037928,0.08924146143446555,0.9199449470222075
0.3648131026284507,0.29599788667283056,0.00524631863001283,0.10615511663361081,0.08959433433536272,0.09717418837193711,0.9139704725909625
0.3669895183760117,0.3336871434257662,0.005431372336542169,0.10151696379867557,0.08817382833697511,0.09437610796494798,0.9154830688544536
0.3592885375494071,0.32661396574440055,0.005383051565191136,0.11905844471820988,0.08751208688201527,0.10087646943157927,0.916158087651981
0.35922843176113095,0.33861804729819,0.005439537409295987,0.09775342117468931,0.08580790848601179,0.09139197927860847,0.9178810665506767
