Majority Class Accuracy,Accuracy,Precision,Recall,F Score,Support
0.6143911439114391,0.6143911439114391,0.3774764777168067,0.6143911439114391,0.46763943068002106,
0.6157797681770284,0.6157797681770284,0.37918472289615485,0.6157797681770284,0.46935198764614133,
0.6030031612223393,0.6030031612223393,0.36361281244413457,0.6030031612223393,0.4536644982869136,
0.6135704874835309,0.6135704874835309,0.37646874311077777,0.6135704874835309,0.46662819632739505,
0.6074494782723551,0.6074494782723551,0.3689948686533564,0.6074494782723551,0.4591060231018177,
0.6011094967639677,0.6011094967639677,0.3613326270998306,0.6011094967639677,0.4513527998305259,
0.5952604096933994,0.5952604096933994,0.35433495534835374,0.5952604096933994,0.44423462551352977,
0.6061125016466868,0.6061125016466868,0.36737236465240497,0.6061125016466868,0.4574677854456047,
0.6092152436595406,0.6092152436595406,0.3711432131071534,0.6092152436595406,0.46127230595098145,
0.5998414166776794,0.5998414166776794,0.3598097251618854,0.5998414166776794,0.44980673885676303,
0.6084289143771673,0.6084289143771673,0.37018574385017833,0.6084289143771673,0.46030724832315706,
0.6111771700356718,0.6111771700356718,0.3735375331728125,0.6111771700356718,0.46368275335547654,
0.6129924891290025,0.6129924891290025,0.37575979172857027,0.6129924891290025,0.46591635641338447,
0.6105012564475598,0.6105012564475598,0.3727117841240492,0.6105012564475598,0.46285190108597135,
0.6021618771421039,0.6021618771421039,0.3625989262833022,0.6021618771421039,0.45263706677392307,
0.6149241819632881,0.6149241819632881,0.37813174956321904,0.6149241819632881,0.46829659718578054,
0.6118673186203251,0.6118673186203251,0.37438161559562644,0.6118673186203251,0.46453155451538986,
0.6020164499867339,0.6020164499867339,0.36242380605462965,0.6020164499867339,0.4524595313083469,
0.5968040147913365,0.5968040147913365,0.3561750320710578,0.5968040147913365,0.446109890470937,
0.6097077106202883,0.6097077106202883,0.37174349238983323,0.6097077106202883,0.4618770102636643,
0.6056728232189974,0.6056728232189974,0.3668395687860708,0.6056728232189974,0.4569294111245447,
0.5903519177540529,0.5903519177540529,0.3485153867958881,0.5903519177540529,0.43828712740268577,
0.6058278145695364,0.6058278145695364,0.36702734090610056,0.6058278145695364,0.4571191725240943,
0.6098338870431894,0.6098338870431894,0.37189736978620547,0.6098338870431894,0.46203198078936697,
0.5996829171621086,0.5996829171621086,0.35961960113605645,0.5996829171621086,0.4496136043935928,
0.6053361511028926,0.6053361511028926,0.366431855832064,0.6053361511028926,0.4565172915097181,
0.6110741381605218,0.6110741381605218,0.37341160232862447,0.6110741381605218,0.4635560753957296,
0.5983617386708945,0.5983617386708945,0.35803677030525577,0.5983617386708945,0.4480046808465004,
0.6051733193277311,0.6051733193277311,0.36623474642614395,0.6051733193277311,0.45631800879861145,
0.6057971014492753,0.6057971014492753,0.3669901281243436,0.6057971014492753,0.4570815675194893,
