Majority Class Accuracy,Accuracy,Standard Error,Precision,Recall,F1 Score,Euclidean Distance
0.48038302965819923,0.37664583056257483,0.005587968818424157,0.10994173482288,0.11479995906576998,0.1123183370108413,0.894868316473271
0.47752142386288726,0.43401450230718525,0.005690847919720153,0.132256582139424,0.13515220282641982,0.13368871495167695,0.8734527980125091
0.48642951251646904,0.39934123847167324,0.005621666791398758,0.11469282191069735,0.1315565445477177,0.12254724998487393,0.8767264977233424
0.4757925454304284,0.452977848521024,0.00573302805914336,0.1447768819991616,0.12773625877529138,0.13572378352962272,0.8810379925481857
0.47981530343007917,0.46108179419525064,0.005725531548377806,0.11932024178936179,0.1270397900322991,0.12305907213469434,0.881667775680235
0.4764791145078403,0.3584134932138622,0.005504622108141997,0.12098210453162733,0.12436678399701498,0.12265109780623831,0.8847025902329863
0.47531436135009925,0.43653209794837855,0.005705916970340905,0.11815976764081383,0.12874343070514419,0.1232247614393861,0.8798715839539971
0.47760996290408053,0.4326974032856386,0.0057027401682004965,0.14222131651658687,0.13313879761703482,0.13753026749067657,0.8754680656321614
0.4845580404685836,0.3353301384451544,0.005447051706846476,0.12763106660265783,0.12495066680553943,0.12627664448981685,0.8842341543631579
0.47246797834411725,0.36709362207843654,0.0055389083257810275,0.1016598004207609,0.1202436421582265,0.11017354685085191,0.8889942052032813
0.47513227513227513,0.4493386243386243,0.005720951758518267,0.11893877146775285,0.1251101897387904,0.1219464503521126,0.8836902406890735
0.4694470106902468,0.4474066253134486,0.005712226223924917,0.11558040772954109,0.12513639154798242,0.12016872275079135,0.8836449007650098
0.47456279809220986,0.460386857445681,0.005737025394619327,0.14401833746649045,0.12720954795599956,0.13509309765807528,0.8815680432054681
0.47481824190350297,0.41189689358889625,0.0056586981591767805,0.17168512306111144,0.12931208172477862,0.1475160586956244,0.8792316951450582
0.47654288357341085,0.4453548301836924,0.005713455301611586,0.12137882288853048,0.12653206540999262,0.12390188476615566,0.8821946952523058
0.4774715946193026,0.453571894998041,0.005689318654298925,0.11497986328001816,0.12584034443834088,0.1201652115137493,0.8828103851962503
0.47565641905264544,0.40242776091832694,0.005632915279924773,0.12065739870180348,0.13018357720597834,0.1252396002887776,0.8783279926580415
0.4739968321013728,0.4309662090813094,0.005689454848860021,0.12072121193729721,0.12860999620739305,0.12454080437774774,0.8797565352848219
0.4693150323346971,0.4522898244687871,0.005717881751465342,0.13326178997851865,0.12752255316051886,0.13032901816303621,0.8811438244370319
0.4880263157894737,0.4035526315789474,0.005627679538680754,0.18036307062283963,0.13869202667853148,0.15680626960186939,0.8693976709222704
0.477859778597786,0.4478123352662098,0.005708575054935563,0.1631491383692085,0.12844343704211217,0.1437309304123435,0.8802772774083758
0.4773089171974522,0.4410828025477707,0.0057195696652431755,0.11395603271326558,0.12801631416205714,0.12057767321651607,0.8804517123973841
0.46733935209771643,0.4403876792352629,0.00572013209701093,0.11425860965703104,0.12607350619716617,0.11987564359824797,0.8826236419004595
0.48287220026350464,0.4401844532279315,0.005697954009107331,0.1870063365258384,0.13398585381572412,0.15611721669429526,0.8743254058610223
0.4749501661129568,0.4300332225913621,0.005707192525180406,0.1444276761419365,0.1351585115357663,0.13963944280692822,0.8730848621592353
0.48592200925313944,0.43595505617977526,0.005701291526679107,0.14131982158361686,0.13274359680689624,0.13689752194791655,0.8754836424641649
0.48266772110188483,0.45182549097139846,0.005713598787844284,0.12466289273889362,0.1289725165582394,0.1267810913509285,0.8796683003494524
0.4744094488188976,0.41548556430446193,0.0056454440107592445,0.1233841522636826,0.1300700354295481,0.12663891019079487,0.8783435349770702
0.4779723991507431,0.3679670912951168,0.005555253617728784,0.12472059813615549,0.11702262236237457,0.12074904459697597,0.8923779712897428
0.4791278915182132,0.45559691571390587,0.005742275322975672,0.17820359279049328,0.12889099655334285,0.14958803874226448,0.879784863371247
