Majority Class Accuracy,Accuracy,Standard Error,Precision,Recall,F1 Score,Euclidean Distance
0.0475056239248379,0.05716554188169909,0.0026706081770527194,0.05946099724729844,0.05717978370801152,0.05829808294863638,0.944125181842034
0.04974861074358296,0.05940725059539561,0.0027190493891898317,0.060073648444300895,0.05894643356199182,0.059504703192209414,0.9423559933561227
0.048458149779735685,0.057936190094780404,0.0026992631628324523,0.061608030076903644,0.05771637826936436,0.05959874291654359,0.9435891614711504
0.05219563502498028,0.06126742045753353,0.002749840997674573,0.0713349285048464,0.06065124592540665,0.0655606893751598,0.9406484655332981
0.05120760195327966,0.056090801108618187,0.002643396356425574,0.05078740394365379,0.056959417376991804,0.05369663630468803,0.9443467137441063
0.053604436229205174,0.051756007393715345,0.0025455274386460766,0.041379866416757984,0.05342974016183839,0.046639060963640455,0.9478797736462792
0.05035780545984628,0.06095944871455076,0.0027542559007445585,0.05114407333251651,0.06104575693537081,0.05565796225712352,0.9402535720491058
0.05267305924077236,0.05175357940365165,0.0025389426269130265,0.05001713795552061,0.05177221873442763,0.05087954754623123,0.9495400342885937
0.04841884267156541,0.05957223461487994,0.0027113069431967595,0.04688191094309703,0.058144476071607124,0.05190931967678713,0.9431571567633527
0.04823747680890538,0.06586270871985157,0.002855398640138982,0.06823909724009727,0.06536328995137237,0.06677024254861755,0.9359310717709979
0.05192740760365611,0.06093522320837197,0.0027531968624542606,0.0565584985600161,0.06178531447276625,0.059056481789548,0.9395137932616707
0.05003317850033179,0.06582614465826145,0.00285674473648036,0.06357205077338501,0.06614825385742619,0.06483457103748189,0.9351447996854236
0.046926635822868476,0.06397884996695308,0.002813562581211787,0.04219720385005182,0.06356852187816998,0.0507236887502179,0.9377273024015004
0.05324196099103848,0.05759093305218767,0.0026744416323023885,0.055777828706562935,0.05864808410278072,0.05717695771417746,0.9426551414289114
0.048023348368267445,0.05996285486866543,0.0027345482563268094,0.06155636184224515,0.06016754115127865,0.060854028554495745,0.941133182340829
0.050589325917097076,0.06012448682293736,0.00273563797399807,0.047281071664953975,0.05740632412258667,0.05185404612356649,0.9438973812590464
0.04565188790948559,0.06301802394421786,0.0027871647618798925,0.06015925613367247,0.06314985655353814,0.061618291015453984,0.9381465132042967
0.047443331576172906,0.06259884027411702,0.002780879853750962,0.05887762154914622,0.0622005966060976,0.06049350978074853,0.9390959592380949
0.05320834433588593,0.05373646686031159,0.002591062898396898,0.05426293030357539,0.05543916348705907,0.0548447410699035,0.9458683783419785
0.0513058464801803,0.06124883998409121,0.0027609091966772016,0.05767419073066986,0.063049095538683,0.060241990983927546,0.9382495246735619
0.05061793321062319,0.055745464107283725,0.0026306989234850015,0.04951988625488485,0.05591193712104414,0.05252214517152153,0.945396143726671
0.050892267019167214,0.05750165234633179,0.002676553908051607,0.04133457232050573,0.057405212388624414,0.04806208379006483,0.9438988833332965
0.05040349252546633,0.0571504167217886,0.0026699229889781996,0.05469092600151495,0.0569256726296075,0.0557859276766069,0.9443798153461195
0.04999340456404169,0.05738029283735655,0.002671076887459918,0.05448919066198604,0.05795534926606979,0.056168846936656594,0.9433486744781853
0.04872909258527591,0.06400632161201106,0.0028089317853977683,0.05744573095714256,0.06393812151639591,0.06051829879656639,0.9373580026760837
0.04790339702760085,0.0630307855626327,0.0027994233187321874,0.056310404761671505,0.06298812432216574,0.059462372302462464,0.9383089848896968
0.04958239427283574,0.0676123558265942,0.0028909410449604682,0.062190763376265626,0.06623538653745248,0.06414938474841242,0.9350567497142882
0.050473186119873815,0.0555993690851735,0.0026271073170349812,0.04463075535603435,0.0551991262947051,0.04935553685508308,0.9461092346903657
0.047668936616029334,0.05958617077003667,0.0027089393519698244,0.04803573440564731,0.06050341517957085,0.0535535056854045,0.9407978715152323
0.05088991430454845,0.05985497692814766,0.0027237658279378814,0.05681022087540298,0.061127031423834785,0.05888962289599139,0.9401736341676243
