Majority Class Accuracy,Accuracy,Standard Error,Precision,Recall,F1 Score,Euclidean Distance
0.8772908366533865,0.8723771580345285,0.003845199352134176,0.3264878735881466,0.333822289880163,0.3301143481022037,0.7447411821594767
0.8765940488841658,0.8744686503719448,0.0038186373509322582,0.3664631556069273,0.335313243954734,0.3501968706077882,0.7428183429797888
0.881663814663683,0.8804791365012505,0.0037218625690536413,0.37244553448770984,0.3347035197807822,0.35256734225183717,0.7436011577859399
0.8685638649900728,0.8672402382528127,0.0039037833539938625,0.38221878148885446,0.3349938511372738,0.35705155141820605,0.7434435099513919
0.8784479345387356,0.8742246271611456,0.0038094359971807224,0.3535179125562975,0.3354326923076923,0.3442379304134994,0.743039754476214
0.8811280969952556,0.878624143384291,0.0037489017553033006,0.4188323854869285,0.33410875742221663,0.37170386875805533,0.7442056702618004
0.876204302494391,0.8740926488055959,0.003811146418231324,0.35391382552530454,0.3348995027477238,0.3441442240414622,0.74347415884892
0.8694904037061548,0.8676373262739907,0.0038988331049719296,0.35661797255422756,0.3347742113155418,0.3453510273563541,0.7435946492052558
0.8725,0.8706578947368421,0.0038493458957206735,0.31043381350957894,0.33305413305915993,0.3213463909681399,0.7456438104818337
0.8760795603245224,0.8754252813399633,0.003777643607277904,0.33965135497552,0.3335336049335236,0.33656468160205905,0.7451477023179707
0.8810438468671348,0.8787918929659557,0.003756333492458592,0.33914752091738537,0.3338507346367306,0.33647828378179395,0.7448266280854385
0.8808139534883721,0.8792283298097252,0.0037457846968921254,0.4303608938142836,0.33436996609408237,0.37634091944489806,0.7443969128829822
0.880946088794926,0.8789640591966174,0.0037493170949227483,0.32546097366555826,0.33353490054203916,0.32944847678260536,0.7449224915732029
0.8789243608424957,0.8618360047688436,0.003971595826297129,0.33933173973824965,0.3388796784727455,0.33910555844496443,0.7375245293245152
0.879994725042859,0.8722141632599235,0.0038338260132840998,0.3323882524586062,0.33509494105599674,0.3337361088564566,0.742628842831329
0.8769574944071589,0.8748519542045006,0.0037957805587103956,0.4592915675389902,0.3359773065075294,0.3880738924892072,0.7418167246547717
0.8839250099720782,0.879005451402739,0.0037604592923582603,0.3215799377874799,0.3328926628362231,0.3271385286496715,0.7460972512542434
0.8761740971027914,0.8749834634210875,0.00380409611641997,0.292047511811719,0.33288036639991947,0.3111299275566845,0.7458166397955402
0.8792716717245019,0.8786119540836522,0.003751289319189927,0.29306399084587625,0.3330832332933173,0.31179472772393124,0.7456861143811335
0.8772138514406556,0.8761564895585514,0.0037869912312605966,0.3294703041890335,0.3334046081199485,0.33142578068817496,0.7451844369548142
0.8800105485232067,0.6682489451476793,0.005406623590256295,0.3095322580090591,0.30709394512661836,0.30830828068147154,0.7831871638791228
0.8757255936675462,0.8672823218997362,0.003896817184767057,0.3054022839470601,0.3315168537404337,0.31792420201682986,0.7471239701875814
0.8734193888303478,0.8717070600632244,0.0038380317289693775,0.3439129527914899,0.3340373259381128,0.33890321078183067,0.7442014985057424
0.8757559821193794,0.8736523797002367,0.003809559007241421,0.3753131179960449,0.33365220086196073,0.3532585995418078,0.7448657785272994
0.8759821896280775,0.8676008381351493,0.0038785521882926306,0.30955232749776,0.3318798570507233,0.3203274942369531,0.7466675546548833
0.8770589010409804,0.8756094347081302,0.003788407262948939,0.3256985698569857,0.33325239259570383,0.32943218495604604,0.7453836601208083
0.8804534071437986,0.8797943851324634,0.003733515237015057,0.38450645064506456,0.3344869267675828,0.35775678897460883,0.7438589969589875
0.8812797461660498,0.8673982020095188,0.0038994935392342245,0.3231487377709988,0.3329353449768204,0.3279690494486979,0.7457081430240239
0.8826092697741978,0.8563317047405256,0.004030579601762873,0.33155394641758607,0.3378112773244255,0.3346533646165258,0.739045579730728
0.8792553191489362,0.872872340425532,0.0038413729286293817,0.33844642386141177,0.3356919769047553,0.3370635732165934,0.7420058255066959
