Majority Class Accuracy,Accuracy,Precision,Recall,F Score,Support
0.475210970464135,0.475210970464135,0.22582546644946502,0.475210970464135,0.3061602319543694,
0.47479437516582645,0.47479437516582645,0.2254296986891076,0.47479437516582645,0.3057100060661137,
0.4765666140073723,0.4765666140073723,0.2271157375864518,0.4765666140073723,0.30762680861388875,
0.4812050119968009,0.48107171420954414,0.2315558517728606,0.48107171420954414,0.3126316630596677,
0.48568398727465534,0.4855514316012725,0.23594966119191813,0.4855514316012725,0.31757594526723715,
0.4766853184119371,0.4766853184119371,0.22722889278948988,0.4766853184119371,0.3077553354886162,
0.4765895184889598,0.4764565043894653,0.22713460021653195,0.4764565043894653,0.30762116501080355,
0.47035573122529645,0.47035573122529645,0.2212345138964833,0.47035573122529645,0.30092651621403377,
0.4699223377649072,0.4699223377649072,0.2626413517532004,0.4699223377649072,0.30074668139126426,
0.4746978350378536,0.4746978350378536,0.22533803458962529,0.4746978350378536,0.305605703400034,
0.4886709950973897,0.4886709950973897,0.23879934144947307,0.4886709950973897,0.32082218601142376,
0.4811556139198949,0.4811556139198949,0.23151072480663099,0.4811556139198949,0.3126082399862568,
0.4689153439153439,0.4689153439153439,0.21988159975924523,0.4689153439153439,0.29937953969921555,
0.4731437598736177,0.4731437598736177,0.22386501750734358,0.4731437598736177,0.30392827041747666,
0.47552725825706327,0.47565990184374585,0.39129743693103636,0.47565990184374585,0.3067948271799722,
0.47425118234366787,0.47425118234366787,0.22491418395436694,0.47425118234366787,0.3051232878739335,
0.47922181048173634,0.47922181048173634,0.22965354364139323,0.47922181048173634,0.31050589169801696,
0.4659949622166247,0.4659949622166247,0.21715130481127348,0.4659949622166247,0.29625109281812906,
0.4796554009277667,0.4795228628230616,0.23006671623447703,0.4795228628230616,0.31094664765394375,
0.4843915343915344,0.4843915343915344,0.23463515859018505,0.4843915343915344,0.31613648172193887,
0.47465861344537813,0.4742647058823529,0.2252321218818584,0.4742647058823529,0.30541852886162035,
0.46253469010175763,0.46253469010175763,0.21393833954752894,0.46253469010175763,0.2925583112598088,
0.48153051767509597,0.48153051767509597,0.23187163945244593,0.48153051767509597,0.3130163525977344,
0.48480042294475284,0.4845360824742268,0.2588473363667268,0.4845360824742268,0.3167843995935013,
0.4772366331392271,0.4772366331392271,0.22778495024487797,0.4772366331392271,0.3083801270674766,
0.4770509100501187,0.4770509100501187,0.22757757077964644,0.4770509100501187,0.3081512888028002,
0.4769066950618927,0.4769066950618927,0.22743999579485713,0.4769066950618927,0.3079950772182339,
0.48618638466622605,0.48618638466622605,0.23637720063481552,0.48618638466622605,0.31809899898645905,
0.4724534284581847,0.4724534284581847,0.22321224206189305,0.4724534284581847,0.3031841112905282,
0.4907161803713528,0.4907161803713528,0.24080236967825003,0.4907161803713528,0.32306937141886216,
