Majority Class Accuracy,Accuracy,Standard Error,Precision,Recall,F1 Score,Euclidean Distance
0.12457067371202113,0.1394980184940555,0.003982098670181397,0.1389578340122082,0.13718430214725844,0.13806537279664516,0.8715695341888119
0.1228813559322034,0.1251324152542373,0.003807370018809166,0.11701190528467767,0.12553956339510225,0.12112582604775692,0.8833490367137807
0.12961985216473074,0.13397571277719114,0.003913434695308575,0.12754326995188991,0.13478327576870774,0.13106336363440715,0.8739999609822018
0.12016373960121485,0.13878251683612836,0.003972737044144055,0.15074919745490328,0.13961051190585783,0.1449662053486023,0.8691356471803939
0.12845377258235918,0.12420297555791711,0.0038012630811724074,0.11300737316069256,0.12171397014625424,0.11719919330216332,0.8872041448493676
0.1203837560783283,0.1360231305033513,0.003930009938188706,0.1404525701128435,0.13432868716847549,0.1373223890112769,0.8744578965504071
0.1261534405483786,0.13577643026628,0.0039329536408337275,0.13337881997731174,0.13342594312182554,0.13340237738811606,0.8753665899912112
0.12903225806451613,0.14009597440682484,0.004007276312491862,0.13705442157467146,0.13803144173608933,0.13754119661820996,0.8707152576005412
0.12971760358933757,0.12193190815518606,0.00375876766768419,0.12157109911554967,0.12026241732651581,0.12091321725605372,0.8886546801391682
0.12360298030867482,0.11788185204896222,0.00371957626699195,0.12455680151728328,0.11907979039269671,0.12175673366948994,0.8898613601081694
0.12363442579269918,0.13602451372235544,0.003956899511258766,0.12817071246273543,0.13600324074599027,0.13197086277375455,0.8727682270453587
0.12371811727583487,0.12332369182224559,0.0037702029868954185,0.12016308830670551,0.12064439922296813,0.1204032627577874,0.8882897069787232
0.1309508110246604,0.13411578530924437,0.003913355765618054,0.12375683320513184,0.1378896270372817,0.13044153976446163,0.8708765804291446
0.12566067653276955,0.11522198731501057,0.003670238443451658,0.12127368822490352,0.11459617893502597,0.11784041296388671,0.8943881801154496
0.11994733377221857,0.14641211323238973,0.004056474377511453,0.13293499005115833,0.14567701216743997,0.13901462972845602,0.8629940779008379
0.12552687038988408,0.1256585879873551,0.0038041577008598062,0.12524836403861137,0.12462215876787436,0.1249344767307719,0.8842574778388635
0.12386108543509837,0.15357190017166247,0.004143019113496297,0.15788790317468226,0.15452030705976427,0.1561859546601903,0.8540668813614589
0.12636049907087868,0.14202282983806744,0.004021648770385188,0.1379813564172459,0.14062020858306615,0.13928828518925065,0.8680963126707129
0.12804878048780488,0.12393955461293743,0.003793771431205033,0.1260013387898266,0.12485412894384687,0.12542511066224285,0.8840239353424035
0.13015873015873017,0.13637566137566137,0.003947025877180679,0.12957326892643,0.1328613069474105,0.131196690052683,0.8759362698481956
0.12177023983039618,0.13303299324234796,0.003909253121045034,0.12987839929087996,0.1342477519164255,0.13202693521717626,0.8745447644619567
0.12727031685005966,0.13906933580803393,0.003984077011499705,0.1417460112146335,0.13880642956152428,0.14026082016509134,0.869927171259726
0.12934004770739466,0.13437582825337926,0.00392614978549795,0.13793367082224303,0.1364468548813464,0.13718623446523842,0.8723233068539163
0.11211118464592985,0.13752481800132363,0.003962293195108213,0.12848672793514787,0.13715287587040678,0.13267844097812626,0.8716055623496157
0.12137133849993433,0.12032050440036779,0.0037286716578021385,0.12336557344333295,0.12293425007269854,0.12314953408854079,0.8859737060294368
0.12634230412302797,0.11944849529364975,0.0037341836196879627,0.11414420442952919,0.11975788293788137,0.1168836792006649,0.8891778760307668
0.12719298245614036,0.13423710792131846,0.003930170429345271,0.1275925444993538,0.13323297584209004,0.13035177214759736,0.8755645110696753
0.12266772528781263,0.12306470821754664,0.00377899072710673,0.1060777278223693,0.1190685712878046,0.11219836654819226,0.8898676465100482
0.12760348009491168,0.1397310835750066,0.003980679477594642,0.12475097550654209,0.13814461982042398,0.131106617150771,0.870606701124711
0.11620875509399238,0.14512948599973707,0.004038511178337394,0.1380236550092225,0.1446336924309849,0.14125138474263185,0.864055824755045
