Majority Class Accuracy,Accuracy,Precision,Recall,F Score,Support
0.5943159286186385,0.5805684071381362,0.3923249479140972,0.5805684071381362,0.4469384261936073,
0.6057993730407524,0.5974399164054337,0.4061886143898153,0.5974399164054337,0.4607782497274122,
0.6021931562954155,0.5938697318007663,0.4056019192679128,0.5938697318007663,0.4554843790473561,
0.6112943660113471,0.5982319567225227,0.4251621834316429,0.5982319567225227,0.4704201873315722,
0.6030170702659786,0.5589519650655022,0.4042313428697403,0.5589519650655022,0.4535385593398958,
0.6133632642281791,0.6020071305955368,0.4095664705353618,0.6020071305955368,0.46840906250795783,
0.6098981077147017,0.5672886065899166,0.41679059162412346,0.5672886065899166,0.4628420547255368,
0.6054666666666667,0.43906666666666666,0.3842515649826108,0.43906666666666666,0.3976381648229341,
0.603448275862069,0.5763358778625954,0.4002115554859313,0.5763358778625954,0.45747698527857406,
0.6019828155981494,0.5816259087904825,0.4001984668544629,0.5816259087904825,0.45769442125999127,
0.6049812533476165,0.5698982324584896,0.41237547384739504,0.5698982324584896,0.4653275964227459,
0.6053729786124152,0.531038080333855,0.40703725760272047,0.531038080333855,0.45315344220452114,
0.6021061050386564,0.5850439882697948,0.4014300778592105,0.5850439882697948,0.4560085353920835,
0.6166930379746836,0.49683544303797467,0.39927146789390267,0.49683544303797467,0.4313172013085182,
0.6016099234626551,0.5092372657693323,0.40961268188313765,0.5092372657693323,0.43626848096194704,
0.6052457279109816,0.5923963438866074,0.4018254957623602,0.5923963438866074,0.46017761241304556,
0.5996034368803701,0.580039656311963,0.40178805404545126,0.580039656311963,0.45520934144338,
0.6030071221313638,0.4754682141915062,0.3746100071633212,0.4754682141915062,0.409000062799015,
0.6051660516605166,0.5823668950975224,0.41186902966463784,0.5823668950975224,0.45934995745745344,
0.603416313559322,0.5844809322033898,0.40635452634177976,0.5844809322033898,0.45732330925136344,
0.6030716271680127,0.5873162981596717,0.3989101952897393,0.5873162981596717,0.4586118054815962,
0.6005823186871361,0.5940974060349391,0.39535037588045774,0.5940974060349391,0.45271476933685445,
0.6050475687103594,0.5913054968287527,0.39261519193069794,0.5913054968287527,0.45822747504016165,
0.6006884681583476,0.5862571163775983,0.38930377829238627,0.5862571163775983,0.4509926905301605,
0.6058691933149098,0.5862613501776549,0.41399224606846546,0.5862613501776549,0.46293844839560294,
0.6125744540039709,0.47081403044341497,0.402153973291267,0.47081403044341497,0.4296897424591114,
0.6078249336870026,0.5844827586206897,0.42030232653793603,0.5844827586206897,0.46783661724727627,
0.5992578849721707,0.5535382984362576,0.40196550846427104,0.5535382984362576,0.457486809401044,
0.6076688337534828,0.574631816372562,0.4014297465172601,0.574631816372562,0.46455486414791136,
0.611418776371308,0.46044303797468356,0.39922873497963157,0.4604430379746835,0.4192867630381517,
