Majority Class Accuracy,Accuracy,Standard Error,Precision,Recall,F1 Score,Euclidean Distance
0.8707850368809273,0.8707850368809273,0.003849761129145089,0.29026167896030913,0.3333333333333333,0.31031002839775634,0.7453559924999299
0.876657824933687,0.876657824933687,0.003786911756566172,0.2922192749778957,0.3333333333333333,0.31142520612485275,0.7453559924999299
0.8773126886235402,0.8773126886235402,0.0037581235110523297,0.2924375628745134,0.3333333333333333,0.3115491251368793,0.7453559924999299
0.8790035587188612,0.8790035587188612,0.0037440925303072665,0.2930011862396204,0.3333333333333333,0.31186868686868685,0.7453559924999299
0.8806810740013098,0.8806810740013098,0.0037098767253442165,0.2935603580004366,0.3333333333333333,0.31218515681222,0.7453559924999299
0.8806108897742364,0.8806108897742364,0.003736602461179181,0.2935369632580788,0.3333333333333333,0.31217192759456724,0.7453559924999299
0.8704759379557205,0.8704759379557205,0.0038661754564675555,0.29015864598524016,0.3333333333333333,0.31025113993432085,0.7453559924999299
0.8799946900305323,0.8799946900305323,0.0037441761591383116,0.2933315633435108,0.3333333333333333,0.3120557360071553,0.7453559924999299
0.8810660302307081,0.8810660302307081,0.003727467985389203,0.29368867674356935,0.3333333333333333,0.3122577007119194,0.7453559924999299
0.8770610737369741,0.8770610737369741,0.0037713459944328015,0.292353691245658,0.3333333333333333,0.31150152260482544,0.7453559924999299
0.8755766442599183,0.8755766442599183,0.0037893349656030607,0.2918588814199728,0.3333333333333333,0.31122042632935115,0.7453559924999299
0.8751495811727164,0.8751495811727164,0.003811521308830102,0.2917165270575721,0.3333333333333333,0.31113947387080765,0.7453559924999299
0.8732953793194757,0.8732953793194757,0.003827516444998106,0.29109845977315857,0.3333333333333333,0.310787570381888,0.7453559924999299
0.8711004911721758,0.8711004911721758,0.0038607864187377374,0.29036683039072525,0.3333333333333333,0.31037010760316897,0.7453559924999299
0.8775265957446808,0.8775265957446808,0.003780437986583464,0.29250886524822695,0.3333333333333333,0.3115895837759992,0.7453559924999299
0.8751152680806218,0.8751152680806218,0.003794353660550233,0.2917050893602073,0.3333333333333333,0.31113296801086604,0.7453559924999299
0.8780744442983033,0.8780744442983033,0.0037524986558089327,0.29269148143276774,0.3333333333333333,0.31169316245301953,0.7453559924999299
0.8829067762896168,0.8829067762896168,0.0037026173855054132,0.2943022587632056,0.3333333333333333,0.31260417400286405,0.7453559924999299
0.8828114678293038,0.8828114678293038,0.003697066715469947,0.29427048927643457,0.3333333333333333,0.3125862512572217,0.7453559924999299
0.8784298280162793,0.8784298280162793,0.0037443382539377283,0.2928099426720931,0.3333333333333333,0.31176032056658276,0.7453559924999299
0.8774496995035276,0.8774496995035276,0.0037482113902725517,0.2924832331678425,0.3333333333333333,0.3115750405938297,0.7453559924999299
0.871099947117927,0.871099947117927,0.0038528737763482046,0.29036664903930903,0.3333333333333333,0.31037000400386255,0.7453559924999299
0.8749504296100463,0.8749504296100463,0.00380301781819098,0.29165014320334876,0.3333333333333333,0.3111017108479037,0.7453559924999299
0.8780713342140026,0.8780713342140026,0.0037607102228001694,0.2926904447380009,0.3333333333333333,0.3116925746172422,0.7453559924999299
0.875,0.875,0.0038076602758447377,0.2916666666666667,0.3333333333333333,0.3111111111111111,0.7453559924999299
0.8859356217443569,0.8859356217443569,0.0036738564614618827,0.29531187391478564,0.3333333333333333,0.31317280453257784,0.7453559924999299
0.879205298013245,0.879205298013245,0.003750555666710933,0.2930684326710817,0.3333333333333333,0.31190677567897757,0.7453559924999299
0.8773287850957754,0.8773287850957754,0.003757664919759693,0.2924429283652585,0.3333333333333333,0.31155216996296037,0.7453559924999299
0.8792442859030255,0.8792442859030255,0.003745323796176913,0.29308142863434183,0.3333333333333333,0.31191413573303334,0.7453559924999299
0.8765399390647768,0.8765399390647768,0.003786207273402642,0.29217997968825893,0.3333333333333333,0.3114028895477434,0.7453559924999299
