Majority Class Accuracy,Accuracy,Standard Error,Precision,Recall,F1 Score,Euclidean Distance
0.3340347185691741,0.3264071541294056,0.005377216385610062,0.32343516911582665,0.3261348344269008,0.32477939175800713,0.7533006619290077
0.32916177812540737,0.35249641506974316,0.0054547198378123805,0.3688657139411356,0.35740011511127173,0.363042410504626,0.7185145855187438
0.32971254470790834,0.3249437011524705,0.005390503665707859,0.32128131938309235,0.32721564793842234,0.32422133144788884,0.7522315327082292
0.3323703217334209,0.359553512803677,0.00549905721322323,0.37509784786335487,0.3603637650671818,0.36758321671209315,0.7151445781221633
0.32602047600053186,0.3566015157558835,0.005523238726566703,0.35852542232259216,0.35690002924137304,0.35771087939626717,0.7188340857754956
0.3348332451032292,0.32464266807834835,0.005386710483534432,0.3200744600102879,0.3277484702628252,0.3238660125671861,0.7517681277328574
0.3283008872996954,0.38180373460468814,0.005590891182055708,0.38272150213599393,0.38178786076138976,0.3822541113535049,0.6912551425922053
0.33091053257565745,0.34624025373331574,0.005469353574442631,0.3397792088667864,0.34185195210744385,0.34081242902868153,0.7357838514614317
0.332934131736527,0.3439787092481703,0.005479743825475063,0.34150124054202613,0.34437582943028094,0.3429325111215003,0.733057384313398
0.33964262078093976,0.30363997352746525,0.005290286042062742,0.30674579179363515,0.30437693508072416,0.30555677231179723,0.7775994703794868
0.33023995757656105,0.3678907596447037,0.00555243464678279,0.3613835804832159,0.3680772868608742,0.3646997221513342,0.7064703288649197
0.3393285371702638,0.3667732480682121,0.005562553137846417,0.3657520761247175,0.3643982944175299,0.3650739302386094,0.71049253210069
0.33075003283856563,0.3474320241691843,0.0054572002088421005,0.35956983643938467,0.3500845696177801,0.354763812816453,0.7266866148300598
0.33771699105733827,0.3538926880589164,0.005483616425807465,0.3624543442772848,0.35120131933825444,0.3567391121515443,0.7254358733388985
0.3355722375872514,0.3811405241669959,0.0055735498020192216,0.3650846249824839,0.3803028036974288,0.37253836360925635,0.6927908092046978
0.33289229955014554,0.36623445355914264,0.005541667546768956,0.37862874779747174,0.3639502424264615,0.3711444206331817,0.711115117280577
0.3275930586832693,0.3715723936945291,0.005561662551338807,0.35465410945221887,0.3724045318139946,0.363312641072382,0.7016540579581275
0.337485249770552,0.36541235085879115,0.005513921077196728,0.3515992089730393,0.3624216097657886,0.35692839190168396,0.7127042256973691
0.33241143158172,0.3655998946397998,0.005526853516762944,0.3845637537038935,0.36322808663696615,0.37359155024778984,0.7119699604415499
0.3328901887795799,0.3298324913586812,0.005420904260812324,0.3269641664036689,0.32941673235468505,0.3281858673752251,0.7497233374459702
0.3302387267904509,0.3657824933687003,0.005546830539474247,0.3492117876040606,0.36743327807526494,0.35809088210285245,0.7073076181621338
0.32798833819241985,0.3786111847336337,0.005583673755373267,0.3879863261661032,0.37737409624489543,0.38260663840201814,0.6961484329013132
0.32471643365866526,0.33605908731205486,0.005424761476862842,0.3243730716937351,0.3322766466577146,0.3282772946253523,0.7465126513991842
0.33381427072402936,0.33840503672612804,0.005419048781501246,0.35802877776799996,0.33709964216079347,0.3472491396085409,0.7412518694336094
0.32737782448765107,0.371518654755649,0.005538435707840675,0.35171276198782225,0.3722314541179091,0.36168132824044164,0.7018310727646273
0.32699215112411867,0.37514966076892375,0.005584290580691064,0.38441871705861325,0.3759591193144238,0.38014185948058954,0.6977086463546671
0.33200425305688464,0.3686868686868687,0.005561947086113052,0.3739252747554633,0.3684844858267013,0.37118494373734934,0.7060769174863311
0.3355695869508024,0.3676664035780058,0.005530140551523338,0.3756841282911996,0.367935665620896,0.371769527755117,0.7066661235425931
0.3266710787557909,0.3781601588352085,0.005579045757936687,0.38350101217274785,0.37647302384640774,0.3799545217547229,0.697005806206901
0.3311722677957131,0.3383170150833554,0.00544231230418225,0.3552413312486887,0.33664140246471197,0.34569135530567335,0.7417384905475467
