Majority Class Accuracy,Accuracy,Standard Error,Precision,Recall,F1 Score,Euclidean Distance
0.376419329284394,0.37615526802218113,0.005566204779126113,0.06613681966390769,0.08353592176256819,0.07382506848494166,0.9202364246344287
0.37174917491749176,0.3702970297029703,0.005548194360290097,0.060790860504522905,0.08325928356135405,0.07027280014895525,0.9205238515954676
0.38153194867045903,0.3810027781452573,0.005585682531610744,0.04318181818181818,0.08328909577406012,0.05687591680563385,0.9204896288806226
0.37142857142857144,0.36800526662277816,0.00553375410945118,0.059022234124981254,0.08409927141152757,0.06936381598816158,0.9196309421867392
0.3588693699643376,0.35134064192312775,0.005486506728022017,0.08836614148860283,0.08401660976183835,0.08613650230957591,0.9197154802714758
0.36996047430830037,0.3603425559947299,0.005510748848992179,0.052636920727328916,0.08693037655515713,0.06557048002827318,0.91671312390011
0.37385655574705023,0.3525122630253215,0.005500863073811173,0.05071332384875283,0.08715668727989921,0.06411844419865204,0.9164401674929823
0.3729486500794071,0.3726839597670725,0.005562468597224098,0.05932058069534193,0.08351019357126331,0.06936702824814131,0.9202604385217917
0.38044338875692796,0.35998944312483505,0.0055139287621174685,0.052363372250184566,0.08939511097547814,0.0660423188346884,0.9141504058953304
0.38353996307043,0.37008704827222366,0.005544984318389598,0.052172729687589826,0.08760910170548929,0.06539914287715316,0.9160114101157133
0.3767386408795867,0.3750165584845675,0.005572046921423946,0.04404191588475966,0.08318449967519145,0.057591887997257146,0.9205968872718794
0.3799416290793314,0.37410453701247015,0.005573388572044903,0.04812062108173693,0.08358013101474683,0.0610767630480364,0.9201772000079175
0.3649946638207044,0.36406083244397014,0.005557506470073706,0.04232963792674287,0.0832323865218602,0.05611882734004856,0.9205490550579694
0.37878587488427456,0.3717762200767094,0.005557869823671582,0.04879515217787498,0.08273442969609511,0.06138602479918011,0.9210771978003858
0.37491818300824714,0.3715145961513287,0.0055286269125706805,0.046410864219970406,0.08326580605089705,0.05960112965150277,0.9205075942783634
0.37102520121388044,0.3699696529885209,0.005545718639729474,0.046000410034852966,0.0834606702034706,0.05931087619654793,0.9203090313532856
0.38167837730346016,0.3808829378231473,0.005591265198480063,0.060582380065620285,0.0832680735041456,0.07013642225206597,0.9205132278887345
0.3818663136995367,0.36055592322964924,0.005524212386894755,0.05147901278345975,0.0866035283516501,0.06457390060261173,0.9170348867965878
0.37582128777923784,0.37109067017082786,0.005537856631290173,0.04942162891546409,0.08504961955181116,0.06251582825028827,0.9186433218637481
0.3833377273925653,0.37740574742947536,0.005565451330777083,0.049363194562059655,0.08416043008533657,0.06222760497552298,0.9195702363820543
0.3701461103067,0.32407529287876796,0.005369712808051425,0.05018573669744852,0.08501273943569441,0.06311353617694622,0.9187371901721932
0.38377164001585834,0.3841680983216598,0.005591519879459126,0.07078439663746303,0.08382349580210509,0.0767541097775991,0.9199386208786252
0.3877062267163385,0.37413517828632253,0.005581631456834884,0.051935017775344594,0.08671562306155613,0.06496295145724865,0.9169171253338694
0.3814581694204039,0.3772619984264359,0.005550419577254769,0.04826956866633175,0.083397975855433,0.06114770859908408,0.920375814744074
0.37471991564518253,0.37445630684064846,0.005556410939778228,0.04798724591470705,0.08353198209333522,0.0609564065599696,0.9202366850900101
0.376158940397351,0.3691390728476821,0.005553775849939298,0.0494459792193583,0.08455928839872151,0.06240227554163398,0.9191577827478109
0.381293057763646,0.3782458929517753,0.005581880005468978,0.04979404734087331,0.08434725335273581,0.06262040258744653,0.9193834765328103
0.3789083200847907,0.3630100688924218,0.005534898659989791,0.0509347890330878,0.08599503477552257,0.06397640531994697,0.9176657413730226
0.38241119767595405,0.3822791496104582,0.005584090620271352,0.0318608029582673,0.08330455801104973,0.04609285441345051,0.9204766745299662
0.3780118499012508,0.36747860434496377,0.005532096539790474,0.05239081639058263,0.08774204164340745,0.06560741367823404,0.9158706319365971
