Majority Class Accuracy,Accuracy,Standard Error,Precision,Recall,F1 Score,Euclidean Distance
0.08674827035657265,0.09765832889835019,0.0034241025693485514,0.09212938622938179,0.09769047355003872,0.09482846925586533,0.9060302736527961
0.0858806404657933,0.10400952759031362,0.003511668780060083,0.098483622505167,0.10395229619532975,0.1011440930321526,0.8997433318181164
0.0854031079824678,0.09961482268561563,0.0034514970214472884,0.09542654548512951,0.0978665570672594,0.09663115068392729,0.905850247381438
0.08515975706363876,0.09004489041457618,0.0032890984308109614,0.08871168634104139,0.08971197427889381,0.08920902637702749,0.9140410329129708
0.08357615894039735,0.09271523178807947,0.0033379042793080216,0.08194732753274604,0.09098112045717906,0.08622826104164243,0.9127619016224953
0.08446974712034953,0.09572355355487885,0.0033853242596346743,0.09608918797341372,0.0971236198861589,0.0966036348344195,0.9066017874458537
0.08029004614370468,0.0978246539222149,0.003411079528158844,0.10879650248839699,0.09954427136691633,0.10396494519116599,0.9041729077060667
0.08747488278633624,0.10917615539182854,0.0036094822372267892,0.09972104760661649,0.11202065882727151,0.10551362450010993,0.8916483902226566
0.0883912006360986,0.08799363901404718,0.0032611154391784603,0.09099298416257112,0.08989591238762583,0.09044112146371774,0.9138566773390973
0.0831013916500994,0.10086149768058317,0.0034669404483483736,0.09419303503725392,0.10004361207837027,0.09703021131889544,0.9036675129006276
0.08436106008921543,0.1025977433744424,0.0034755857724153814,0.08861528592599027,0.10211979762018507,0.09488946549915851,0.9015830701245379
0.08172757475083056,0.09182724252491695,0.003329022684499446,0.07925784234339722,0.09099403100531929,0.08472142387341508,0.9127463728035403
0.08217716115261472,0.10005336179295625,0.0034658473707281224,0.08622567372774477,0.09955591471727376,0.09241255704538581,0.9041539702113466
0.08926673751328375,0.10095642933049948,0.003472302520099783,0.08975576598341285,0.09833148756709159,0.09384812442383683,0.9053831613582806
0.08321263989466754,0.10454246214614878,0.0035107909593958104,0.10272921206374953,0.10363078529111995,0.10317802922043064,0.9000670171130263
0.08428665351742275,0.1071663379355687,0.0035470300185560266,0.07891820149820437,0.10204725626626172,0.08900467560877337,0.9016492800969281
0.08054310572106511,0.1009754811494859,0.0034592927335227023,0.09823931471915597,0.10155715856952464,0.09987068839077447,0.9021488176218122
0.08549497088406564,0.10084700899947062,0.0034641950202146305,0.0983881579013105,0.10077597345264254,0.09956775169616977,0.902934299104045
0.08428816014750427,0.0970630844198604,0.0033974185097402636,0.08132351431153985,0.09515932740872769,0.08769907430056359,0.9085681081776685
0.08359914938862308,0.10260499734183945,0.0034982567972720114,0.08825747377010928,0.10390512798810071,0.09544421259999775,0.8997920824374933
0.08155981493721084,0.10152015862524785,0.003472368808821273,0.09304652553532163,0.10079164826626112,0.0967643523484046,0.9029173144142294
0.08015470792211256,0.09975993598292879,0.003460863982969724,0.08614880557968395,0.09728969563121657,0.09138093713711888,0.906428720898324
0.08083079772456674,0.09697049874322,0.003403600754670981,0.09022600045009993,0.09676523609690679,0.09338127707860538,0.9069593820079185
0.0846194784459819,0.1001862692921767,0.003463275372948758,0.08401243046337446,0.0998338010672209,0.09124234095229151,0.9038767180570045
0.08115597783056215,0.10675640010556875,0.003547354705697227,0.10146691853547209,0.10492740344318045,0.10316815109292583,0.898761947617445
0.08342161016949153,0.0971927966101695,0.0034086589968706166,0.07997796906720919,0.0966208068653134,0.0875151694785866,0.9071015553975479
0.08325612177365983,0.09583057577763071,0.0033865673947563488,0.10371357431985574,0.09791983538787323,0.10073346614143924,0.9058027438842038
0.07835572701875748,0.10748969003591859,0.003572463094250882,0.09719133211593345,0.10456948444202428,0.10074550316540008,0.8991182495628735
0.08361248827549243,0.09741390861583814,0.0034324014933073675,0.09289799839022134,0.09747788184818827,0.09513285085983461,0.906243569726321
0.08093333333333333,0.09426666666666667,0.003374027508724496,0.07988389938952793,0.0932570393534119,0.08605400898436541,0.9104799711475758
