Majority Class Accuracy,Accuracy,Standard Error,Precision,Recall,F1 Score,Euclidean Distance
0.7607459330776353,0.753471762994313,0.0049565239226886625,0.3321729921177819,0.3360057629008915,0.3340783848432533,0.7416203559368792
0.7615902786950205,0.738739928675208,0.005049003642615094,0.41598660237721585,0.3391736072888336,0.3736734926076156,0.7380068944922443
0.7695265879856783,0.763559209653892,0.004892919725556449,0.42257993222336815,0.3395200589473785,0.376523724342393,0.7376529149333508
0.766050777615313,0.7527582081616376,0.004973855456024398,0.3706422835554342,0.3381121576580484,0.35363069329815194,0.7391921305641027
0.7658646218931782,0.7600475938656795,0.004910290526761252,0.3675631989139107,0.3365192189149397,0.3513568226339466,0.740755702666964
0.760457774269929,0.7411207576953434,0.00502376331748321,0.32466312631378963,0.33608555938297385,0.33027561243843595,0.7416836309341698
0.7627409559017692,0.7553472405598098,0.0049395311933575145,0.5075039361223571,0.3397666207867415,0.4070314871823487,0.7370610576600953
0.7667460947842203,0.736563410113847,0.005068210311137194,0.3456070054850373,0.3378038521525517,0.3416608807981933,0.7392141895422595
0.7663662867744501,0.7378743705274318,0.005062762511917547,0.3515610545893297,0.3369157509426297,0.3440826350500736,0.7399188801351645
0.7650019870181481,0.7423499801298186,0.005033553953570707,0.340287986753988,0.3329946369420053,0.3366018091565504,0.7453413078587438
0.7668711656441718,0.7550013336889837,0.004966872382218842,0.36110194317054,0.3368775527169883,0.3485693766461089,0.7412166573598115
0.7611920529801325,0.732317880794702,0.0050954908291360014,0.3506069766564925,0.3379452672281096,0.3441597045701461,0.7379644655181332
0.7720519341453621,0.7632177753982063,0.0049182366108714804,0.33518605673602275,0.33380706885890526,0.3344951415514957,0.7442776377484981
0.7701028209860269,0.7541523859741629,0.0049437458287041255,0.3646591419586702,0.335844903647015,0.3496594064327523,0.7418784114714981
0.7716049382716049,0.7639873916469662,0.0048663603141407205,0.40421474472673175,0.33654318678564216,0.3672879156577934,0.7413965289074739
0.766790549508893,0.7556410937085214,0.004950613962395002,0.36776507182681023,0.3348838928519134,0.35055512809198625,0.7435400872045039
0.7541715937458942,0.7412954933648667,0.005019689060679491,0.3391466366693711,0.33380122729684425,0.3364527019570612,0.7445147581549925
0.7617099881250825,0.756036416413775,0.004933190721164451,0.3881120573931031,0.33642813824741463,0.3604267028545064,0.7415672223097849
0.7603613177470776,0.7486716259298618,0.0049995008047483015,0.32676309207134924,0.33558521096310406,0.33111539860627054,0.7425556865794979
0.7582243361078082,0.7468622010833663,0.0049978070719706585,0.3150255671853944,0.3343380433414565,0.3243946227594845,0.7438170465536362
0.7675496688741722,0.7581456953642384,0.004928102948483271,0.3215272030946286,0.33371306082830027,0.3275068184664907,0.7445845187435095
0.7704326923076923,0.7582799145299145,0.0049475276264115235,0.35643253177004713,0.33356378676140447,0.3446191865928111,0.7447917814432953
0.7644287396937574,0.7379924093705013,0.005030460976560684,0.32723936858727914,0.33835960133068804,0.33270659150372267,0.7383466541073753
0.759591132350989,0.7492366918890216,0.0049941034049523925,0.3710815478568039,0.3365127775508118,0.3529527523986658,0.7412489120070771
0.7741123476417594,0.7578166401695814,0.004931037131563184,0.3591692476244654,0.33780505449328607,0.34815971520739636,0.7397040850887704
0.7668550400841109,0.7608095676172953,0.004890419253835623,0.3744665337138722,0.33649450935483044,0.35446648943795117,0.7414062660955681
0.7573636243560956,0.7478536520935147,0.004990660503955223,0.38445085778419114,0.33591164468569384,0.3585459251316659,0.7424075539640165
0.7598832581586628,0.747811090474927,0.005001852448533912,0.36975342648739207,0.337459633405303,0.3528692068320183,0.7403324458926827
0.7691494981510829,0.7625462229265716,0.004890095329663838,0.3256537744916051,0.3338293650793651,0.3296908935229334,0.7448343327002377
0.7607566271479952,0.7562275209804182,0.004955475897800514,0.3638647278055567,0.33516331818008677,0.3489247970531618,0.7429132249298595
