Majority Class Accuracy,Accuracy,Standard Error,Precision,Recall,F1 Score,Euclidean Distance
0.08449953351992537,0.0939624150339864,0.003368470272374681,0.09792949543308671,0.0933450260280518,0.09558232042915026,0.9103902675077653
0.08609271523178808,0.09523178807947019,0.003378206244878295,0.08726557930819018,0.09725101013284006,0.0919881053867107,0.9064771398854621
0.0815354070152217,0.08471211118464593,0.0032035711667070853,0.08597149061811325,0.08567091560495625,0.08582093993257879,0.9180978601671127
0.08278494340615952,0.07554619636746512,0.0030317910308400144,0.07544156734670163,0.075455808308874,0.07544868715579135,0.9283581768370935
0.08021744895253248,0.08711217183770883,0.0032471687962978254,0.0880948335857681,0.08368693304682163,0.08583433020375528,0.9200887442565137
0.08136761197985688,0.08719851576994433,0.0032477628871576195,0.07818061651387671,0.08493269444581107,0.08141690429666124,0.9188399911127821
0.08234362628661916,0.08960147796252309,0.0032809231522935053,0.10262284512892465,0.09147524503375182,0.09672892604312991,0.9122714000096054
0.0866938132142388,0.08590568763956391,0.0032116524935346478,0.08039057227712015,0.08696263219117502,0.08354755788255852,0.9168073760691016
0.08241179568193786,0.08952080042127436,0.0032757029706175396,0.0883897071514295,0.08930611870670002,0.08884554987372968,0.9144507784512762
0.08360807068442569,0.09639984175128577,0.0033892669888285695,0.08355709179796704,0.09538041588469952,0.08907813983795781,0.9083496350121004
0.08317978415372466,0.09594630165833114,0.0033787930214365454,0.08822977870428943,0.0967328189601856,0.09228584933459218,0.9069943923882169
0.08052980132450331,0.08291390728476822,0.0031735494420910117,0.08728705909032314,0.08404729937638018,0.08563654894092808,0.9197289161127666
0.08123028391167192,0.09739747634069401,0.0033992794734915353,0.08112441321713033,0.09796314222467405,0.08875214595762863,0.905756138674687
0.08256880733944955,0.08885976408912188,0.003257488729038004,0.08164749210329093,0.08717207296920232,0.08431938722652382,0.9165904771768121
0.08295785846806256,0.08719851576994433,0.0032477628871576195,0.0924286502651237,0.08614849557712646,0.08917814349657818,0.9176203084239767
0.08283789139912802,0.09499273351829832,0.0033701712783435643,0.09841290638220694,0.09532456917047115,0.09684412243873804,0.9084100658505972
0.08123433997098774,0.08571805354081498,0.0032148128415133664,0.08641209890126011,0.08352659871475683,0.08494485141146751,0.9202523722083982
0.08079470198675497,0.09006622516556291,0.0032946736113455247,0.08297581186066151,0.09205102025001873,0.08727813953711411,0.911697045705443
0.08452779638312123,0.0783657066309444,0.0031104801492532435,0.08719336384235947,0.07902323912962192,0.08290750644918883,0.924772860881394
0.08503311258278146,0.09125827814569537,0.0033142319001777864,0.07985984322064023,0.09037256463880156,0.08479159678527187,0.9133791328360648
0.0806957886476589,0.08461940884122417,0.0031828685030962783,0.0874285310369532,0.08688217180125868,0.08715449516527422,0.9168837534674132
0.0815782458011197,0.09037589976006398,0.0033103107646242935,0.08673257111608923,0.09034681681909508,0.0885028100248758,0.9134033693378557
0.08323424494649227,0.07358964196062888,0.003001171360624886,0.06946484820544603,0.07462860155431801,0.07195420038035605,0.9291864014275352
0.08394112186712638,0.08977589179153958,0.0032918463853780977,0.0879473639008412,0.08986397167326954,0.08889533834056235,0.9138890321336001
0.08525497430491501,0.08696797997101068,0.0032346732661262282,0.08029550802402512,0.08617458236685306,0.08313123220702975,0.9175926073733136
0.08672659968270756,0.08262823902696986,0.0031656374288306136,0.08671675737770557,0.08202551714072862,0.08430592617022402,0.9217610890966332
0.0866844207723036,0.0881491344873502,0.00327153043620324,0.09183694623021932,0.08960151438902357,0.0907054593718071,0.9141542225066365
0.08387267203803989,0.0936468101968036,0.0033482556100556467,0.08890595839374955,0.09283731453592751,0.09082911615344683,0.9109029067658443
0.08144736842105263,0.08855263157894737,0.0032588152315032697,0.0877319492131638,0.08995083430718369,0.08882753715095691,0.9138024998897616
0.0908486299547752,0.09643522213354616,0.003404445047993837,0.09277505833412523,0.09527713399269065,0.094009450830738,0.9084526795484068
