Majority Class Accuracy,Accuracy,Standard Error,Precision,Recall,F1 Score,Euclidean Distance
0.47807823575741665,0.47807823575741665,0.005723104897996345,0.02390391178787083,0.05,0.03234458259325044,0.9513148795220223
0.4742894910773298,0.4742894910773298,0.0057410405468520925,0.02371447455386649,0.05,0.032170716399175105,0.9513148795220223
0.4772577455504285,0.4773895847066579,0.0057351886463765985,0.03387862796833773,0.050037850113550345,0.04040240360607557,0.9512754463683593
0.48252027116841684,0.48252027116841684,0.00576114653477801,0.0324719524633054,0.050025658071972956,0.03938128099271488,0.9512879826474799
0.4770397976840144,0.4770397976840144,0.00576242029902338,0.023855165069222577,0.05,0.032299927901946655,0.9513146310122614
0.4780409901517168,0.4780409901517168,0.005762556182042436,0.02390204950758584,0.05,0.032342877723752925,0.9513148795220223
0.48929704016913317,0.4891649048625793,0.005746156458690349,0.024461477467952953,0.049986497434512556,0.03284826974267968,0.9513287795287672
0.4846520243450648,0.4846520243450648,0.005748596934600518,0.024232601217253243,0.05,0.03264414936280188,0.9513148795220223
0.47145122918318794,0.4713190589479249,0.005738800925170009,0.023575300806558244,0.049985982618446875,0.03203953279424977,0.9513288170205875
0.48267228883910923,0.48267228883910923,0.00573610084198372,0.024133614441955463,0.05,0.03255421258442944,0.9513148795220223
0.47566284131381087,0.47566284131381087,0.005735769400377763,0.02378941812904077,0.05,0.03223960661600358,0.9513143885655033
0.483704974271012,0.4835730307428421,0.005740233244306369,0.029756348157933366,0.05001353863967846,0.03731283390556548,0.9512999675039641
0.47693118903242815,0.4767993672554706,0.005734499857520685,0.023843111404087014,0.04998618021006081,0.03228599482281532,0.9513290994344988
0.4851210157386589,0.4851210157386589,0.005747619483047618,0.024256050786932944,0.05,0.03266541989491495,0.9513148795220223
0.47595070889095004,0.4756857029283159,0.005748687811029827,0.023803209123458426,0.04997216035634744,0.03224647444534268,0.9513425424518476
0.4798087141339001,0.4798087141339001,0.005758054839383865,0.023990435706695006,0.05,0.03242369838420108,0.9513148795220223
0.47221490650513565,0.47221490650513565,0.005728792733301444,0.023610745325256782,0.05,0.032075134168157424,0.9513148795220223
0.47138534403367977,0.47138534403367977,0.005725616707501196,0.023569267201683987,0.05,0.03203683834048641,0.9513148795220223
0.4827722251446607,0.4827722251446607,0.0057304800268318445,0.024138611257233038,0.05,0.032558758314855885,0.9513148795220223
0.4764300847457627,0.4764300847457627,0.005747195095795432,0.023821504237288134,0.05,0.032269058295964125,0.9513148795220223
0.4852304056715242,0.4852304056715242,0.00572648950387498,0.02426152028357621,0.05,0.03267037920975868,0.9513148795220223
0.48081234339970985,0.48081234339970985,0.005737589268364153,0.02404061716998549,0.05,0.032469498619645557,0.9513148795220223
0.48348745046235136,0.48348745046235136,0.005743612105133495,0.02417437252311757,0.05,0.032591273374888693,0.9513148795220223
0.48629683569442606,0.48616443797166686,0.0057510074552273695,0.04098096373835078,0.05004013310832632,0.0450597268417653,0.9512744337641188
0.4818181818181818,0.4818181818181818,0.005735374611577312,0.02409090909090909,0.05,0.03251533742331288,0.9513148795220223
0.47906666666666664,0.47906666666666664,0.0057684405235794945,0.023953333333333333,0.05,0.03238979536644731,0.9513148795220223
0.482712942111538,0.482712942111538,0.005751293951864445,0.02413884472708002,0.05,0.0325589706933524,0.9513146286570467
0.4716406042936655,0.4715080837529817,0.005746525595099203,0.023578528827037773,0.04998595110986232,0.03204250720461095,0.9513293271506299
0.4961599576271186,0.4961599576271186,0.005753421675303997,0.02480799788135593,0.05,0.03316222674572971,0.9513148795220223
0.4792626728110599,0.4792626728110599,0.005732344313740961,0.023966289175664998,0.05,0.032401637884991986,0.9513146306237286
