Majority Class Accuracy,Accuracy,Standard Error,Precision,Recall,F1 Score,Euclidean Distance
0.28706540562142,0.27547622219262025,0.005156264329483169,0.03980976032922333,0.05099264712506326,0.044712582353577134,0.9502945431510417
0.29165023011176855,0.2898093359631821,0.0052022839867439585,0.02989992220776902,0.050067707348410095,0.03744066350715362,0.9512457688394566
0.2895778364116095,0.2778364116094987,0.00514490987525209,0.02560604678059044,0.04943728822376133,0.033737666773198616,0.9518814640275283
0.28712350388004737,0.2867289227936341,0.005186454393033474,0.0468281190202832,0.05022940213247952,0.04846916330523787,0.9510827879950049
0.29206475583864117,0.2551751592356688,0.005021989826080794,0.030910831074239576,0.05366013582323816,0.03922574033861106,0.947596553479844
0.2979117102828443,0.29540047581284695,0.005244977138561482,0.033996246703185226,0.04992318839427507,0.040448342553553056,0.9513933581871822
0.2923667151739648,0.28165101203862947,0.0051735806963222305,0.028745705408022737,0.05105798812817518,0.03678270567246658,0.9502333812942495
0.29119488477421074,0.29079525775942455,0.0052413874858300395,0.029777651709836855,0.05014419450671831,0.037365912575279644,0.9511669979463122
0.28838752488387526,0.28029197080291973,0.005174184065535274,0.02405914857607153,0.05140157491327255,0.03277673657759532,0.9498847220349544
0.2875099232601217,0.2873776131251654,0.005205383769759925,0.03690876612278956,0.050257603950377684,0.04256105074787988,0.9510536269191884
0.2848252118644068,0.2560911016949153,0.005022571527819754,0.023655443196703048,0.05029335192933519,0.03217663053761569,0.9510238351486366
0.2931742876076872,0.2895957587806494,0.005221788161853904,0.02947576418664439,0.050832303535638154,0.037314333032188514,0.9504706146167956
0.2865466101694915,0.2838983050847458,0.005188451483277702,0.033763557182354284,0.050250358484506194,0.04038928167217106,0.9510578480890528
0.28272943665696904,0.2818037556202063,0.005173406646636913,0.02683897435897436,0.04996491755229309,0.03492029134626525,0.9513499645401218
0.28619079386257507,0.2827218145430287,0.005201608389382505,0.025079677305421516,0.050019269173996975,0.03340838157511729,0.9512967627658667
0.28262312491703173,0.2755874153723616,0.005148001921469326,0.02357978946848205,0.051690712345759685,0.03238602334808036,0.9495878623430257
0.28852546203962237,0.28161148783406464,0.005186412778613437,0.03063654668943832,0.05215212436394523,0.03859854187052086,0.9491226952412252
0.2797147385103011,0.2613576333861595,0.0050492793528602135,0.024818388430091053,0.05147807428260687,0.033490486917847326,0.9498239443722855
0.2794019490054732,0.2776665331731411,0.005174408824060409,0.029883982307820023,0.04994138721886436,0.037392812358422706,0.9513724097704079
0.28921568627450983,0.28550609432962376,0.0051986551554525804,0.022280092592592594,0.049768846251928095,0.030780592205870948,0.951547805645571
0.29563387690689114,0.29431877958968966,0.005226274457912881,0.029417786217774754,0.05017459570308576,0.037089618235681986,0.95113590183922
0.2943671305500331,0.2927766732935719,0.005238620067147006,0.02529145710553653,0.04985222447704103,0.03355798838764888,0.9514641592462013
0.2932806324110672,0.2930171277997365,0.005224323504134643,0.027689441615238276,0.050157052654228526,0.035681010277849354,0.9511528736073375
0.2921974522292994,0.28609341825902335,0.0052060002114563955,0.02456022172582113,0.049885411799895536,0.03291520849953123,0.9514256418849943
0.2919507079181961,0.2847404299947562,0.005167149947922486,0.02457332831321444,0.05166443936267362,0.0333054670743899,0.9496156782977799
0.29421904004242905,0.2856006364359586,0.0052012394860112415,0.02457518163861485,0.05178030822878919,0.03333121121312298,0.9494977298177053
0.2829717291255753,0.28205128205128205,0.005160135929085755,0.031253564643894914,0.05029536127554475,0.03855131890924328,0.9510125006663386
0.2931690048511866,0.2887111577291202,0.0051889311590097575,0.032114076399790685,0.049989340620663215,0.03910583900465933,0.9513265746731044
0.29346240551650976,0.280201564779207,0.005171615838387029,0.0238047977105109,0.050430162612166395,0.03234270791747344,0.9508686867340386
0.2969979986657772,0.2960640426951301,0.005273192051502346,0.029012952067052056,0.050189618296828095,0.036770245794284985,0.9511213596647046
