Majority Class Accuracy,Accuracy,Standard Error,Precision,Recall,F1 Score,Euclidean Distance
0.6075699829149691,0.5840452096201866,0.00565044310296198,0.08256840097733,0.08611295839702986,0.0843034382061172,0.9175688878973697
0.6032270863642375,0.5903980954900145,0.005655406654891284,0.06462893742942803,0.08261550916426569,0.07252365295936862,0.9211168817045282
0.605492474254027,0.5706363876419329,0.005687608551976833,0.07529550460831617,0.08585381582290118,0.08022877623854402,0.9177160618882426
0.5954623855645482,0.5783468223431073,0.005688170530977738,0.08514560323079322,0.0826402082075398,0.08387420031085834,0.9211385726310439
0.6083101759957655,0.5920338758766707,0.0056534117723144725,0.11150529029591982,0.08590039633611814,0.09704227667815223,0.9177579436265889
0.6038007863695937,0.5319790301441678,0.005712387285265202,0.07308938923091189,0.08654429455616953,0.07924981094801324,0.9170391695859782
0.6075949367088608,0.5904063957361759,0.005676449280173209,0.07926707536420223,0.0837298823322432,0.08143738370167683,0.9199695636429919
0.600929614873838,0.5903054448871182,0.005667232140644567,0.1154024935588923,0.08496861037765242,0.09787428745135211,0.9187704495093734
0.6090166095438967,0.5929343527550751,0.005640649494284633,0.10551856228439198,0.08448731330996982,0.09383899107174275,0.9192397032354267
0.6104858996425262,0.600953263603866,0.005634721924354316,0.08129782315413098,0.08375163156437489,0.08250648683939041,0.9199812887861308
0.6057858952139715,0.5557925609918678,0.005737064013755593,0.08110958427088923,0.08907843491201933,0.08490744363679566,0.9144083969936778
0.5985198889916744,0.5831901678340161,0.005667769858412822,0.07353661190294854,0.08375510762171352,0.0783139362031317,0.9199704283735166
0.612435779212225,0.5319457252008958,0.005727067132242615,0.10590614898122715,0.08745728942318808,0.09580161378569035,0.9161346291148897
0.6035440359693203,0.46839460460195714,0.005738287393346528,0.07728718213044024,0.0806697222743866,0.07894223479910166,0.923381334578434
0.6005564387917329,0.5103338632750397,0.005753886399668763,0.0700142649399622,0.08580369434528463,0.0771089881586852,0.9177896959002618
0.6035690680766689,0.5739590218109716,0.005685408360102102,0.07425483082985179,0.0828985449660497,0.07833897810110445,0.9208409818050682
0.6103174603174604,0.4726190476190476,0.005741917294121193,0.06581142931927317,0.08170693235572223,0.07290278908425134,0.9222583481738151
0.6165195626399684,0.6026873929653537,0.005616460781668883,0.09631168057682643,0.0836339606067865,0.08952622854717131,0.920112243802763
0.5984848484848485,0.5858585858585859,0.0056786661491674845,0.06642130488366828,0.08311558466349679,0.07383657111280505,0.9206388279380101
0.6047706905640485,0.5869794412229836,0.005652409518875515,0.07217165689337879,0.08270597910966308,0.07708056116270166,0.9210278660743555
0.603843605036448,0.4975480450629556,0.005756190523791562,0.0783603643517615,0.08835512538187167,0.08305814688642311,0.9150605384833459
0.5914826498422713,0.5814931650893796,0.005655725629192689,0.09320386811131968,0.08425054158675595,0.08850133822788186,0.9195026316743836
0.6037959667852907,0.5875840253064453,0.005651551474852162,0.09163518404374693,0.08341419867967993,0.08733164697816659,0.9203603056444617
0.6040636278572383,0.5910974468653923,0.005684072719985705,0.07956867974667245,0.08416504752420327,0.08180234853186555,0.9195381756359484
0.6069120168843161,0.5594248779844347,0.005701874113374175,0.07007370101696817,0.08477843187134197,0.07672788713765649,0.9187905661076793
0.6074950690335306,0.5942143326758711,0.00563080261909722,0.07051115870775661,0.08334815108672457,0.07639413847786435,0.920392213311711
0.6056003169990755,0.5657112666754722,0.005696525848308287,0.08113243068507775,0.08619207961060431,0.08358575694920789,0.9175462715032524
0.6059067219029801,0.58225310704263,0.005701309911143614,0.0817429527092939,0.08533118901901088,0.08349853874996291,0.9183441805445725
0.600768517291639,0.5610176228965151,0.005712479042771719,0.07008421986472084,0.08480734475647589,0.07674603340203658,0.9188131123144954
0.6057233704292527,0.5543190249072601,0.005721053304990083,0.0752401171758418,0.08633530699457899,0.08040676542285174,0.9172691898839423
