Majority Class Accuracy,Accuracy,Standard Error,Precision,Recall,F1 Score,Euclidean Distance
0.7677937113537693,0.7677937113537693,0.004843105143722375,0.2559312371179231,0.3333333333333333,0.28954875840341343,0.7453559924999299
0.7730703031907851,0.7730703031907851,0.004819427144124413,0.257690101063595,0.3333333333333333,0.29067104739147753,0.7453559924999299
0.7592519425786909,0.7592519425786909,0.0049064530982866,0.25308398085956363,0.3333333333333333,0.28771772221390424,0.7453559924999299
0.7585843967898961,0.7585843967898961,0.0049085051898881335,0.25286146559663203,0.3333333333333333,0.2875738759631929,0.7453559924999299
0.763768115942029,0.763768115942029,0.004875611930951588,0.2545893719806763,0.3333333333333333,0.288688030676527,0.7453559924999299
0.7563136321565517,0.7563136321565517,0.004936504433722225,0.2521045440521839,0.3333333333333333,0.2870837411227384,0.7453559924999299
0.7631613669349518,0.7631613669349518,0.004883469818789591,0.2543871223116506,0.3333333333333333,0.2885579585422435,0.7453559924999299
0.7745580220656653,0.7745580220656653,0.004817800809672824,0.25818600735522174,0.3333333333333333,0.2909862671660424,0.7453559924999299
0.7658955717118308,0.7658955717118308,0.004868387374727722,0.2552985239039436,0.3333333333333333,0.28914339895700775,0.7453559924999299
0.7656809441718605,0.7656809441718605,0.004877679419378323,0.25522698139062017,0.3333333333333333,0.28909750907497805,0.7453559924999299
0.7668359166221272,0.7668359166221272,0.004887819501196139,0.25561197220737575,0.3333333333333333,0.28934432428344553,0.7453559924999299
0.7666622847377416,0.7666622847377416,0.004849397809666583,0.2555540949125805,0.3333333333333333,0.2893072401220329,0.7453559924999299
0.7540135332360356,0.7540135332360356,0.0049607337681805514,0.25133784441201185,0.3333333333333333,0.28658598083711545,0.7453559924999299
0.7689985562409765,0.7689985562409765,0.0048285988048501795,0.25633285208032547,0.3333333333333333,0.28980560914082204,0.7453559924999299
0.7736668861092825,0.7736668861092825,0.004801613118333251,0.25788896203642747,0.3333333333333333,0.2907975156509044,0.7453559924999299
0.7588072305053437,0.7588072305053437,0.004914076565773142,0.2529357435017812,0.3333333333333333,0.28762190547636907,0.7453559924999299
0.7711272247857613,0.7711272247857613,0.004823722252761101,0.25704240826192043,0.3333333333333333,0.2902585479628802,0.7453559924999299
0.765720350225524,0.765720350225524,0.00487836522453978,0.2552401167418413,0.3333333333333333,0.2891059353869271,0.7453559924999299
0.7729303547963207,0.7729303547963207,0.004802389645950386,0.25764345159877355,0.3333333333333333,0.29064136772408344,0.7453559924999299
0.76317536174167,0.76317536174167,0.004898257681228494,0.25439178724722333,0.3333333333333333,0.28856095969482504,0.7453559924999299
0.7640180706882806,0.7640180706882806,0.004894508444020567,0.2546726902294269,0.3333333333333333,0.2887415888319775,0.7453559924999299
0.7629542174996721,0.7629542174996721,0.004870823532118126,0.2543180724998907,0.3333333333333333,0.2885135302725897,0.7453559924999299
0.7613168724279835,0.7613168724279835,0.004911448603426916,0.25377229080932784,0.3333333333333333,0.2881619937694704,0.7453559924999299
0.7652656621728786,0.7652656621728786,0.004872605568010763,0.2550885540576262,0.3333333333333333,0.2890086852351003,0.7453559924999299
0.769729872881356,0.769729872881356,0.004844589466286025,0.2565766242937853,0.3333333333333333,0.28996134181319366,0.7453559924999299
0.7681352322640757,0.7681352322640757,0.004868885138185609,0.25604507742135857,0.3333333333333333,0.28962159991970293,0.7453559924999299
0.7685185185185185,0.7685185185185185,0.004850923181823748,0.2561728395061728,0.3333333333333333,0.2897033158813263,0.7453559924999299
0.7629123406492312,0.7629123406492312,0.004875599260347592,0.25430411354974375,0.3333333333333333,0.28850454748769944,0.7453559924999299
0.773687707641196,0.773687707641196,0.004823737521799555,0.25789590254706535,0.3333333333333333,0.29080192802377564,0.7453559924999299
0.7619486504279132,0.7619486504279132,0.004886909392987816,0.25398288347597103,0.3333333333333333,0.28829771334628607,0.7453559924999299
