Majority Class Accuracy,Accuracy,Standard Error,Precision,Recall,F1 Score,Euclidean Distance
0.7003543772148576,0.7003543772148576,0.005248242645280562,0.0875442971518572,0.125,0.10297182554998072,0.8838834764831844
0.6978959904724097,0.6978959904724097,0.005282005938543423,0.08723699880905121,0.125,0.1027589431844751,0.8838834764831844
0.7018716577540107,0.7018716577540107,0.005289074524996687,0.08773395721925134,0.125,0.10310290652003143,0.8838834764831844
0.6903533148074633,0.6903533148074633,0.0053185618461568,0.08629416435093291,0.125,0.10210192578675435,0.8838834764831844
0.7029478458049887,0.7029478458049887,0.005277571792345221,0.08786848072562359,0.125,0.10319573901464714,0.8838834764831844
0.6956695005313497,0.6956695005313497,0.005303156161308946,0.08695868756641871,0.125,0.10256560908734821,0.8838834764831844
0.7013824884792627,0.7013824884792627,0.005251352919302584,0.08767281105990783,0.125,0.10306067172264356,0.8838834764831844
0.7022092869427173,0.7022092869427173,0.005259648078184738,0.08777616086783967,0.125,0.10313204321131576,0.8838834764831844
0.6905871388630009,0.6905871388630009,0.0053337117683218485,0.08632339235787512,0.125,0.10212238147739802,0.8838834764831844
0.6953466790401697,0.6953466790401697,0.0052994597363329446,0.08691833488002121,0.125,0.10253753518923991,0.8838834764831844
0.6967018469656993,0.6967018469656993,0.005279876460239717,0.08708773087071241,0.125,0.10265531451675608,0.8838834764831844
0.7102902374670185,0.7102902374670185,0.005210325855256131,0.08878627968337731,0.125,0.10382597963591483,0.8838834764831844
0.6994736842105264,0.6994736842105264,0.005259205579736494,0.0874342105263158,0.125,0.10289563332301023,0.8838834764831844
0.6964809384164223,0.6964809384164223,0.005308344171249904,0.08706011730205279,0.125,0.1026361279170268,0.8838834764831844
0.6974867724867725,0.6974867724867725,0.005282983748546064,0.08718584656084656,0.125,0.10272344736226915,0.8838834764831844
0.6921247357293869,0.6921247357293869,0.005306266065336909,0.08651559196617337,0.125,0.10225675464625957,0.8838834764831844
0.695675105485232,0.695675105485232,0.0052835133509643445,0.086959388185654,0.125,0.1025660964230171,0.8838834764831844
0.7020121789780249,0.7020121789780249,0.005262390720517302,0.08775152237225312,0.125,0.10311503461149568,0.8838834764831844
0.6958721704394141,0.6958721704394141,0.005308512532330114,0.08698402130492676,0.125,0.10258322864321608,0.8838834764831844
0.6953878683758424,0.6953878683758424,0.0052908480104506906,0.0869234835469803,0.125,0.10254111778002961,0.8838834764831844
0.7052534318901795,0.7052534318901795,0.005238138769535936,0.08815667898627244,0.125,0.10339422555925382,0.8838834764831844
0.6967810306000795,0.6967810306000795,0.005290316199333934,0.08709762882500993,0.125,0.10266219064720118,0.8838834764831844
0.6954754098360656,0.6954754098360656,0.00527026131369957,0.0869344262295082,0.125,0.10254873143564357,0.8838834764831844
0.7004701141705842,0.7004701141705842,0.005308630950514641,0.08755876427132303,0.125,0.10298183254344391,0.8838834764831844
0.6978217821782178,0.6978217821782178,0.005276093945920853,0.08722772277227722,0.125,0.10275250758105901,0.8838834764831844
0.6958355297838693,0.6958355297838693,0.005281336995793335,0.08697944122298366,0.125,0.10258004351880634,0.8838834764831844
0.6843915343915344,0.6843915343915344,0.005345221893978256,0.0855489417989418,0.125,0.10157845138997959,0.8838834764831844
0.6929196499602227,0.6929196499602227,0.005311585640147957,0.08661495624502784,0.125,0.10232612781954886,0.8838834764831844
0.6956117021276595,0.6956117021276595,0.005306259626344172,0.08695146276595744,0.125,0.10256058348364834,0.8838834764831844
0.7040021133271694,0.7040021133271694,0.00524631863001283,0.08800026416589618,0.125,0.1032865669327959,0.8838834764831844
