Majority Class Accuracy,Accuracy,Standard Error,Precision,Recall,F1 Score,Euclidean Distance
0.29682164433937486,0.20317835566062517,0.004611188176912602,0.04294126466433849,0.04867187562755606,0.04562733875017197,0.9526616087938418
0.30253214901232933,0.27548720668169163,0.005144008685143508,0.07164812711481663,0.05144782790591181,0.059890522202183834,0.9498665326771029
0.2792532211412043,0.23967920063108072,0.004894805607186991,0.049669879235284695,0.05230542464198383,0.050953594184812157,0.9489605179096129
0.2853555379328575,0.24900872323552736,0.00497154710284856,0.06275318930661263,0.0523810933141826,0.057099946080500244,0.9488952160028413
0.2957337207766477,0.21080438515387664,0.004687653789719844,0.041174806915041474,0.0542077437197072,0.046800874292113166,0.9470391336915517
0.2988826815642458,0.23743016759776536,0.004907458086146721,0.03933043445684322,0.04776554000243101,0.043139524002680084,0.9535888720136247
0.29142932838786595,0.2689097893760763,0.005103217494130061,0.057091656942271675,0.05160679491612534,0.054210844420853506,0.9496858271585671
0.2808210049313608,0.26109556177528986,0.005070799153116885,0.0443172177876859,0.052376535422826886,0.04801100898926528,0.9488880752455497
0.2893073479062418,0.20055306821174612,0.004594880053683998,0.04487001100660558,0.05202469936460104,0.048183204721125285,0.9492696213716276
0.3008378773773108,0.16810746109855035,0.004312678331433678,0.0415871051466867,0.044919152688563904,0.04318895702359612,0.9564472165915651
0.2904255319148936,0.17327127659574468,0.004364513896896218,0.05692382694212813,0.046590115860392925,0.05124116849669676,0.9547925738807367
0.29019816464955445,0.2556190982843463,0.005030535497224342,0.04832046590986665,0.05190806163360279,0.05005005628813486,0.9493524215323971
0.29175531914893615,0.21941489361702127,0.004772371701685603,0.04302257880387999,0.051998073682397596,0.047086420985668946,0.9493196990860444
0.2894945752844668,0.23974596454088384,0.004910792412154535,0.04317112402053271,0.055724448328876644,0.0486510571228029,0.9455209805631589
0.2943808395841558,0.23332017370706673,0.004851822913443466,0.037577257170888154,0.04999934580207719,0.04290731112648463,0.9513294929747319
0.28877997085706714,0.1997615578222281,0.0046017280621080126,0.04801270165904099,0.05311533500967232,0.050435286145101024,0.948154893543351
0.2954605787098487,0.247809928324927,0.0049740522326392825,0.03962421420311019,0.052744589438940115,0.04525257072902533,0.9485074774837635
0.29421904004242905,0.23932643861044817,0.004913050588205963,0.06326257363952689,0.053403785095688903,0.05791662521864064,0.947876711939545
0.28563878980050206,0.24019024970273484,0.0049103320963187974,0.04431788368746643,0.05255984678782523,0.04808826889618322,0.9487132534722614
0.29767750497677503,0.2692767086927671,0.0051101569864138215,0.03981854276050909,0.04908742040193487,0.043969818868194795,0.9522219393634823
0.28154313647773815,0.22803540758356455,0.004822592661946216,0.04376195514493386,0.049396644819843474,0.046408893129212814,0.9519233054147215
0.28626410086264104,0.23861977438619775,0.004910349262692975,0.054542877835805914,0.05279711837470992,0.053655801737624235,0.9484745041956927
0.29457775420920057,0.24618851915683415,0.004960131814975033,0.05768785937327079,0.05431221022167286,0.05594916426124852,0.9469591691684365
0.29373592901602436,0.22301681896437558,0.004790406658171492,0.03705301120251873,0.0474615108220979,0.04161632462803092,0.9538866725244699
0.2958399576046635,0.2560943296237414,0.005023922948879511,0.04548192796578379,0.05484666816529167,0.04972724241846327,0.9463965759523695
0.2899291896144768,0.2103330710726462,0.004666887760570286,0.04504104285361297,0.050089718903354896,0.04743141196356893,0.9512349903755053
0.2856579466281057,0.26054949388720916,0.0050326063828180796,0.052688860075312205,0.05223808254447663,0.05246250301530186,0.949058225774696
0.2955271565495208,0.26983493077742277,0.005121318918926179,0.09373816571403455,0.05084031549995767,0.06592513462961473,0.950463707749086
0.2813081627226801,0.23756979526721617,0.004907146160559517,0.04959862613853088,0.04931267866998825,0.04945523907458545,0.9520274488998739
0.2865079365079365,0.2267195767195767,0.004815619019526623,0.04143344951330843,0.048769348874618465,0.044803096810883104,0.9525547008236337
