Majority Class Accuracy,Accuracy,Precision,Recall,F Score,Support
0.8733624454148472,0.8733624454148472,0.762761961061002,0.8733624454148472,0.8143239584287618,
0.8787360105332456,0.8787360105332456,0.7721769762078843,0.8787360105332456,0.822017539322851,
0.8824468085106383,0.8824468085106383,0.7787123698506111,0.8824468085106383,0.8273406359531783,
0.8726675427069646,0.8726675427069646,0.7615486400942117,0.8726675427069646,0.8133303138189533,
0.8759249471458774,0.8759249471458774,0.7672445130325081,0.8759249471458774,0.8179906282496332,
0.87254120148857,0.87254120148857,0.7613281482951172,0.87254120148857,0.8131496895127349,
0.8790162633875446,0.8790162633875446,0.7726695912998012,0.8790162633875446,0.8224192694392226,
0.8832299775696002,0.8832299775696002,0.7800951932775966,0.8832299775696002,0.8284651397535072,
0.8722361975374023,0.8722361975374023,0.7607959842945063,0.8722361975374023,0.8127136792838422,
0.8828935276355521,0.8828935276355521,0.7795009811407493,0.8828935276355521,0.8279820071606593,
0.8739285243307399,0.8739285243307399,0.7637510656389046,0.8739285243307399,0.8151336144602129,
0.8789196310935441,0.8789196310935441,0.7724997179216117,0.8789196310935441,0.822280745954005,
0.8710356625871826,0.8710356625871826,0.7587031254986921,0.8710356625871826,0.8109980377921735,
0.8805970149253731,0.8805970149253731,0.7754511026954779,0.8805970149253731,0.8246860933428097,
0.8807656520005317,0.8807656520005317,0.7757481337439217,0.8807656520005317,0.8249280104820869,
0.88125,0.88125,0.7766015625,0.88125,0.8256229235880399,
0.8807109940750494,0.8807109940750494,0.7756518550846616,0.8807109940750494,0.8248495994634564,
0.8854660347551343,0.8854660347551343,0.7840500987049807,0.8854660347551343,0.8316777754172647,
0.8765269933009326,0.8765269933009326,0.7682995699851731,0.8765269933009326,0.8188526706281848,
0.8820031712473573,0.8820031712473573,0.7779295940903951,0.8820031712473573,0.8267038079163253,
0.8775132275132275,0.8775132275132275,0.7700294644606813,0.8775132275132275,0.8202652883363043,
0.8730576771135107,0.8730576771135107,0.762229707566839,0.8730576771135107,0.813888132629721,
0.8756613756613757,0.8756613756613757,0.7667828448251729,0.8756613756613757,0.8176133013932733,
0.876215856095936,0.876215856095936,0.7677542264739341,0.876215856095936,0.8184071400734146,
0.8789732677217715,0.8789732677217715,0.772594005369489,0.8789732677217715,0.8223576339712894,
0.8828258863846052,0.8828258863846052,0.7793815456707639,0.8828258863846052,0.8278848844247932,
0.8786349754348692,0.8786349754348692,0.7719994200574333,0.8786349754348692,0.8218727215793793,
0.8836063390597949,0.8836063390597949,0.7807601624266532,0.8836063390597949,0.8290056645449292,
0.8779620853080569,0.8779620853080569,0.7708174232384717,0.8779620853080569,0.8209083977454513,
0.8795977771897328,0.8795977771897328,0.7736922496371188,0.8795977771897328,0.8232529948975564,
