Majority Class Accuracy,Accuracy,Standard Error,Precision,Recall,F1 Score,Euclidean Distance
0.4741504693904535,0.453788179293931,0.0057247969364779385,0.04654280998955397,0.05059339290885863,0.04848364672740025,0.9506960845299364
0.4755790866975513,0.4226340172071476,0.005683169210122086,0.06230565907357717,0.05282262982742778,0.0571735895115654,0.9483995067409762
0.4816093480281503,0.3848094542557429,0.005606623193314067,0.04002068029877465,0.04715941222427071,0.043297769137071215,0.9542753704729251
0.48821593153390386,0.40157998683344304,0.005625034573906412,0.09601210888246323,0.050984795418494246,0.06660218801680842,0.9502664301854825
0.4764300847457627,0.4041313559322034,0.005646840873366837,0.04819145464324007,0.05381971434645223,0.050850320578156784,0.9473897070822622
0.48380272378685707,0.4524659526642867,0.005723365315155649,0.046987358131039714,0.05119251308446182,0.04899987983581216,0.9500904397810891
0.47273696840421275,0.41714438074923343,0.005693300538791735,0.04586810831980505,0.054148454138466265,0.04966551736487454,0.9470439955728399
0.47339231480258814,0.46414895021787933,0.005730819774672914,0.04185305302783813,0.05021997215083164,0.04565635056318842,0.9510835854762911
0.4859539342297963,0.330581813340434,0.0054279939048460365,0.06374021194661057,0.05016658520768684,0.05614465253454841,0.9511504360872969
0.47639941497141336,0.44302619332535564,0.0057278850470732275,0.044070859311733976,0.05067473565584772,0.04714264861627217,0.9506228908963558
0.48202396804260983,0.3930758988015979,0.005636187487879002,0.06507539241583964,0.05415113295541392,0.059112789135856304,0.9470431625232192
0.4798631218741774,0.4519610423795736,0.005709611677755193,0.04796547635719556,0.05127674126593723,0.04956586782865375,0.9499780083053232
0.4788863727187958,0.45384307979219396,0.005746168689189901,0.04867539954548019,0.050260736395510305,0.04945536637817936,0.9510306119539644
0.4704407495381367,0.44391660068619687,0.005707466325398397,0.048847237311542155,0.050365968492759726,0.0495949787217704,0.9509209235197071
0.46865079365079365,0.45132275132275135,0.005723229901964668,0.07220824119347194,0.05162912373986778,0.06020877820878614,0.9496549163380358
0.47625347268157164,0.44714909379547557,0.0057187092624274155,0.0451151137306681,0.05045871300078534,0.04763753118581344,0.9508540453608886
0.4736215787385958,0.44056591299748776,0.005708642657581391,0.05559778044490016,0.051738478677252675,0.0535987484858667,0.9495425060636971
0.483022856387898,0.38591623728365704,0.005595528090611837,0.049473604105594066,0.05009474807066018,0.04978223862598727,0.9512572933231107
0.48196114708603144,0.45064094092771245,0.00571980997511113,0.03902071853022512,0.049725065046500004,0.04372732289639698,0.951561754211005
0.4821005527770466,0.4692024216899184,0.00572525644441667,0.09383105565458508,0.05066671878248361,0.0658018675849562,0.9506255747934778
0.47139648566521336,0.4336107808164883,0.005696239909366581,0.04053869480654348,0.05043882898276737,0.04495009776847951,0.9508242759516561
0.46563573883161513,0.4520222045995242,0.005721741017217457,0.04047929301420762,0.05016814089690782,0.04480592086777132,0.9511288338285095
0.48799788973885516,0.4738855183328937,0.005734360031478867,0.0963475182600523,0.05123376099044903,0.06689528302813752,0.9500601091338542
0.4817508595609627,0.43850833112933085,0.005706137680443785,0.042104988909277476,0.05063169596534491,0.045976346900063525,0.9506424392322518
0.4772607086197779,0.4182971972501322,0.005671752816686641,0.05327359191653055,0.054019004085211916,0.0536437086362649,0.9472310100237954
0.4758032262365018,0.4546060525263298,0.005749276306396721,0.0441920009653681,0.05023408844143361,0.047019735728636734,0.9510652434846325
0.48486045286993157,0.3962611901000527,0.005612066892206389,0.06139021054000064,0.053773405999256486,0.05732992441448702,0.9474549111555207
0.4876076872100729,0.4235917826375083,0.005688650115371903,0.0385464026564726,0.05158374019827092,0.04412214509443165,0.9496607789576268
0.47795390968429463,0.3552684161449314,0.005523756999182123,0.04138678706398079,0.04922560996237422,0.04496713263229972,0.9521375863940041
0.47802488747683347,0.42202806460153564,0.005682449061383259,0.04770845423623267,0.0530195183294486,0.05022396856440668,0.9481957628724405
