Majority Class Accuracy,Accuracy,Precision,Recall,F Score,Support
0.013093506149980162,0.013490279063615924,0.014880531106901464,0.013490279063615924,0.013104594517050705,
0.011108172441153134,0.01414969584765935,0.012819321390486246,0.01414969584765935,0.012549040531671503,
0.011657173135514638,0.014571466419393298,0.01480882705880963,0.014571466419393298,0.013593033259727943,
0.011468195759434592,0.01160154687291639,0.011138395917072243,0.01160154687291639,0.010705132695732866,
0.013540422142572681,0.013540422142572681,0.013213840521966736,0.013540422142572681,0.012656601778587323,
0.012985292169073804,0.011925268318537166,0.010880310790579507,0.011925268318537166,0.010596355577774611,
0.012738853503184714,0.013667728237791932,0.014082996464102325,0.013667728237791932,0.0131905738433097,
0.011814682065578123,0.013142174432497013,0.012723273195990616,0.013142174432497013,0.011906858700944633,
0.013366860772895712,0.011514028586553732,0.012013971463436215,0.011514028586553732,0.01073218345067686,
0.010554089709762533,0.013984168865435357,0.013542630533316774,0.013984168865435357,0.012977316132983642,
0.01393312101910828,0.012871549893842888,0.011333984357325046,0.012871549893842888,0.011355577054297733,
0.00897571277719113,0.01399155227032735,0.01392911785666135,0.01399155227032735,0.013083142334471217,
0.009686836518046709,0.014065817409766455,0.013888942471710545,0.014065817409766455,0.013067538675610202,
0.013150903294367694,0.013283740701381509,0.015550049076645015,0.013283740701381509,0.013044898527793954,
0.013084112149532711,0.011748998664886516,0.0122790167488499,0.011748998664886516,0.011086024848939027,
0.012183816713018143,0.013110846245530394,0.012519468871638665,0.013110846245530394,0.01213012988795107,
0.013779527559055118,0.012992125984251968,0.012093350973545736,0.012992125984251968,0.011715139552825613,
0.012897221114213535,0.012498337986969818,0.011430994270879529,0.012498337986969818,0.011166548975928295,
0.01284938402437409,0.010729897999735064,0.011736843384121422,0.010729897999735064,0.010340546548805833,
0.013518834492715579,0.012337577109856937,0.012006396748828425,0.012337577109856937,0.011353909813173274,
0.015061434799841459,0.015589906196327124,0.014712924103588206,0.015589906196327124,0.014086015466497515,
0.012083004990806409,0.01287102705542422,0.013660029671285755,0.01287102705542422,0.012408845782821771,
0.011533872464536656,0.014583057139069336,0.013739005977990434,0.014583057139069336,0.013337296110058964,
0.011876484560570071,0.012008445500131961,0.011436581745164055,0.012008445500131961,0.010975813948154093,
0.010869565217391304,0.012725344644750796,0.012432814496203011,0.012725344644750796,0.011931853264618096,
0.01115686014078895,0.011820958958693053,0.010462468255532847,0.011820958958693053,0.010131410236007898,
0.012121212121212121,0.011462450592885375,0.010692250209594068,0.011462450592885375,0.010275618299732557,
0.013810338024464028,0.014599500197290543,0.013895235711784247,0.014599500197290543,0.013364574673059789,
0.012365167061299658,0.013812154696132596,0.014034376950758331,0.013812154696132596,0.012950750300946263,
0.012350597609561753,0.010624169986719787,0.009986862120516115,0.010624169986719787,0.009736869456009161,
