Majority Class Accuracy,Accuracy,Precision,Recall,F Score,Support
0.06539944171208295,0.07709690283131729,0.07253088910229157,0.07709690283131729,0.06802138265383188,
0.06504279131007241,0.08518762343647136,0.08082568965562477,0.08518762343647136,0.07440527785126039,
0.06413490904262382,0.08192803080600186,0.0809869560192402,0.08192803080600186,0.07255812741744634,
0.06495033978044956,0.08755880815473079,0.08074016131431516,0.08755880815473079,0.07289489647588154,
0.06619198312236287,0.08320147679324895,0.07685025717348623,0.08320147679324895,0.07351923151951494,
0.06637577680814491,0.08263916435277006,0.0776801384687686,0.08263916435277006,0.07170285117593697,
0.06475963448549861,0.08568401536220369,0.083162695577695,0.08568401536220369,0.0752383286697241,
0.06680694371383482,0.08600736454497633,0.08455750702364466,0.08600736454497633,0.07619936936520962,
0.06710787557908669,0.08312375909993382,0.07817038220405927,0.08312375909993382,0.07415177084553629,
0.0625664187035069,0.0808979808714134,0.07413432205365551,0.0808979808714134,0.06756281454892014,
0.06276824034334764,0.08530042918454936,0.0831970734535242,0.08530042918454936,0.07795794907983891,
0.06956983536909188,0.08961763143919278,0.08712417592309254,0.08961763143919278,0.07925923781900882,
0.06583442838370565,0.08409986859395532,0.08866414912507566,0.08409986859395532,0.07153824302933295,
0.06689536878216124,0.07797862514843647,0.0755171189880688,0.07797862514843647,0.07055192428993788,
0.07116402116402117,0.08518518518518518,0.0797350846809634,0.08518518518518518,0.07486163021344584,
0.06751054852320675,0.08346518987341772,0.0786541620876087,0.08346518987341772,0.06933928442376643,
0.06585719941929523,0.07905503497426422,0.0745909654481288,0.07905503497426422,0.06921663489037218,
0.06573204602565798,0.08014812855442402,0.07797290301838747,0.08014812855442402,0.06915625003391729,
0.06836353944562899,0.08049040511727079,0.07673555827463542,0.08049040511727079,0.0701960308764879,
0.0697089947089947,0.08108465608465608,0.07843747484139922,0.08108465608465608,0.07246146730357085,
0.06537498352444972,0.0826413602214314,0.08238746844362572,0.0826413602214314,0.07363828174366226,
0.06432054830631342,0.08633188348490839,0.0766422771642202,0.08633188348490839,0.07130804212798728,
0.0686429512516469,0.07971014492753623,0.07959147144902598,0.07971014492753623,0.071552421986421,
0.07040210942649967,0.08609096901779828,0.0821385298267635,0.08609096901779828,0.06921409763265131,
0.06301693580149666,0.08284101352238414,0.0780131695568096,0.08284101352238414,0.07427908350394528,
0.06555643669045731,0.08458895056833202,0.08167712711644072,0.08458895056833202,0.07510771063832261,
0.07168363973019441,0.07631265705594498,0.0726039519929167,0.07631265705594498,0.06760644694674446,
0.06708927628103539,0.07739038563127311,0.07060691397960689,0.07739038563127311,0.06643370608885799,
0.06293522533175666,0.07857049008014716,0.08063897327863652,0.07857049008014716,0.07032384022191718,
0.06268260292164675,0.08313413014608234,0.07772139126484502,0.08313413014608234,0.0723870356453688,
