Majority Class Accuracy,Accuracy,Precision,Recall,F Score,Support
0.014561196379378197,0.01443001443001443,0.00929550044425704,0.01443001443001443,0.009301294601305805,
0.008999470619375331,0.01389624139756485,0.021529150809268736,0.01389624139756485,0.010552359596595558,
0.013312244628970607,0.012916831422169501,0.008367408386947679,0.012916831422169501,0.008215532093086734,
0.0144,0.013066666666666667,0.009801681865122957,0.013066666666666667,0.009644245611841027,
0.01288117770767613,0.011961093585699264,0.006889813390007495,0.011961093585699264,0.007727811063428309,
0.011863959926179805,0.013445821249670446,0.01230135810205216,0.013445821249670446,0.009532709279884245,
0.011170212765957447,0.012632978723404254,0.008596409230290508,0.012632978723404254,0.008535512659149072,
0.011617161716171618,0.012673267326732674,0.009839853533883813,0.012673267326732674,0.00855657452502991,
0.011016724183700557,0.012211308733740376,0.017309527096753794,0.012211308733740376,0.009719157278271067,
0.014923402007395668,0.013602746962493396,0.015499259972401423,0.013602746962493396,0.011609777255949793,
0.0098117210289048,0.013391673296207902,0.009823158262687886,0.013391673296207902,0.009782922581681293,
0.013467124372854503,0.013071032479535252,0.01143498103215398,0.013071032479535252,0.009357642112816561,
0.013974950560316415,0.013052076466710614,0.010983312813675525,0.013052076466710614,0.008527363011336579,
0.012138188608776844,0.013872215552887823,0.00939077297699998,0.013872215552887823,0.009796924296646721,
0.011898466419883659,0.012559492332099418,0.012166877872276315,0.012559492332099418,0.008113073488364533,
0.013718506793299038,0.013058963197467353,0.016802241466886497,0.013058963197467353,0.008923192410948083,
0.014858645627876397,0.015121630506245891,0.014034466694690224,0.015121630506245891,0.009733543702243334,
0.013349352556401014,0.012548391403016954,0.01094586922493326,0.012548391403016954,0.009649461309621781,
0.014479277364505844,0.011424017003188097,0.0073030119366478225,0.011424017003188097,0.007382374689802563,
0.013171759747102213,0.01356691253951528,0.009810194647100286,0.01356691253951528,0.009279899348593005,
0.012857517711886644,0.012332721070585148,0.013954176853455036,0.012332721070585148,0.00914708015685972,
0.016224772457459437,0.013058963197467353,0.00967193361828899,0.013058963197467353,0.008926246992369645,
0.01214040643969385,0.014383742412245975,0.014108431106224797,0.014383742412245975,0.010292142944157253,
0.015089344804765056,0.01257445400397088,0.00857496940609797,0.01257445400397088,0.008188001947196316,
0.011459430979978926,0.013171759747102213,0.008647138309982913,0.013171759747102213,0.008940255946891972,
0.011556854410201912,0.011158342189160468,0.00871166857201942,0.011158342189160468,0.00783325607634872,
0.012434554973821989,0.012303664921465968,0.009416099376152221,0.012303664921465968,0.008759722920084284,
0.013808521830615466,0.011967385586533404,0.009860684509231455,0.011967385586533404,0.008404775982798922,
0.01455026455026455,0.013888888888888888,0.01114672355243218,0.013888888888888888,0.009393516249161123,
0.012093023255813953,0.012624584717607974,0.00856298872267025,0.012624584717607974,0.008706008010905313,
