Majority Class Accuracy,Accuracy,Precision,Recall,F Score,Support
0.024555349084151846,0.03172285638439076,0.030290960663396573,0.03172285638439076,0.026478548253006762,
0.026347305389221556,0.032468396540252825,0.030669504653251228,0.032468396540252825,0.02636158557069008,
0.02216358839050132,0.03179419525065963,0.03065365157270355,0.03179419525065963,0.02773520107587579,
0.027447875428873055,0.030746898917920297,0.027502550965047126,0.030746898917920297,0.025972201889471195,
0.023926625016615712,0.035092383357703046,0.032641281395293514,0.035092383357703046,0.02834517855672543,
0.023544973544973546,0.029365079365079365,0.025784676983584335,0.029365079365079365,0.024010375562495797,
0.02559029151826936,0.02981137053159214,0.03010308415328856,0.02981137053159214,0.025229138415146592,
0.023453878406708595,0.03131551362683438,0.03091230781773094,0.03131551362683438,0.025893274860592327,
0.026486558071778573,0.0315190041054165,0.029214333799890586,0.0315190041054165,0.026341387293076394,
0.027774121363696197,0.03172304857180466,0.030275926101509934,0.03172304857180466,0.0262643082523641,
0.028037383177570093,0.027236315086782377,0.02410513976736479,0.027236315086782377,0.021707907223961362,
0.02533984426554045,0.029563151643130527,0.030423676421935164,0.029563151643130527,0.023873344566290186,
0.024653922214897823,0.03678312458800264,0.034258437357631046,0.03678312458800264,0.028872830230420365,
0.025065963060686015,0.02928759894459103,0.025836172251688598,0.02928759894459103,0.022444629434202525,
0.027737610095964243,0.031944261864072565,0.03036600243477523,0.031944261864072565,0.023853875494008667,
0.02790636159238196,0.029096680333289247,0.027813485427089814,0.029096680333289247,0.023303295875690706,
0.025195597400875215,0.03341731865800292,0.02844141129008433,0.03341731865800292,0.026500699771508936,
0.023705469474241823,0.027678453185008608,0.02382619057705253,0.027678453185008608,0.021820782288665734,
0.023032376941300343,0.03132403264016847,0.029162163778366442,0.03132403264016847,0.027223763713656673,
0.02277240831457699,0.0307162716801271,0.03128249575855435,0.0307162716801271,0.025186582384907997,
0.027372022634557177,0.03158310303987367,0.030263099095095846,0.03158310303987367,0.025755366467343895,
0.026152423722097477,0.031699907541936335,0.03299558685769558,0.031699907541936335,0.02789639099186933,
0.02813568235603471,0.03260583749671312,0.029080685008162084,0.03260583749671312,0.026433793229702747,
0.026409613099168096,0.032747920242968444,0.027870294842174893,0.032747920242968444,0.027163583853778917,
0.023643767240246947,0.029948771837646132,0.027350879360695034,0.029948771837646132,0.024430290857281385,
0.02696272799365583,0.03343906952154375,0.027323158960964017,0.03343906952154375,0.02599749147155212,
0.028801691108468756,0.029726516052318668,0.02494299273186097,0.029726516052318668,0.023800798224713256,
0.024490336245697644,0.030844585649986763,0.026097571815699216,0.030844585649986763,0.02368247810857288,
0.02315000669075338,0.03211561621838619,0.027695136285188812,0.03211561621838619,0.02627457033679755,
0.024458327794762726,0.029376578492622624,0.029506493229160265,0.029376578492622624,0.024520502154616885,
