Majority Class Accuracy,Accuracy,Precision,Recall,F Score,Support
0.1987552966101695,0.1538665254237288,0.08671349936122218,0.1538665254237288,0.10269063953256391,
0.19830889153124587,0.1573523583036068,0.08661771172827579,0.1573523583036068,0.10433207811591065,
0.19994752033586985,0.15402781422198897,0.08226817614126912,0.15402781422198897,0.09964686947433171,
0.19448456992777413,0.15141168745896258,0.0768334431957574,0.15141168745896258,0.09603014276396209,
0.19501582278481014,0.14715189873417722,0.08094927906808762,0.14715189873417722,0.0977575966182084,
0.19563492063492063,0.1541005291005291,0.08567186572661664,0.1541005291005291,0.1008166607534132,
0.20475752398475489,0.15665659087922199,0.08555714887094235,0.15665659087922199,0.10413384921617312,
0.19786166842661035,0.1616948257655755,0.08966373703254535,0.1616948257655755,0.10723208439682462,
0.1955806918321715,0.15072997500986451,0.08453845311061019,0.15072997500986451,0.09990566448899163,
0.2019736842105263,0.14776315789473685,0.0815737596246067,0.14776315789473685,0.09869037677910476,
0.20460829493087557,0.15628703094140883,0.08651016899088917,0.15628703094140883,0.10515259714137973,
0.1974640073966451,0.1508387267203804,0.08443566898766157,0.1508387267203804,0.10012020077690288,
0.19296148738379815,0.1448871181938911,0.0788358520739311,0.1448871181938911,0.0950693929350213,
0.18850514104930136,0.14856314263116266,0.08615303049034644,0.14856314263116266,0.09921469028173076,
0.20371106693174287,0.1562624254473161,0.0860675010683302,0.1562624254473161,0.10401996065064789,
0.1987043892120571,0.14767318878900054,0.0774648965076895,0.14767318878900054,0.09407171715502773,
0.20142932768660668,0.15629962943356274,0.08735729483984143,0.15629962943356274,0.1044737762304836,
0.19601372756071805,0.14598732840549103,0.08080934432342517,0.14598732840549103,0.09745626148930617,
0.20007856488149797,0.15503469948932827,0.08324956990262708,0.15503469948932827,0.10196885643862606,
0.19206349206349208,0.14484126984126985,0.0789902391060721,0.14484126984126985,0.09480631656121682,
0.19346766758856843,0.14987488476228106,0.08098932394834137,0.14987488476228106,0.09754286710694608,
0.19543113693384392,0.14723359302786215,0.08200626241239889,0.14723359302786215,0.09657156069846806,
0.20358413493213862,0.16049545394650153,0.08454507456543038,0.16049545394650153,0.1053478696048708,
0.1945031712473573,0.15380549682875264,0.0818465681119946,0.15380549682875264,0.10050334917781814,
0.19683888962677645,0.14955505379200426,0.08554389178729775,0.14955505379200426,0.0981998670139405,
0.20470463856217788,0.15488304479978857,0.09044091739095404,0.15488304479978857,0.10217103802294046,
0.1994992752668336,0.15482935828172353,0.08334785463590383,0.15482935828172353,0.10079016744258552,
0.20245479741322422,0.15045532532664643,0.0799741107313142,0.15045532532664643,0.09866038235853512,
0.2018588820526247,0.15931404634114413,0.08970698205292185,0.15931404634114413,0.1067017935287628,
0.20118187787261982,0.15600787918581746,0.09064801465756181,0.15600787918581746,0.10584429763588725,
