Majority Class Accuracy,Accuracy,Precision,Recall,F Score,Support
0.5545816733067729,0.5545816733067729,0.3075608323677402,0.5545816733067729,0.3956830800835612,
0.5316638258817359,0.5316638258817359,0.2826664237512048,0.5316638258817359,0.36909721177031996,
0.5512330212317025,0.5512330212317025,0.30385784369623053,0.5512330212317025,0.3917629905208733,
0.5502119766825649,0.5502119766825649,0.30273321928493535,0.5502119766825649,0.3905700947205695,
0.5599038333110725,0.5599038333110725,0.3134923025564333,0.5599038333110725,0.401937985998804,
0.5528562048588312,0.5528562048588312,0.30564998325091,0.5528562048588312,0.3936616697599458,
0.5558651804670913,0.5558651804670913,0.308986098855712,0.5558651804670913,0.39718878310902267,
0.5472291366435216,0.5472291366435216,0.299459727991614,0.5472291366435216,0.3870916348450448,
0.5618946530449781,0.5618946530449781,0.3157256011205363,0.5618946530449781,0.40428539851265416,
0.5478730409587779,0.5478730409587779,0.30016486900941863,0.5478730409587779,0.3878417170745368,
0.5452500661550674,0.5452500661550674,0.2972976346421054,0.5452500661550674,0.3847890269072751,
0.5500396091893319,0.5500396091893319,0.30254357167715296,0.5500396091893319,0.3903688265558359,
0.5513057240833553,0.5513057240833553,0.3039380014070727,0.5513057240833553,0.3918479725673228,
0.5521333333333334,0.5521333333333334,0.3048512177777778,0.5521333333333334,0.3928157603871374,
0.5530733641771315,0.5530733641771315,0.30589014616220994,0.5530733641771315,0.3939159001986753,
0.5585644800841331,0.5585644800841331,0.3119942784116579,0.5585644800841331,0.4003610789267006,
0.5495878755650093,0.5495878755650093,0.3020468329680602,0.5495878755650093,0.3898415026742877,
0.5438805181073222,0.5438805181073222,0.29580601797668926,0.5438805181073222,0.3831980707151153,
0.5594970218398412,0.5594970218398412,0.31303691744765166,0.5594970218398412,0.40145882045781844,
0.5451775304716481,0.5451775304716481,0.2972185397311648,0.5451775304716481,0.38470471369130277,
0.5455145990223279,0.5455145990223279,0.2975861777464912,0.5455145990223279,0.38509655998686815,
0.5551144634114067,0.554982135768162,0.35503113870342407,0.554982135768162,0.39761911803308486,
0.5584398296059638,0.5584398296059638,0.3118550432903379,0.5584398296059638,0.4002144161949292,
0.55637707948244,0.55637707948244,0.3095554545734093,0.55637707948244,0.39778978841856155,
0.5616257587754024,0.5616257587754024,0.31542349292004657,0.5616257587754024,0.4039680968984473,
0.5413168940188877,0.5413168940188877,0.29302397975025574,0.5413168940188877,0.38022548236166276,
0.5519104084321476,0.5519104084321476,0.30460509893573995,0.5519104084321476,0.39255500482592176,
0.5511235208084031,0.5511235208084031,0.3037371351882503,0.5511235208084031,0.39163500664337925,
0.5488801054018445,0.5488801054018445,0.30126937010593996,0.5488801054018445,0.3890157398952168,
0.5582886301190632,0.5582886301190632,0.3116861945202201,0.5582886301190632,0.4000365381558426,
