Majority Class Accuracy,Accuracy,Precision,Recall,F Score,Support
0.21011265391668849,0.15692952580560648,0.09665857067275055,0.15692952580560648,0.10646267771325263,
0.20789611752360965,0.15346274921301153,0.08650423226425663,0.15346274921301153,0.10344898931849227,
0.208664546899841,0.16269210386857447,0.09077156851460363,0.16269210386857447,0.10831134290476213,
0.20433925049309665,0.15700197238658778,0.09270207636859584,0.15700197238658778,0.1052466447992316,
0.20605015258060236,0.15855114767148734,0.0876313891906473,0.15855114767148734,0.10652582079473041,
0.20994840587379282,0.1613970101865326,0.09156213584346251,0.1613970101865326,0.10834924567322697,
0.2064931650893796,0.15036803364879076,0.08474466647686582,0.15036803364879076,0.10106753887318506,
0.20474308300395258,0.15994729907773386,0.08364621466895127,0.15994729907773386,0.10098739435823866,
0.21063773485048956,0.15771368086795448,0.08991469925704366,0.15771368086795448,0.10676307087883213,
0.20955686065136145,0.16804591564335292,0.09558763764117335,0.16804591564335292,0.11229416085718674,
0.20526385398756777,0.16122206057399815,0.09588331781264237,0.16122206057399815,0.10748198558181858,
0.21402067320434667,0.16737344288364697,0.09302576460678778,0.16737344288364697,0.1108585513051087,
0.20966043695709397,0.16543827322979732,0.09660850585711005,0.16543827322979732,0.10948139564269552,
0.2117832305471723,0.16782574465293268,0.08987989717624548,0.16782574465293268,0.11052349813654443,
0.21316241575261002,0.16624818289943175,0.09098021417248328,0.16624818289943175,0.11078353409718243,
0.21030438792989853,0.15113980761628673,0.08341049049994623,0.15113980761628673,0.10002596279336232,
0.2087970323264441,0.1614997350291468,0.08914851992930216,0.1614997350291468,0.10798132844805952,
0.202825828601611,0.16189092829790044,0.08993723293051843,0.16189092829790044,0.10835017716233626,
0.2098226105374636,0.1636219221604448,0.09220833870424568,0.1636219221604448,0.10904754899797409,
0.20643714549531725,0.15749901068460626,0.08943211585282497,0.15749901068460626,0.10442182571295865,
0.21024080444562054,0.16366763694098968,0.09261581213826789,0.16366763694098968,0.10967644135934862,
0.21468253968253967,0.16216931216931216,0.09054033404899664,0.16216931216931216,0.10826459760935565,
0.20581241743725232,0.16023778071334213,0.09152403731628105,0.16023778071334213,0.1067072247618651,
0.2075372249308209,0.15878244828040586,0.08918053729695001,0.15878244828040586,0.10204019194377958,
0.21120343071562583,0.16805146073438756,0.09271501250404876,0.16805146073438756,0.1118973319294939,
0.21649484536082475,0.168913560666138,0.09329173621270447,0.168913560666138,0.11328027295382605,
0.21282220753469927,0.15730337078651685,0.08968309008241512,0.15730337078651685,0.10495433223199498,
0.2103049421661409,0.1619348054679285,0.09061414829126116,0.1619348054679285,0.10817446042800159,
0.21343559904787093,0.1615974609891563,0.09202778580252269,0.1615974609891563,0.10886942683513813,
0.20788151282729436,0.1635810632107908,0.0950071993686299,0.1635810632107908,0.1089168994977177,
