Majority Class Accuracy,Accuracy,Precision,Recall,F Score,Support
0.22029897718332023,0.21321793863099922,0.0888817690336489,0.21321793863099922,0.09769168570795796,
0.2189723320158103,0.21357048748353097,0.08323514699962793,0.21357048748353097,0.09800471907462491,
0.22093329818085947,0.21341945689427894,0.08415999554189788,0.21341945689427894,0.09817733303416058,
0.21255974508762612,0.20698353690918747,0.07694345341577132,0.20698353690918747,0.09153126293618143,
0.21269590412221784,0.20900829711576452,0.07900930320444373,0.20900829711576452,0.0964574672377619,
0.21725366046695688,0.21210922041946972,0.08802700921989781,0.21210922041946972,0.09784556189987698,
0.2234733077228772,0.21724731752550006,0.08126059463660756,0.21724731752550006,0.09847894655166922,
0.22065418095489317,0.2141915061988921,0.07975738747829102,0.2141915061988921,0.10151879631309554,
0.22748313715117047,0.22047348234360534,0.09593804582125018,0.22047348234360534,0.10242615468399109,
0.21112432289602326,0.20597172678028802,0.07946860111865517,0.20597172678028802,0.09096301399828038,
0.22192936215076436,0.2128360569319979,0.07441857594743366,0.2128360569319979,0.09750459666388889,
0.2156575086689784,0.2087223259535876,0.08384803377733333,0.2087223259535876,0.09719756249221363,
0.22954303931987247,0.2202444208289054,0.09115282250760519,0.2202444208289054,0.10386005030658006,
0.21606574761399788,0.20837751855779427,0.07520670502395758,0.20837751855779427,0.0938845772343679,
0.221250662427133,0.21674615792262852,0.0899232901155663,0.21674615792262852,0.10055879396000514,
0.2220908852114526,0.2146046755975834,0.09922596681285605,0.2146046755975834,0.10059949315369178,
0.22563698450223274,0.2192014709745206,0.08756640169996621,0.2192014709745206,0.10705820286606908,
0.21345338983050846,0.20603813559322035,0.07852625706984662,0.20603813559322035,0.09587232043155537,
0.22666490136369655,0.2196478220574606,0.09027118214260262,0.2196478220574606,0.1038008852630245,
0.2235340417158599,0.21435130526039617,0.13009736810261757,0.21435130526039617,0.0996342648954801,
0.22166380108451264,0.21769607194815502,0.09682998087243601,0.21769607194815502,0.10107381987133943,
0.22342247398234752,0.21499143722829667,0.08966144860265868,0.21499143722829667,0.10322356227462477,
0.22427545865461312,0.2157670832225472,0.08440188674466019,0.2157670832225472,0.10039769138152349,
0.2205746061167748,0.2117039586919105,0.08772169283485365,0.2117039586919105,0.09920882301970872,
0.2121414276184123,0.2065376917945297,0.0828379455646373,0.2065376917945297,0.09392486539715464,
0.22508250825082507,0.21676567656765677,0.09191283665177677,0.21676567656765677,0.10216607283110105,
0.22106236786469344,0.21419133192389006,0.07545325007826079,0.21419133192389006,0.09665305493009378,
0.22645710543549444,0.21990831696136215,0.08708275549974516,0.21990831696136215,0.101239594018791,
0.22478768577494693,0.21602972399150744,0.08261648038443045,0.21602972399150744,0.10232177601037054,
0.21724731752550006,0.21049145582196319,0.09640140152036443,0.21049145582196319,0.09938255353525485,
