Majority Class Accuracy,Accuracy,Precision,Recall,F Score,Support
0.26288048491237315,0.21083146659638952,0.12463380305920749,0.21083146659638952,0.14394759976671817,
0.2631648584281556,0.2069330510717121,0.11921658441966475,0.2069330510717121,0.14222816583389905,
0.26485771012574455,0.2017207147584381,0.11795600409417474,0.2017207147584381,0.14140743255789506,
0.275469700979095,0.2234718179412543,0.12933396361851426,0.2234718179412543,0.15521435630803251,
0.26828945627728534,0.21140362481809763,0.12373911407205156,0.21140362481809763,0.1486354677102271,
0.2690159574468085,0.21170212765957447,0.12154350208318493,0.21170212765957447,0.14865773548464506,
0.25936752591017803,0.2104703693861281,0.11937128972464654,0.2104703693861281,0.14344015644411684,
0.276657440358508,0.22050876499275077,0.125941300706203,0.22050876499275077,0.15138983787800964,
0.2674940586216002,0.21322946923686295,0.1312146292436575,0.21322946923686295,0.14915392426831733,
0.275440441756508,0.2231133315803313,0.12721262407230094,0.2231133315803313,0.15316003878676707,
0.26706270627062706,0.21755775577557757,0.12741424733469825,0.21755775577557757,0.14886102108558746,
0.2739072847682119,0.21562913907284767,0.12156201419211311,0.21562913907284767,0.14648965851297108,
0.26811498211683665,0.20943171280964365,0.11803316518733398,0.20943171280964365,0.144608407164603,
0.2715258309971966,0.210519289814444,0.12461460475929403,0.210519289814444,0.14448567814051036,
0.26587143803843605,0.21100066269052353,0.12327587473867556,0.21100066269052353,0.14594890937456237,
0.272356654392425,0.21593897948448185,0.12804789862193744,0.21593897948448185,0.1524498387240626,
0.26938883733262625,0.21476865968447567,0.12490886399371552,0.21476865968447567,0.15000972678532948,
0.2677952545987737,0.21580911756864837,0.12296273613608061,0.21580911756864837,0.14874098425576113,
0.2702987235162521,0.20397420713251743,0.1178449339978564,0.20397420713251743,0.14316485156372616,
0.27071823204419887,0.21625887924230466,0.13335138342553182,0.21625887924230466,0.15350659969500682,
0.2630815869250033,0.21233689205219455,0.11923105615836982,0.21233689205219455,0.14422892671767162,
0.2719725919093425,0.2122809329292397,0.118380826634611,0.2122809329292397,0.14417895584037133,
0.2705524715833994,0.21808088818398097,0.12290000359334001,0.21808088818398097,0.1495293882707814,
0.270979716293252,0.21649211189182024,0.13097471722182571,0.21649211189182024,0.1543327543463945,
0.2753508075191951,0.217765422292825,0.12812728433736623,0.217765422292825,0.15361833838947295,
0.28,0.2157095709570957,0.12384727729600087,0.21570957095709567,0.1496029774507804,
0.2651545297784852,0.20626077729141795,0.11935157516936416,0.20626077729141795,0.14199755161666577,
0.26452036793692507,0.2055190538764783,0.11909819962206074,0.2055190538764783,0.1418662882799388,
0.26891425537563046,0.21104327050703478,0.13292999774982017,0.21104327050703478,0.14856562085485256,
0.2788613600421718,0.2177121771217712,0.12536460706588007,0.2177121771217712,0.15238134552725888,
