Majority Class Accuracy,Accuracy,Precision,Recall,F Score,Support
0.20428968621739707,0.1944922547332186,0.06585638898955622,0.1944922547332186,0.08571989746169509,
0.19325396825396826,0.1873015873015873,0.07155866558107697,0.1873015873015873,0.08404425779985959,
0.20334705804223668,0.1924558374286094,0.07171994409321482,0.1924558374286094,0.08818706389508267,
0.19453653361623127,0.18525394510011936,0.06255019960681195,0.18525394510011936,0.07923689982372188,
0.1972391823732413,0.1912662596230422,0.06901774654817115,0.1912662596230422,0.08815267453025702,
0.19254658385093168,0.18593894542090658,0.07277550937586953,0.18593894542090658,0.08111136049754773,
0.20655044902271527,0.19717379820390915,0.07412019026277766,0.19717379820390915,0.09086612515444802,
0.1972318339100346,0.1903114186851211,0.09222142071269657,0.1903114186851211,0.09087274525429263,
0.20108408249603385,0.19460602855631942,0.07872371219074555,0.19460602855631942,0.0876475913587653,
0.2043167372881356,0.1933262711864407,0.06923139640294144,0.1933262711864407,0.08673702528448567,
0.20039893617021276,0.18936170212765957,0.0698678693306868,0.18936170212765957,0.08344418391194561,
0.19623089088033738,0.1889826041117554,0.08093632525263075,0.1889826041117554,0.08479866680131035,
0.20400943396226415,0.1985062893081761,0.08052019750407007,0.1985062893081761,0.09491964631075663,
0.1985535831689678,0.1873767258382643,0.06344029802065851,0.1873767258382643,0.08115692314783733,
0.1930862250262881,0.1871713985278654,0.0769982873238552,0.1871713985278654,0.08326525358285546,
0.19591998940256988,0.1875745131805537,0.06429659853688445,0.1875745131805537,0.0788292623724775,
0.19909802361055842,0.1943228544899854,0.07387036244039945,0.1943228544899854,0.08879638542901573,
0.20850840336134455,0.19721638655462184,0.08844442725726806,0.19721638655462184,0.09212151458292753,
0.19588586595885865,0.18553417385534174,0.07410097063659497,0.18553417385534174,0.08564399050283436,
0.20116003163722648,0.19245979435802796,0.09269718064454645,0.19245979435802796,0.08865597111751579,
0.19654854432881044,0.1825846397049137,0.07898675615660534,0.1825846397049137,0.08016527508993475,
0.1992835345628234,0.18694440758922648,0.07181252489414874,0.18694440758922648,0.08771567871110725,
0.1964025922497024,0.18476392011638673,0.0641915216293055,0.18476392011638673,0.0798235052967224,
0.1992887249736565,0.18440463645943098,0.0707896359343496,0.18440463645943098,0.08511091354935149,
0.19283163602698056,0.18568972358153685,0.06976199662707327,0.18568972358153685,0.08437330007299104,
0.19640021175224986,0.1937533086289042,0.0761979168036917,0.1937533086289042,0.0907322160324315,
0.2016417317622137,0.19475705017873693,0.08339189974554549,0.19475705017873693,0.09728237536259679,
0.20464807436918991,0.1954847277556441,0.07257760189671902,0.1954847277556441,0.09168070685047236,
0.19752273026749242,0.1861905389379365,0.07329339867939227,0.1861905389379365,0.08567273693352662,
0.20252997759915667,0.19093424693635525,0.08283124837412004,0.19093424693635525,0.0875184904404307,
