Majority Class Accuracy,Accuracy,Precision,Recall,F Score,Support
0.011750726168471086,0.013467124372854503,0.013356472086187093,0.013467124372854503,0.012897620169226966,
0.013021525378687218,0.014350252458145097,0.01482363666239928,0.014350252458145097,0.013559612366325755,
0.011170212765957447,0.01449468085106383,0.0138273806630026,0.01449468085106383,0.013459041946135473,
0.014800261951538966,0.01715782580222659,0.018146993969120687,0.01715782580222659,0.016732259229348973,
0.015559071729957807,0.01173523206751055,0.011518505569238537,0.01173523206751055,0.01090243074001164,
0.013804890875624507,0.013936366026820931,0.012826294816830668,0.013936366026820931,0.012609168383789896,
0.01303145978675793,0.014742661576938265,0.015186347396419697,0.014742661576938265,0.014120323439706293,
0.013793103448275862,0.013395225464190981,0.012158749545486352,0.013395225464190981,0.011814236820910387,
0.013180440226703572,0.013707657835771716,0.01396196147263883,0.013707657835771716,0.012999646444834222,
0.014508045370614614,0.01424426272751253,0.013831478006272905,0.01424426272751253,0.013185242296130311,
0.012825598307549915,0.013618934285336507,0.012618798504350617,0.013618934285336507,0.012256479434562637,
0.013100436681222707,0.015350006616382162,0.01564740283713043,0.015350006616382162,0.014779692362881673,
0.011228533685601057,0.013606340819022457,0.013623337014321928,0.013606340819022457,0.013047880935649198,
0.013662289428306142,0.014192863775036478,0.014442862521797035,0.014192863775036478,0.013306169347735673,
0.012166093626024862,0.017191219254165564,0.016934085785755972,0.017191219254165564,0.016097049545708012,
0.012247071352502662,0.015042598509052183,0.014370054726280812,0.015042598509052183,0.013831438650011992,
0.01361078392880513,0.015050386075121058,0.013713653451748561,0.015050386075121058,0.013495474208614237,
0.014147824937194235,0.014015602274229802,0.014075888134079605,0.014015602274229802,0.013251872876295295,
0.015229770891272679,0.01748112832737386,0.016179296467438455,0.01748112832737386,0.01594444024777677,
0.013335093741748086,0.015711645101663587,0.015391568447819956,0.015711645101663587,0.014658846603641324,
0.012299960322708636,0.015077370718158973,0.014504619028856592,0.015077370718158973,0.013853686130063866,
0.013465346534653465,0.015973597359735973,0.016993401285197773,0.015973597359735973,0.015233006657394545,
0.012852459016393442,0.014950819672131148,0.014746394977504232,0.014950819672131148,0.013929940939406285,
0.01035929714135851,0.014948859166011016,0.0143409810901247,0.014948859166011016,0.01400261893427609,
0.014390406395736176,0.014923384410393072,0.015202149597273788,0.014923384410393072,0.013932724478563807,
0.011187154514345881,0.013029744669649908,0.011958743141808838,0.013029744669649908,0.011739293070905876,
0.012866427908210638,0.017111022682053324,0.015225044401012267,0.017111022682053324,0.014818712576862236,
0.015109343936381709,0.013518886679920477,0.012943610772403125,0.013518886679920477,0.012463515986655063,
0.013754257270107415,0.015457165313073094,0.014687220167604272,0.015457165313073094,0.014369316482423736,
0.012980132450331127,0.01456953642384106,0.015370311864300722,0.01456953642384106,0.013781074183198957,
