Majority Class Accuracy,Accuracy,Precision,Recall,F Score,Support
0.024603174603174603,0.027513227513227514,0.024505224829708478,0.027513227513227514,0.02099460122020747,
0.02125131995776135,0.026003167898627243,0.028545262266270514,0.026003167898627243,0.02080034077983694,
0.023495248152059132,0.02441921858500528,0.02640294588170943,0.02441921858500528,0.019179161712734483,
0.022428666224286662,0.02295952222959522,0.019922734151335712,0.02295952222959522,0.016907376692110326,
0.026466285410293923,0.02673227822848783,0.028435289071649127,0.02673227822848783,0.02073033035677625,
0.02383134738771769,0.02514076207935053,0.03244443508859462,0.02514076207935053,0.020418544578211798,
0.023903856312731113,0.025884838880084523,0.026021631618547772,0.025884838880084523,0.020485387882147144,
0.02498347653668209,0.023925974884335757,0.018393437657749492,0.023925974884335757,0.017087743584485632,
0.023008378773773108,0.026466285410293923,0.028487194501368482,0.026466285410293923,0.02044440025105681,
0.023379383634431455,0.021253985122210415,0.01984796187871473,0.021253985122210415,0.015984065884715,
0.02281469690940443,0.02414113277623027,0.02868611949420486,0.02414113277623027,0.020328055345922486,
0.023850309658716564,0.023191461325602847,0.024662150643713007,0.023191461325602847,0.01830347883313484,
0.021940259053661114,0.024187153053132435,0.025467544286046483,0.024187153053132435,0.01956586508529535,
0.022574257425742573,0.022046204620462046,0.02185336730230267,0.022046204620462046,0.016971112218353443,
0.019592268996558113,0.025549377813079165,0.02622277731756609,0.025549377813079165,0.020342053777526833,
0.020954907161803715,0.029708222811671087,0.03073637289615149,0.029708222811671087,0.022795095478568818,
0.0222310440651052,0.025539235146222045,0.027009882957641427,0.025539235146222045,0.019994187857410202,
0.026148969889064975,0.022979397781299524,0.022871817583150867,0.022979397781299524,0.017588567722760923,
0.0227905127865377,0.02491056048761097,0.023909588810550164,0.02491056048761097,0.019447689255780755,
0.023492147287844795,0.023888082354493863,0.02487490005386275,0.023888082354493863,0.017973199673406843,
0.020780939774983454,0.02528127068166777,0.02264493707612851,0.02528127068166777,0.01938849927737827,
0.025144813059505004,0.024091627172195894,0.024943124996095536,0.024091627172195894,0.01952355845107712,
0.022748191978961208,0.023800131492439185,0.023473502400150843,0.023800131492439185,0.018808423790022354,
0.024918032786885248,0.024918032786885248,0.024390622195216746,0.024918032786885248,0.018877790513754194,
0.024717607973421925,0.02485049833887043,0.026326711338279962,0.02485049833887043,0.01948539807414536,
0.023667856670633345,0.024725637974348805,0.025178036102827376,0.024725637974348805,0.019156313868539582,
0.021684516726166864,0.024328969985455508,0.027754796912056193,0.024328969985455508,0.02035514688877778,
0.024351508734780307,0.024616199047114876,0.021386505447923657,0.024616199047114876,0.017384144830769888,
0.023583662714097498,0.025032938076416336,0.024632741012747355,0.025032938076416336,0.01905834304427371,
0.023749166110740495,0.025483655770513675,0.025773117587128667,0.025483655770513675,0.01945422354655685,
