Majority Class Accuracy,Accuracy,Precision,Recall,F Score,Support
0.421784012705135,0.3710958178930651,0.23357007855687106,0.3710958178930651,0.27572088202852213,
0.4239649681528662,0.3614649681528662,0.23614516961401516,0.3614649681528662,0.2735173623865595,
0.4220379780690024,0.364803423375234,0.2326203579747457,0.364803423375234,0.27013895033266977,
0.41678900306953154,0.36193780862138,0.22467873183454462,0.36193780862138,0.26478541038317077,
0.42859032002115843,0.35757736048664374,0.225813793090914,0.35757736048664374,0.269671982514845,
0.4218109715796431,0.35730337078651686,0.22950415373750316,0.35730337078651686,0.26860158513426075,
0.4257165395740205,0.36497501972127266,0.237687022234058,0.36497501972127266,0.27670994468072097,
0.4385895404120444,0.37427363972530375,0.24176837617686384,0.37427363972530375,0.2843864583820096,
0.4199973618256167,0.3614298905157631,0.22364812779927862,0.3614298905157631,0.26790930260498225,
0.4282692053417956,0.3696945656485522,0.2419075658917152,0.3696945656485522,0.27881874164798776,
0.41988365943945005,0.36409307244843997,0.23011159616489282,0.36409307244843997,0.2706037584043811,
0.4354561101549053,0.37031643055739444,0.24325898886109076,0.37031643055739444,0.28452756056836065,
0.42437030199129633,0.35843333772913094,0.2318970658560451,0.35843333772913094,0.2721850852765779,
0.4277290001310444,0.3679727427597956,0.247364557267123,0.3679727427597956,0.2819793388331143,
0.4318091975227303,0.366714982211095,0.23741715148736964,0.366714982211095,0.2781194066979868,
0.4312977099236641,0.37470386943932615,0.23847744106168667,0.37470386943932615,0.28018709029137717,
0.42585249801744646,0.36465767909066876,0.23616418471565506,0.36465767909066876,0.27529237901963993,
0.4160737812911726,0.3555994729907773,0.2342089427265164,0.3555994729907773,0.26994032643369475,
0.41221974564048774,0.3542677330536253,0.22111485059385239,0.3542677330536253,0.2602317713750559,
0.40942698706099817,0.3546342751518352,0.22606535536089417,0.3546342751518352,0.26322919125899974,
0.42033988316516196,0.36059479553903345,0.22978122854205543,0.36059479553903345,0.2674475999458373,
0.42971834693340355,0.37391418794419584,0.236603387616596,0.37391418794419584,0.2788867690892071,
0.4156291390728477,0.35841059602649006,0.23018004948194948,0.35841059602649006,0.26813631383444175,
0.417459059693608,0.36053882725832015,0.2275178232635089,0.36053882725832015,0.26759185213210634,
0.42571916458689085,0.3631945356626822,0.23055297675080216,0.3631945356626822,0.2735447596058885,
0.42442322991249004,0.36343145054362236,0.2250566786958201,0.36343145054362236,0.270251079930094,
0.43035619351408827,0.3572567783094099,0.23323245906618753,0.3572567783094099,0.2732905655943211,
0.4196062888096182,0.3655700885189589,0.2334531667771509,0.3655700885189589,0.27289816729550126,
0.41412815126050423,0.35753676470588236,0.23058677528350546,0.35753676470588236,0.2692881033319507,
0.42775791285922393,0.37041451463382336,0.23456572347883942,0.37041451463382336,0.2765126475098973,
