Majority Class Accuracy,Accuracy,Precision,Recall,F Score,Support
0.012906624522586592,0.013301725273278019,0.012619842773662168,0.013301725273278019,0.009826663469129693,
0.012586115527291998,0.01232114467408585,0.013573165261277362,0.01232114467408585,0.008978829361445248,
0.013131976362442548,0.011556139198949442,0.008815329538659749,0.011556139198949442,0.007812741501670791,
0.013007698433766923,0.011680382267056012,0.014702919094671096,0.011680382267056012,0.00876021761158221,
0.01330671989354624,0.01277445109780439,0.00938753472956094,0.01277445109780439,0.008090936151110431,
0.013292569453675395,0.013957197926359166,0.014721164046632066,0.013957197926359166,0.009596213419832174,
0.013016336830920442,0.0127506973037588,0.013719367321063507,0.0127506973037588,0.009372433362577535,
0.010446971700608305,0.013224014810896589,0.009585224361542638,0.013224014810896589,0.00886559690596683,
0.012899828879820982,0.015137554297749111,0.01637956604222808,0.015137554297749111,0.011142125538299638,
0.01437425820915205,0.01582487142291969,0.01766152985412605,0.01582487142291969,0.012377653464161049,
0.01274223520042474,0.01393681975046456,0.013448770154713784,0.01393681975046456,0.01055230442828426,
0.012906624522586592,0.013038324772817068,0.01290185540849853,0.013038324772817068,0.009467888326415168,
0.012681884928580963,0.013749833133093045,0.013780617482396404,0.013749833133093045,0.009937959061952998,
0.01281708945260347,0.01335113484646195,0.013742393005210863,0.01335113484646195,0.00980324755601181,
0.012847682119205298,0.013774834437086093,0.014430519040472172,0.013774834437086093,0.00985877506571758,
0.013707657835771716,0.01265322261763543,0.011908640190422969,0.01265322261763543,0.008855684146235695,
0.012166093626024862,0.013224014810896589,0.013530940849252469,0.013224014810896589,0.00988137719422098,
0.012451980394754272,0.013114319777453967,0.01347109882707588,0.013114319777453967,0.009461551558238673,
0.013879709187045605,0.012822207534699273,0.011129256060543904,0.012822207534699273,0.00908233090337675,
0.011301688605238665,0.017949740725967292,0.019134446700571003,0.017949740725967292,0.012836659410433026,
0.013940031562335612,0.015123619147816939,0.013507387284736702,0.015123619147816939,0.01133904151218089,
0.011518601880047663,0.01363696544419436,0.018066518393077807,0.01363696544419436,0.010217519017922446,
0.010515247108307046,0.013801261829652996,0.012972945522286441,0.013801261829652996,0.010161153292669953,
0.011634056054997356,0.013484928609201481,0.013768846654307852,0.013484928609201481,0.009405231475380464,
0.012863015515183663,0.01511735844052513,0.019091092526806592,0.01511735844052513,0.011805398160130771,
0.01087668719695977,0.01507010876687197,0.014625016584885743,0.01507010876687197,0.01178047193759469,
0.011354634275151836,0.01399524689728017,0.01706399465192836,0.01399524689728017,0.010403623605759707,
0.012537943777220536,0.012669922132770225,0.012717181237362972,0.012669922132770225,0.008865354483209643,
0.015103756238508011,0.01641712634620436,0.019554037995095322,0.01641712634620436,0.011905126397314014,
0.01256281407035176,0.012430573922242793,0.01777303543911635,0.012430573922242793,0.009377260700455204,
