Majority Class Accuracy,Accuracy,Precision,Recall,F Score,Support
0.48017562533262376,0.4800425758382118,0.2305660974447839,0.4800425758382118,0.31151194033985546,
0.4820743484587908,0.4820743484587908,0.2324264257454133,0.4820743484587908,0.31363665877233243,
0.47943751658264794,0.47943751658264794,0.22992133557984204,0.47943751658264794,0.31079590761070663,
0.46886156287187625,0.46886156287187625,0.21983116513865836,0.46886156287187625,0.29932182949746566,
0.4830003968778939,0.48247122635269213,0.24388211034089388,0.48247122635269213,0.3148975811428953,
0.46311475409836067,0.4629825489159175,0.25098924611381207,0.4629825489159175,0.29521268369889847,
0.4765614683744883,0.4765614683744883,0.2271108331392484,0.4765614683744883,0.3076212375896134,
0.48614609571788414,0.48614609571788414,0.2363693626355716,0.48614609571788414,0.3180832782580928,
0.4797946557851784,0.4797946557851784,0.2302332175272479,0.4797946557851784,0.3111558616381061,
0.4761841581531113,0.4761841581531113,0.22675135247598735,0.4761841581531113,0.3072128246650218,
0.48003689550665435,0.48003689550665435,0.2304354210476666,0.48003689550665435,0.3113914548309726,
0.4809555408095554,0.4810882548108825,0.25872166995276696,0.4810882548108825,0.3133109810621216,
0.47690882625380443,0.47690882625380443,0.22744202855878143,0.47690882625380443,0.30799738550644407,
0.4717382630668972,0.4716052666578002,0.22271120767344127,0.4716052666578002,0.3025472745225569,
0.4857482185273159,0.48508841382950646,0.26586326425216456,0.48508841382950646,0.3194758252707994,
0.4757216974856991,0.4757216974856991,0.22631113345867498,0.4757216974856991,0.30671248358583975,
0.47814027209087306,0.4778761061946903,0.22858238694830588,0.4778761061946903,0.3092441016132962,
0.47614025837068286,0.47574479303981015,0.22661086541735387,0.47574479303981015,0.3069924417078686,
0.4818302387267904,0.4818302387267904,0.2796904005098295,0.4818302387267904,0.3138941309324658,
0.4708994708994709,0.4707671957671958,0.22177202817668612,0.4707671957671958,0.3015078199030704,
0.48141263940520446,0.48141263940520446,0.23178890326427717,0.48141263940520446,0.31291605816676016,
0.47987901104681746,0.47987901104681746,0.23028386524327155,0.47987901104681746,0.31121985449388373,
0.47400530503978777,0.47400530503978777,0.2749985362410841,0.47400530503978777,0.30620665134182457,
0.48315202971610505,0.4832846908994428,0.27938057787786347,0.4832846908994428,0.3157095741323021,
0.47583001328021246,0.47583001328021246,0.22641420153824718,0.47583001328021246,0.30682964772482696,
0.48530780481318975,0.48530780481318975,0.23552366541259706,0.48530780481318975,0.3171378547252963,
0.4804476629361422,0.4797893350888743,0.25083823348086925,0.4797893350888743,0.31180858383018933,
0.47683423021393884,0.4765717285733036,0.22730538137151265,0.4765717285733036,0.30780179376121103,
0.4869242001858489,0.4869242001858489,0.2372211404279046,0.4869242001858489,0.3190208031225674,
0.47354462272908104,0.47354462272908104,0.22424450971562768,0.47354462272908104,0.3043606637446991,
