Majority Class Accuracy,Accuracy,Precision,Recall,F Score,Support
0.1564392941796155,0.15604424545693968,0.042955849591565266,0.15604424545693968,0.049368171157210726,
0.14610003959350668,0.1455721261713079,0.03842024977671103,0.1455721261713079,0.049800295268240966,
0.15422357777483092,0.15528444503381514,0.04098477353742068,0.15528444503381514,0.05458351859826814,
0.15595725029687293,0.15450587148700357,0.03505021631735953,0.15450587148700357,0.04778785601077126,
0.15249537892791126,0.15328756271454977,0.03612779905232525,0.15328756271454977,0.04667588833368236,
0.14575866188769415,0.1448294172308509,0.04477589064013987,0.1448294172308509,0.04485229009448279,
0.15304764439712537,0.15371306893798242,0.037854196910604036,0.15371306893798242,0.048029625044914204,
0.1549592212575638,0.15140752433570112,0.03845283891644084,0.15140752433570112,0.05436924070776407,
0.15144736842105264,0.14723684210526317,0.04387612679866673,0.14723684210526317,0.05253148208350587,
0.16279069767441862,0.16029431086585205,0.03804109172423214,0.16029431086585205,0.0505088284009401,
0.15055193509775236,0.1489559781885889,0.034771706621909884,0.1489559781885889,0.05060433546106393,
0.152888182299947,0.15010598834128247,0.03714736537578529,0.15010598834128247,0.04794481603752568,
0.15034827178341437,0.15034827178341437,0.03849250787341834,0.15034827178341437,0.051633316199490985,
0.1558815823945507,0.15522661776264082,0.03526420287107508,0.15522661776264082,0.05043163806448543,
0.15060399159663865,0.15007878151260504,0.030935631084679834,0.15007878151260504,0.04065156778815415,
0.15380556654794883,0.15380556654794883,0.04558457303677607,0.15380556654794883,0.054343585834553114,
0.15549140532738487,0.15509775619997376,0.04020950021088198,0.15509775619997376,0.053602582836381765,
0.15610079575596816,0.15145888594164456,0.03887346377884645,0.15145888594164456,0.04905277031763423,
0.15622948667454378,0.15412892214782722,0.03861247185589164,0.15412892214782722,0.048491186202758295,
0.15711645101663585,0.15830472669659362,0.042518971544255414,0.15830472669659362,0.05002145774932874,
0.1592164080988693,0.1542203523534052,0.03473608936459528,0.1542203523534052,0.0513232884654736,
0.15767909066878139,0.1586042823156225,0.04217535110805599,0.1586042823156225,0.05533279432615327,
0.14906995022268799,0.148938957296306,0.04141331543970658,0.148938957296306,0.04238788106562037,
0.1597286873254422,0.1589307088708605,0.04189712633595096,0.1589307088708605,0.046474823334968204,
0.15364412344057782,0.15285620485883125,0.038752825438141875,0.15285620485883125,0.05133059825501141,
0.15590467314605247,0.15470643056849953,0.04173120795752552,0.15470643056849953,0.05350567791953348,
0.15177510888214332,0.15177510888214332,0.04036620968958096,0.15177510888214332,0.045538677824743475,
0.16123117223313688,0.15939751146037984,0.04260924012107951,0.15939751146037984,0.05403606543253518,
0.14932306875497744,0.14972126360499072,0.03481450371757217,0.14972126360499072,0.04633637435611097,
0.1555614547385187,0.15264135917175473,0.05078344065818878,0.15264135917175473,0.05685355889452913,
