Majority Class Accuracy,Accuracy,Precision,Recall,F Score,Support
0.2394885989192039,0.2394885989192039,0.05735478901228331,0.2394885989192039,0.09254589201110028,
0.23665128543177325,0.23665128543177325,0.05600383089651061,0.23665128543177325,0.09057335977612642,
0.23600367116821816,0.23600367116821816,0.05570503646771475,0.23600367116821816,0.09013507492102539,
0.24745941665566848,0.24745941665566848,0.061236162891563736,0.24745941665566848,0.09817740292623325,
0.23427818061964403,0.23427818061964403,0.054886265914450554,0.23427818061964403,0.08893662186735898,
0.23697813121272365,0.23697813121272365,0.056158634673074866,0.23697813121272365,0.0907997211204007,
0.2354962336460949,0.2354962336460949,0.05545847606149611,0.2354962336460949,0.0897752248063624,
0.23859555791993617,0.23859555791993617,0.05692784025912561,0.23859555791993617,0.09192321076095039,
0.23652058432934928,0.23652058432934928,0.055949417012959364,0.23652058432934928,0.0904926231343869,
0.2354962336460949,0.2354962336460949,0.05545847606149611,0.2354962336460949,0.0897752248063624,
0.23973597359735974,0.23973597359735974,0.05747333703667397,0.23973597359735974,0.09271867278304871,
0.23019867549668874,0.22980132450331126,0.05292800185353233,0.22980132450331126,0.08603935846332507,
0.23704680290046143,0.23704680290046143,0.05619118676533021,0.23704680290046143,0.09084730930726413,
0.23712701346712436,0.23712701346712436,0.056229220515837786,0.23712701346712436,0.09090290633659666,
0.2444002650762094,0.2444002650762094,0.059739407317143445,0.2444002650762094,0.0960106708139178,
0.2261637874192272,0.2261637874192272,0.0511500587398094,0.2261637874192272,0.08343103794880075,
0.24019994738226783,0.24019994738226783,0.05769601472244423,0.24019994738226783,0.09304308526092937,
0.23695680887597412,0.23695680887597412,0.056148529272684926,0.23695680887597412,0.09078494716999415,
0.24193760695011188,0.24193760695011188,0.058533805656746825,0.24193760695011188,0.09426207134590474,
0.24301896733403583,0.2427555321390938,0.05907979907619417,0.2427555321390938,0.09503160551594059,
0.23644538481883098,0.23644538481883098,0.055906420002125076,0.23644538481883098,0.09043087658953365,
0.24574495941345903,0.24574495941345903,0.060390585077122624,0.24574495941345903,0.09695497400295587,
0.24073828176868942,0.24073828176868942,0.0579549203089409,0.24073828176868942,0.09342005668806376,
0.22785142407140044,0.22785142407140044,0.05191627145136516,0.22785142407140044,0.08456441949501896,
0.2296866702071163,0.2296866702071163,0.0527559664708326,0.2296866702071163,0.08580391696357399,
0.23447820343461032,0.23447820343461032,0.054980027885922496,0.23447820343461032,0.08907411687457106,
0.2342947451600158,0.23416304490978532,0.07340168111150557,0.23416304490978532,0.09107054345605659,
0.23299161230195714,0.23299161230195714,0.054285091403065505,0.23299161230195714,0.08805427524639348,
0.22670157068062827,0.22670157068062827,0.08066458202614715,0.22670157068062827,0.08404846955604464,
0.2343458566480149,0.2343458566480149,0.05491798052809196,0.2343458566480149,0.08898313261605144,
