Majority Class Accuracy,Accuracy,Precision,Recall,F Score,Support
0.20821306743636842,0.24232484912096564,0.23495019842006049,0.24232484912096564,0.2241037070817415,
0.18717914966434118,0.23812031064894038,0.23379906590628577,0.23812031064894038,0.22914110855209247,
0.20074349442379183,0.2331386086032926,0.22544856627401672,0.2331386086032926,0.21190736633336388,
0.19503171247357293,0.22304439746300211,0.21922555885445238,0.22304439746300211,0.2105010387065859,
0.20319936541512426,0.2387625594923321,0.23358986971421905,0.2387625594923321,0.227189529748003,
0.19255727718183022,0.23308171103165143,0.22789626194004306,0.23308171103165143,0.22536964494394768,
0.19516679800367745,0.2281323877068558,0.22540749851341293,0.2281323877068558,0.2245559350746925,
0.19968178202068418,0.24118271015645718,0.2372006398773191,0.24118271015645718,0.2323244405368998,
0.20269200316706254,0.23370282396410663,0.2283708585028207,0.23370282396410663,0.216027248123673,
0.20903430918002383,0.2319512518214333,0.21923361385867882,0.2319512518214333,0.20819728402395624,
0.20145310435931307,0.23487450462351386,0.23148299041326534,0.23487450462351386,0.22937638373724964,
0.19923117709437965,0.23237009544008483,0.22925766485342206,0.23237009544008483,0.2185557262916586,
0.20002630194634402,0.22764334560757496,0.2217974110036213,0.22764334560757496,0.21610169509616198,
0.20068655928175336,0.23197781885397412,0.22269676232916752,0.23197781885397412,0.21314333255105564,
0.1963109354413702,0.23768115942028986,0.22978590183794717,0.23768115942028986,0.2219947336747437,
0.19360426382411725,0.23557628247834778,0.22977334509213687,0.23557628247834778,0.22343880955586137,
0.2045603459572795,0.24046651814965272,0.23581132665333712,0.24046651814965272,0.21821540385668425,
0.19814814814814816,0.22738095238095238,0.22164655999894156,0.22738095238095238,0.21533980977421088,
0.19520275642724622,0.24264510999204877,0.23334710736151654,0.24264510999204877,0.2245141772545652,
0.2101420416832603,0.24585158635337848,0.2421046651915734,0.24585158635337848,0.22903139192006855,
0.2078561917443409,0.24274300932090545,0.23865765040713072,0.24274300932090545,0.2348878933705571,
0.2,0.23516192994051552,0.23125995991060425,0.23516192994051552,0.22697349059430447,
0.19438956934018176,0.2294218359014882,0.22038872360962672,0.2294218359014882,0.21524201939214843,
0.20124371526858958,0.23842286319132044,0.22834172283992854,0.23842286319132044,0.22081292105174952,
0.19629139072847682,0.23549668874172186,0.2318269250659729,0.23549668874172186,0.22140331397787186,
0.1967451706800741,0.23723207197671342,0.23104293992779906,0.23723207197671342,0.2278145901117752,
0.19606548719302877,0.24306839186691312,0.2400281564300359,0.24306839186691312,0.23865587019375112,
0.1963002395528347,0.24367846686185787,0.23713763843189983,0.24367846686185787,0.22046699256292104,
0.1950191066016603,0.2344182369218606,0.2281140865579998,0.2344182369218606,0.21690178971790752,
0.1938612808929046,0.22694658517140578,0.2231110271973551,0.22694658517140578,0.207998984910691,
