Majority Class Accuracy,Accuracy,Precision,Recall,F Score,Support
0.011941090619609924,0.01114501791163593,0.011771294411055754,0.01114501791163593,0.010619593377109283,
0.011201897733263046,0.012519768054823405,0.012142953794185049,0.012519768054823405,0.011415426029638137,
0.009556676400318556,0.012211308733740376,0.011601163600118572,0.012211308733740376,0.010953243869392155,
0.011649457241196717,0.013105639396346307,0.012276373205335022,0.013105639396346307,0.011847126283196894,
0.01238145416227608,0.014752370916754479,0.015686922647005615,0.014752370916754479,0.014123576129298683,
0.013147410358565738,0.013147410358565738,0.013890839213688486,0.013147410358565738,0.012741838953210209,
0.012092534174553101,0.014064143007360672,0.014168766762904095,0.014064143007360672,0.012695008670976941,
0.01206896551724138,0.01273209549071618,0.012753925889302853,0.01273209549071618,0.011836186516811677,
0.010197411426330238,0.010981827689894103,0.010235770047786391,0.010981827689894103,0.009973240275997787,
0.014223627024891347,0.012248123271434215,0.012346531974059473,0.012248123271434215,0.011330256386013609,
0.01000394892720811,0.01197841253126234,0.012502803500772833,0.01197841253126234,0.011505087278688843,
0.012269129287598945,0.01754617414248021,0.01707520441958163,0.01754617414248021,0.016133424668198414,
0.013785790031813362,0.012460233297985153,0.012973276039329646,0.012460233297985153,0.012131750149156472,
0.012414897877452943,0.012548391403016954,0.01295987767618729,0.012548391403016954,0.011793893877930924,
0.012764260071798962,0.013429065283871826,0.014953812308775856,0.013429065283871826,0.013048214297971003,
0.011918951132300357,0.012845980664812608,0.011837798826481338,0.012845980664812608,0.011504821609332761,
0.013898080741230973,0.010589013898080741,0.01103905731704346,0.010589013898080741,0.009974955238200444,
0.011408861767046962,0.015123374900504112,0.01683448398732077,0.015123374900504112,0.014717299520530027,
0.011831959585216698,0.011964902951342728,0.011536023123701333,0.011964902951342728,0.011166734551250277,
0.010562450488513335,0.01241087932400317,0.01234480119833264,0.01241087932400317,0.011372747602725443,
0.013271400132714002,0.012342402123424022,0.012731159337774144,0.012342402123424022,0.01156622329679065,
0.013256332852080326,0.013781336133350834,0.013513535450966225,0.013781336133350834,0.012811932854212563,
0.013822434875066455,0.014752791068580542,0.014843388295287785,0.014752791068580542,0.013818774572992574,
0.013531440700451048,0.01379676306712656,0.013249062895054127,0.01379676306712656,0.012783574036338886,
0.014195583596214511,0.014195583596214511,0.013781211934025591,0.014195583596214511,0.012963642219142073,
0.012890365448504984,0.013687707641196013,0.01351589586979386,0.013687707641196013,0.01279555231910909,
0.011524705258974699,0.01417406278977348,0.01367970047618689,0.01417406278977348,0.013003528194004146,
0.010751260950358376,0.01393681975046456,0.013007620225210978,0.01393681975046456,0.01265244013034732,
0.011781837437119407,0.013502779984114376,0.014233631947447362,0.013502779984114376,0.012773129480853254,
0.012286959968291716,0.014929316950720042,0.014102315814885413,0.014929316950720042,0.0136802412043792,
