Majority Class Accuracy,Accuracy,Precision,Recall,F Score,Support
0.02563761955366631,0.0325451647183847,0.032174922896839216,0.0325451647183847,0.025907308801119886,
0.03651573496215642,0.030009294914354005,0.03088637620933242,0.030009294914354005,0.023925651155372252,
0.028428533824690707,0.026849170834430114,0.027064462173182167,0.026849170834430114,0.02164538092057652,
0.02859016393442623,0.03160655737704918,0.0303607498785839,0.03160655737704918,0.025271039923378515,
0.030633710228766764,0.02945043386799895,0.030513509093239775,0.02945043386799895,0.023480121517124877,
0.030239006998547473,0.031031295391522513,0.03203607253767192,0.031031295391522513,0.02560722178019219,
0.023582405935347113,0.0321939586645469,0.032248494690854876,0.0321939586645469,0.025455846655591394,
0.027708140915688087,0.03390948673967542,0.03441621340896627,0.03390948673967542,0.02731012270616895,
0.030795664816283375,0.03185302669838752,0.03169263266314356,0.03185302669838752,0.02487645939884136,
0.030335143727646046,0.026096171678367995,0.029161833428858197,0.026096171678367995,0.02231463036984664,
0.03216027415315671,0.03110583893502043,0.03505533534179614,0.03110583893502043,0.025651731353886938,
0.02882835228775456,0.03425019836022216,0.031167742774342592,0.03425019836022216,0.02693562351330061,
0.029380624669137108,0.03308628904182107,0.03186944328906665,0.03308628904182107,0.026441345422576982,
0.030503103129539154,0.033012016373960125,0.03364330655238889,0.033012016373960125,0.02671692423676902,
0.032317880794701985,0.03139072847682119,0.030210951583599644,0.03139072847682119,0.02450168232886118,
0.02973582901898314,0.030665073675826365,0.030041087177041407,0.030665073675826365,0.02440278653487718,
0.030846295808067494,0.02992354336936462,0.02733870257668777,0.02992354336936462,0.02317896350433407,
0.02838949323427965,0.029716105067657202,0.03184232953036545,0.029716105067657202,0.024327738203016407,
0.03175648965608117,0.03228356832257214,0.030973652132629856,0.03228356832257214,0.025611404118891866,
0.027102431247508968,0.028032416633452902,0.026781247507836115,0.028032416633452902,0.021853339988650695,
0.02357615894039735,0.03033112582781457,0.03209966312667705,0.03033112582781457,0.0248615005768015,
0.03192338387869114,0.030992285182229316,0.03225914140839385,0.030992285182229316,0.025763375641029537,
0.02915065588975752,0.031138200609513715,0.03189088040018707,0.031138200609513715,0.02437546440939155,
0.026229076051140107,0.02794253328061157,0.03020059891002329,0.02794253328061157,0.022723965118782954,
0.027969247083775184,0.029825026511134677,0.029760785832577803,0.029825026511134677,0.024003264225691216,
0.03368560105680317,0.03381770145310436,0.03143829886512404,0.03381770145310436,0.025886909300882003,
0.028952934955050236,0.03305129561078794,0.03231927097912781,0.03305129561078794,0.026519682567546842,
0.03185981680605336,0.03239081375282092,0.02896563459374205,0.03239081375282092,0.023944469526018565,
0.03162790697674418,0.030431893687707642,0.0338180167555796,0.030431893687707642,0.024981922963434062,
0.029801759222791126,0.035315741105422085,0.03287891132989862,0.035315741105422085,0.02754257988390268,
