Majority Class Accuracy,Accuracy,Precision,Recall,F Score,Support
0.020397350993377483,0.028874172185430463,0.027319474897499453,0.028874172185430463,0.02378996634152099,
0.020256851582152787,0.023169601482854494,0.024825133096954832,0.023169601482854494,0.01939572875760561,
0.022169122527545465,0.02562060268153458,0.024564249582590614,0.02562060268153458,0.020984949576802924,
0.01989721966003426,0.022796152325734616,0.020248624724936385,0.022796152325734616,0.017214126723243735,
0.019633680326788774,0.021478455659507182,0.020390769653462593,0.021478455659507182,0.017461773719777154,
0.019104084321475624,0.0227931488801054,0.01991264071220881,0.0227931488801054,0.01709648010821594,
0.018528321863419798,0.026469031233456855,0.022153397929081477,0.026469031233456855,0.021415317987064655,
0.02426990265368716,0.025470062675023337,0.02536273456542933,0.025470062675023337,0.022235140084738,
0.02262503307753374,0.02315427361735909,0.02198806600420479,0.02315427361735909,0.01906854897830486,
0.022219300552195634,0.027346831448856166,0.026787505456766735,0.027346831448856166,0.023137159563134356,
0.018376520359598095,0.02617662612374405,0.02666974822452972,0.02617662612374405,0.020904232742902137,
0.01964403427818062,0.024653922214897823,0.0304406335023147,0.024653922214897823,0.021250192551986628,
0.019949795217333862,0.023781212841854936,0.02733980105310458,0.023781212841854936,0.01999482796076908,
0.022448171134292882,0.0221840750033012,0.019986130775683654,0.0221840750033012,0.01754789088483535,
0.021831172267795712,0.02593278645144218,0.022641686061220304,0.02593278645144218,0.01900742279416751,
0.019393139841688653,0.02598944591029024,0.021384345073193686,0.02598944591029024,0.021157772294746732,
0.01994415636218588,0.021805610955989894,0.020858213384386093,0.021805610955989894,0.016842475502679078,
0.02175059319799631,0.02491431584497759,0.029707247125341014,0.02491431584497759,0.02050531967027087,
0.020042194092827006,0.02386603375527426,0.022222680277144826,0.02386603375527426,0.019737038823737073,
0.020491803278688523,0.024061343204653623,0.02309381182604451,0.024061343204653623,0.019071444810108334,
0.01841620626151013,0.024204156800841883,0.021690708816561294,0.024204156800841883,0.018479074774016637,
0.019164684113137723,0.022072429288924136,0.01950654188825729,0.022072429288924136,0.017986396621565117,
0.019472777851371043,0.024771492912968606,0.01911436362206883,0.024771492912968606,0.019202906230448555,
0.01760190577024881,0.024086818422445738,0.024522954158664165,0.024086818422445738,0.01950356352033034,
0.021902625676210583,0.02295817390157013,0.018966741431532656,0.02295817390157013,0.019180120494293445,
0.01921038685744568,0.02384737678855326,0.022810025717987993,0.02384737678855326,0.01973755941583596,
0.01804192093393473,0.025072963650835764,0.021797747701594584,0.025072963650835764,0.020184553767029285,
0.019997368767267466,0.021576108406788582,0.020805916661682928,0.021576108406788582,0.018468045314768047,
0.020490733489950404,0.026755416340381102,0.031844369604531485,0.026755416340381102,0.020410744866152287,
0.02125680882157566,0.027235286302643817,0.024512015586841043,0.027235286302643817,0.021147235931125094,
