Majority Class Accuracy,Accuracy,Precision,Recall,F Score,Support
0.23363624390886342,0.18833135782957988,0.1063515802962858,0.18833135782957988,0.12632438962889483,
0.23412646246877875,0.18417247272249243,0.10369429500707476,0.18417247272249243,0.1250532927410527,
0.22511911064055057,0.17866596082583378,0.09924304040802984,0.17866596082583378,0.11974237979368273,
0.23757784550152378,0.17993904862859414,0.10095049301455346,0.17993904862859414,0.1236460576858115,
0.2328077381741089,0.1802040545912283,0.09900474075988991,0.1802040545912283,0.12034963182052395,
0.2319736842105263,0.1794736842105263,0.0993458939799586,0.1794736842105263,0.11930701619395802,
0.23222060957910015,0.18195012534635177,0.10099429896091043,0.18195012534635177,0.12138475083582634,
0.23562614859543188,0.18574428983985297,0.10381760279080626,0.18574428983985297,0.12396596072703545,
0.24198212407991587,0.18585699263932703,0.10827811926316953,0.18585699263932703,0.12717090407761972,
0.22846143634674101,0.1693880260188504,0.09564794217994574,0.1693880260188504,0.11478032232209061,
0.23025967143614204,0.17859035506094328,0.09659169595355382,0.17859035506094328,0.11890755868780922,
0.23700105042016806,0.18421743697478993,0.10344231324803807,0.18421743697478993,0.1265075429937706,
0.234599044078598,0.1777748274030802,0.09685846089150112,0.1777748274030802,0.11779463311914147,
0.23064708217546645,0.17718671430461824,0.10349376177278995,0.17718671430461824,0.12250183608078553,
0.2441921858500528,0.19020591341077087,0.1042613271852913,0.19020591341077087,0.12851985605414049,
0.23907894736842106,0.18486842105263157,0.1073530729083276,0.18486842105263157,0.12497214913502956,
0.2360725155484981,0.18737594283445813,0.10975100733874474,0.18737594283445813,0.12943274718275474,
0.23539451227517394,0.1809111198634633,0.0975200675907004,0.1809111198634633,0.12043537978416073,
0.24555160142348753,0.17991300909450375,0.10036191157438484,0.17991300909450375,0.12357650178247133,
0.23077935755660875,0.18075302790942602,0.09920672281657446,0.18075302790942602,0.12040763937970919,
0.24005305039787797,0.18912466843501327,0.10355635050977782,0.18912466843501327,0.12570759833396422,
0.23404539385847797,0.18504672897196262,0.10333457907794741,0.18504672897196262,0.12418871128666577,
0.23711066931742877,0.18277004638833666,0.1035286950379567,0.18277004638833666,0.12356798594636278,
0.23472369819341127,0.1786663124335813,0.0992094927812005,0.1786663124335813,0.12125609734202596,
0.23257645360283502,0.18545740910880693,0.10295004713351107,0.18545740910880693,0.12405548024814173,
0.23197781885397412,0.18061790335357802,0.10159208370584277,0.18061790335357802,0.12329612805973286,
0.2248528449967299,0.17658600392413343,0.09960185620667902,0.17658600392413343,0.1185114346866719,
0.22698158526821458,0.1830797971710702,0.10278128353961351,0.1830797971710702,0.12143740296271559,
0.240063383071438,0.1859236762181434,0.11247729103227062,0.1859236762181434,0.12653628796638042,
0.23654073976569698,0.18165065157298935,0.10691124395567851,0.18165065157298935,0.12305171206485468,
