Majority Class Accuracy,Accuracy,Precision,Recall,F Score,Support
0.011630980703145652,0.010177108115252445,0.009774017954313605,0.010177108115252445,0.007020157233933531,
0.010716152639832723,0.011761630946157868,0.011804524466775884,0.011761630946157868,0.008604231829031072,
0.013021525378687218,0.011958543715120914,0.010260797686695031,0.011958543715120914,0.008384512826954335,
0.012901527119536599,0.012243285939968405,0.012974717670380987,0.012243285939968405,0.0091255558461099,
0.013454689354966362,0.010948423690805962,0.008498931290324179,0.010948423690805962,0.007612592589148106,
0.011086181866173947,0.011482116932823017,0.011706837739228041,0.011482116932823017,0.008070302099859506,
0.014925373134328358,0.011887465328226127,0.010979875317162237,0.011887465328226127,0.007733358001377787,
0.009521290663845543,0.010314731552499339,0.006776960440844705,0.010314731552499339,0.006715642219090762,
0.014913448735019973,0.012250332889480693,0.00984298848201184,0.012250332889480693,0.00845106344032065,
0.013622536701494511,0.010183838116651236,0.009478080177712738,0.010183838116651236,0.006892689608861112,
0.01347744862556712,0.010675206832132373,0.009144267161877849,0.010675206832132373,0.00717479534741583,
0.012593467138921684,0.012068739341466614,0.008387917811672578,0.012068739341466614,0.00814155518264423,
0.012556172349986783,0.010309278350515464,0.012681431914406674,0.010309278350515464,0.008130986196622832,
0.01094264996704021,0.011338167435728411,0.008935620659528559,0.011338167435728411,0.007870094116642629,
0.011232985331042685,0.01083652702524118,0.017335870997851336,0.01083652702524118,0.008259250317063255,
0.013558420842748903,0.01209623820284461,0.012556987267299955,0.01209623820284461,0.008312353109169559,
0.013624338624338624,0.01044973544973545,0.010814628833544775,0.01044973544973545,0.007718719138020432,
0.013050355918797786,0.010809385710519377,0.013741055120633939,0.010809385710519377,0.00824074812383858,
0.013093506149980162,0.011241899219679937,0.012051361215201907,0.011241899219679937,0.007895149255350538,
0.012869336835193698,0.008798424162836507,0.006475041677655108,0.008798424162836507,0.0057274893608902705,
0.011450381679389313,0.011318768096867597,0.013696563377149404,0.011318768096867597,0.008228414137976906,
0.012422360248447204,0.011232985331042685,0.01847644065470645,0.011232985331042685,0.007857571572140922,
0.01098901098901099,0.010459420097974315,0.009690063555721608,0.010459420097974315,0.007606883024097527,
0.011495771670190275,0.011099365750528542,0.011197355706771479,0.011099365750528542,0.008024036740863718,
0.011200421662933193,0.009750955330083015,0.010218701545439522,0.009750955330083015,0.007094360164149036,
0.010888328243261186,0.010888328243261186,0.01233628343070365,0.010888328243261186,0.007768335411506404,
0.01507208387942333,0.009698558322411533,0.012541165843874607,0.009698558322411533,0.006936160330186417,
0.012945838837516512,0.010568031704095112,0.00956614859348328,0.010568031704095112,0.0077768135611038245,
0.012839179351422899,0.009530112508272667,0.009813195828444964,0.009530112508272667,0.0070373875050283065,
0.010779545155777573,0.012225581701064808,0.021200595878725678,0.012225581701064808,0.00855278991318936,
