Majority Class Accuracy,Accuracy,Precision,Recall,F Score,Support
0.18675654242664552,0.1423473433782712,0.07723898566093813,0.1423473433782712,0.09275332296278227,
0.18597883597883597,0.14232804232804233,0.07673042939364101,0.14232804232804233,0.09398498834318635,
0.1919578114700066,0.14370468029004616,0.07865395541434657,0.14370468029004616,0.0939453478732082,
0.19141870350690754,0.14386291179596175,0.07551820969963449,0.14386291179596175,0.09409974328180462,
0.1940693672226635,0.14998676198040772,0.0816328669636003,0.14998676198040772,0.09882944716014785,
0.19171940928270043,0.15123945147679324,0.08603220446715308,0.15123945147679324,0.10056430459894254,
0.1867740232312566,0.14229144667370644,0.07778724332775117,0.14229144667370644,0.09386412197227843,
0.1751121667986276,0.1390868302982317,0.07332203219674541,0.1390868302982317,0.08908059500562138,
0.1974867724867725,0.14272486772486773,0.07866504803938246,0.14272486772486773,0.09579476803532957,
0.18718626155878468,0.13791281373844122,0.07590482354040638,0.13791281373844122,0.09102252646306376,
0.18588482224845862,0.1429883248065066,0.07701430111932837,0.1429883248065066,0.09424851388727323,
0.1855832241153342,0.14154652686762778,0.07693626601169141,0.14154652686762778,0.09324411793396209,
0.19221635883905014,0.14063324538258576,0.07851595890011791,0.14063324538258576,0.09411101784484394,
0.18350816624618244,0.14035320674545212,0.07766956217469914,0.14035320674545212,0.09252892439196461,
0.18994413407821228,0.14086193136472466,0.07515638023230965,0.14086193136472466,0.09058363150169856,
0.17935858519202852,0.13752144648277684,0.07185679230963915,0.13752144648277684,0.08843561916059799,
0.18551797040169132,0.14112050739957716,0.07765316360147598,0.14112050739957716,0.09130103151246151,
0.18744167444340754,0.14478069590721238,0.08114119239724178,0.14478069590721238,0.09325339717335453,
0.19712552742616032,0.1507120253164557,0.08260060767880488,0.1507120253164557,0.09740105001729876,
0.19008592200925314,0.14553866490416392,0.07880835977059614,0.14553866490416392,0.09601973645324696,
0.18724307121071476,0.14321707996286964,0.07641976597046977,0.14321707996286964,0.09407532132843298,
0.18713527851458886,0.1446949602122016,0.07937370914492588,0.1446949602122016,0.09594075197677542,
0.19065174456879527,0.1489137590520079,0.08375232892578746,0.1489137590520079,0.09885929853067767,
0.1919578114700066,0.14396835860250495,0.0735543542124592,0.14396835860250495,0.09235557975017676,
0.18964153927253558,0.143384290985767,0.07910477432968951,0.143384290985767,0.09389826919270712,
0.1868421052631579,0.14039473684210527,0.07515840938272864,0.14039473684210527,0.09288206731117872,
0.18266294968803928,0.13965219699986725,0.07300510032398144,0.13965219699986725,0.08993527037882418,
0.18360047688435555,0.14028348125579546,0.07945767599069263,0.14028348125579546,0.09361956124652879,
0.18302139037433154,0.1431818181818182,0.0784406276572751,0.1431818181818182,0.09427362552918563,
0.19206264932306877,0.1456065834881869,0.08339911292231764,0.1456065834881869,0.09810523129017215,
