Majority Class Accuracy,Accuracy,Precision,Recall,F Score,Support
0.17054776395871923,0.15824292140777985,0.05681585280517686,0.15824292140777985,0.06939770013699144,
0.1721994445179209,0.16042851474672662,0.06204113636411062,0.16042851474672662,0.07683022842540728,
0.1735220208967068,0.1638672133315699,0.07325349972693465,0.1638672133315699,0.07594427014188197,
0.17618548598375688,0.1628242074927954,0.058358204240126506,0.1628242074927954,0.07524271854612406,
0.16655607166556072,0.15965494359654944,0.07180331256416349,0.15965494359654944,0.07149210366124185,
0.16730388925510878,0.15978905735003296,0.06866912284666754,0.15978905735003296,0.07176279096870351,
0.1748335552596538,0.16351531291611185,0.06290063103266362,0.16351531291611185,0.07484687106603258,
0.1677273932643861,0.16136303367806948,0.06088644029542789,0.16136303367806948,0.07119413938240471,
0.17024640927658452,0.15944129661351958,0.06577348575631418,0.15944129661351958,0.07314961553384892,
0.1728395061728395,0.16367980884109917,0.06795910990548071,0.16367980884109917,0.0771069537960822,
0.17400558733537316,0.1630969801782626,0.09312465237288782,0.1630969801782626,0.07460655072235499,
0.1663135593220339,0.15929555084745764,0.06418743868809502,0.15929555084745764,0.07169770792803774,
0.16603078542297067,0.1577424023154848,0.06387591318741248,0.1577424023154848,0.07057423965360872,
0.1633978266631328,0.15769944341372913,0.05604674709869229,0.15769944341372913,0.06863405372898965,
0.17034281158650014,0.16170608557002392,0.0650140656969413,0.16170608557002392,0.07725494909532471,
0.16399310619117063,0.161606787750232,0.07199845667355914,0.161606787750232,0.07359371201681865,
0.17163684559310802,0.16249171636845594,0.07543719297758916,0.16249171636845594,0.07710591896861962,
0.17006444824411415,0.16098908325660924,0.07677896696232574,0.16098908325660924,0.07505247043466183,
0.16804191224623444,0.15769482645710545,0.05438295217236646,0.15769482645710545,0.069774180179895,
0.17074127336906786,0.1614590142502288,0.062056100109703055,0.1614590142502288,0.07277604047548446,
0.16782665791201576,0.16257386736703874,0.0567036515523011,0.16257386736703874,0.071666524211523,
0.1680284659989457,0.15432261465471797,0.06263156706974991,0.15432261465471797,0.07102206585552778,
0.17592105263157895,0.16473684210526315,0.06037691688928442,0.16473684210526315,0.0765293272374049,
0.16927528607128764,0.16598711035117716,0.07120949825068418,0.16598711035117716,0.07887591919308781,
0.18453009503695883,0.17344244984160506,0.07322367194580923,0.17344244984160506,0.08429751360573977,
0.17854772335059074,0.1691225275454666,0.07341026995807906,0.1691225275454666,0.08098169697468482,
0.17121032529961808,0.16620571579086,0.06554149995366941,0.16620571579086,0.07340685804972333,
0.17241835250561946,0.16567499669443342,0.06345631601930078,0.16567499669443342,0.07708845415512514,
0.17530407191961925,0.16499206768905342,0.05902579969240826,0.16499206768905342,0.07505798442426183,
0.1704952861505776,0.1598725268888594,0.07393441773394842,0.1598725268888594,0.07263506743761178,
