Majority Class Accuracy,Accuracy,Precision,Recall,F Score,Support
0.016391275611368144,0.018638466622604096,0.020307182753983816,0.018638466622604096,0.014457942043786497,
0.020281018027571582,0.018292682926829267,0.018077585731892654,0.018292682926829267,0.013686929496541518,
0.017800632911392406,0.022151898734177215,0.02470156681037511,0.022151898734177215,0.018075967904572037,
0.017037832036490477,0.018379393614166892,0.019429429253082907,0.018379393614166892,0.013694216005602335,
0.01799080761654629,0.021142481943532503,0.021111089804744118,0.021142481943532503,0.01612896683711174,
0.0183377308707124,0.018469656992084433,0.017046186301157132,0.018469656992084433,0.013155087190021312,
0.01573657762496694,0.01957154192012695,0.02250048563227122,0.01957154192012695,0.014818337874915922,
0.021555144141761438,0.020497222956889712,0.020740565852605652,0.020497222956889712,0.01517899486880266,
0.02085547290116897,0.020722635494155154,0.02168107204866634,0.020722635494155154,0.0161266341637722,
0.020120988953182536,0.019989479221462388,0.020093827423776425,0.019989479221462388,0.015703795362834262,
0.015513126491646777,0.017501988862370723,0.015341917439011444,0.017501988862370723,0.012328176480978137,
0.017202593621807597,0.02011380177319042,0.01965175846183433,0.02011380177319042,0.015097031259005373,
0.021304750562392484,0.02011380177319042,0.020034933892377003,0.02011380177319042,0.015226421490484122,
0.018408157859886108,0.019202754602039466,0.022284272330526947,0.019202754602039466,0.015274730975892162,
0.017488076311605722,0.020402755696873345,0.025273381365482902,0.020402755696873345,0.016404082023480055,
0.020018438035032268,0.01909653628341894,0.015585640653643299,0.01909653628341894,0.013809712336787726,
0.01819147523569247,0.02005045810649316,0.018109030886496208,0.02005045810649316,0.01470103409253377,
0.01724813798510388,0.01907748595322096,0.022211996062266464,0.01907748595322096,0.014551363707303257,
0.016300026504108136,0.020275642724622317,0.02433789260033929,0.020275642724622317,0.015938979331593082,
0.016180371352785147,0.01989389920424403,0.017092820349539815,0.01989389920424403,0.015238833225126992,
0.019355694020946574,0.018957974280790137,0.014827626725103345,0.018957974280790137,0.013399252842822014,
0.017462627331657626,0.017462627331657626,0.013374815365400451,0.017462627331657626,0.012071618173683555,
0.01649947201689546,0.020327349524815207,0.01742948647747798,0.020327349524815207,0.014687450886226729,
0.01984752891692955,0.02089905362776025,0.018405287757362502,0.02089905362776025,0.01595471020696222,
0.019075374221751224,0.018810438468671347,0.021873375433313053,0.018810438468671347,0.015240717720808782,
0.01739588824459673,0.018845545598313126,0.02187578710579283,0.018845545598313126,0.014680827075788948,
0.017282321899736146,0.02203166226912929,0.023423283046487532,0.02203166226912929,0.01712213862992165,
0.019962982548915917,0.01943416181914331,0.023677128258472784,0.01943416181914331,0.01605824383366174,
0.018793533972926796,0.019582073859902748,0.017847753559765377,0.019582073859902748,0.01414851595056827,
0.01980327868852459,0.019278688524590165,0.01640578861512492,0.019278688524590165,0.013701421802721417,
