Majority Class Accuracy,Accuracy,Precision,Recall,F Score,Support
0.014909618683203589,0.01741654571843251,0.017599606788249216,0.01741654571843251,0.016496125290620882,
0.01338231435318814,0.014956704277092626,0.014680452813851242,0.014956704277092626,0.013795121033265021,
0.015507951110527007,0.0140622946510711,0.014149423179420794,0.0140622946510711,0.013280470072974896,
0.01690885072655218,0.01439894319682959,0.01393725744206886,0.01439894319682959,0.013386068468013396,
0.012673267326732674,0.01636963696369637,0.015045934884938014,0.01636963696369637,0.014932248728931568,
0.019117454497839467,0.017808039806206627,0.016959950697083538,0.017808039806206627,0.016316796144927637,
0.0149195131527287,0.016882606988614057,0.016136478863966647,0.016882606988614057,0.015687254644858425,
0.018292682926829267,0.01683457051961824,0.01599730817436573,0.01683457051961824,0.015371591359011377,
0.01646527685566326,0.01752755278183508,0.017634283251309304,0.01752755278183508,0.0166775805907554,
0.017608409986859395,0.020367936925098553,0.01873865172344544,0.020367936925098553,0.01840174481788363,
0.01457532794487876,0.019212932290976547,0.01844487227855102,0.019212932290976547,0.01797334787582928,
0.016991902296561796,0.016593654586486126,0.015755784901746495,0.016593654586486126,0.015163160634648608,
0.014236295902075572,0.019425226184140502,0.018849439256176843,0.019425226184140502,0.01812304135304324,
0.012041815535265317,0.015746989546116183,0.01589573208996359,0.015746989546116183,0.014581252512879771,
0.016330831028578956,0.018964836033188465,0.019936964638046204,0.018964836033188465,0.018396236311958955,
0.015233805802092992,0.01589614518479269,0.01597758519981462,0.01589614518479269,0.015171857780445464,
0.013597359735973598,0.01702970297029703,0.016266058247816174,0.01702970297029703,0.015548287376176742,
0.014002642007926024,0.017305151915455747,0.017490553743985136,0.017305151915455747,0.016487962323469888,
0.019024970273483946,0.015589906196327124,0.015593113961683256,0.015589906196327124,0.014502967056197014,
0.015807651434643997,0.019925611052072262,0.01984978094364448,0.019925611052072262,0.018612968415932133,
0.018728567660247955,0.019256132946452124,0.017825327906952772,0.019256132946452124,0.017497082760617563,
0.013658665959421827,0.013393449144675773,0.013754829999124136,0.013393449144675773,0.012498708859212159,
0.016649048625792813,0.015724101479915435,0.015245751196761624,0.015724101479915435,0.014599420043405248,
0.012896433741281748,0.01434399263060929,0.013544259085895759,0.01434399263060929,0.013243664076165685,
0.013373940677966102,0.015492584745762712,0.015996826746803475,0.015492584745762712,0.014286189429878998,
0.018586387434554975,0.017539267015706805,0.017046135244638893,0.017539267015706805,0.016078722811645678,
0.01601260007875049,0.017062606641291507,0.017053627222225906,0.017062606641291507,0.01610855997563229,
0.015958849907676074,0.020575046161962544,0.01931566001947929,0.020575046161962544,0.01881879120735144,
0.012868134783762272,0.017245953833908197,0.01631118158943647,0.017245953833908197,0.015805394694855056,
0.018459915611814346,0.01608649789029536,0.015062091103627764,0.01608649789029536,0.014490160824898303,
