Majority Class Accuracy,Accuracy,Precision,Recall,F Score,Support
0.03558151885289432,0.039431757833244825,0.0393146171287529,0.039431757833244825,0.0385013779900213,
0.03152202585069903,0.03864415721445529,0.03751746213431545,0.03864415721445529,0.03755497620598101,
0.03208272570595254,0.03314331167970304,0.03251781155504289,0.03314331167970304,0.03198736373699464,
0.03337748344370861,0.04052980132450331,0.04138185487009402,0.04052980132450331,0.039828977660457565,
0.0390625,0.0423728813559322,0.042353420413249694,0.0423728813559322,0.04156236912529973,
0.034347142108023074,0.03932878867330886,0.037524789244167286,0.03932878867330886,0.03674019683127091,
0.034126984126984124,0.04193121693121693,0.04168433048901886,0.04193121693121693,0.040809286366600826,
0.03572841133816743,0.04218852999340804,0.04050362965127197,0.04218852999340804,0.04052625993932495,
0.036744369814302645,0.038588173317529305,0.03875002680099411,0.038588173317529305,0.037668535849904095,
0.03575654002892073,0.03825423951623504,0.03752616804091653,0.03825423951623504,0.03660965578893541,
0.0353829843625762,0.03511794328120859,0.033763875970645396,0.03511794328120859,0.0333874116638556,
0.03267627993120783,0.03624818097631962,0.03520302416884386,0.03624818097631962,0.03486936811412326,
0.03609397558734742,0.04003150019687623,0.04103970272137058,0.04003150019687623,0.039471662067216695,
0.03552492046659597,0.039501590668080594,0.03868697610563403,0.039501590668080594,0.03804611046569864,
0.03724247226624406,0.0413365029054411,0.03813946850480547,0.0413365029054411,0.03860164922774431,
0.033716675378985886,0.04064296915838996,0.04006890136582997,0.04064296915838996,0.039407193918605386,
0.03496410529114597,0.03855357617654879,0.037449326229395764,0.03855357617654879,0.03702415001402867,
0.033306687982946975,0.03543831601385558,0.03531615249465811,0.03543831601385558,0.034416862174169796,
0.03534083388484447,0.03772336201191264,0.03616447643872678,0.03772336201191264,0.035701709801306214,
0.03148148148148148,0.041005291005291,0.03959061942675168,0.041005291005291,0.038735543526552056,
0.03313452617627568,0.04055666003976143,0.04106938484846822,0.04055666003976143,0.03980991451290653,
0.03402621474910632,0.04223487356017477,0.04155908460089905,0.04223487356017477,0.04046530953607611,
0.030912917653249144,0.03814785582741384,0.036517615849283196,0.03814785582741384,0.03631820946189251,
0.03395428722420399,0.0429383009644603,0.043023313871824176,0.0429383009644603,0.04199601326636627,
0.03246239113222486,0.04513064133016627,0.043700140038337304,0.04513064133016627,0.04323407481481785,
0.03381323471139876,0.04239862633733985,0.04255124199839356,0.04239862633733985,0.041145312951169376,
0.03108944803056251,0.03886181003820314,0.0378570665442078,0.03886181003820314,0.037736756534137474,
0.033364226135310475,0.0403813054415464,0.03913094366708009,0.0403813054415464,0.038306711869346526,
0.035780057879505396,0.040384109444882924,0.03918505475629977,0.040384109444882924,0.03859028418034051,
0.030226700251889168,0.03884396128861196,0.03860406210986476,0.03884396128861196,0.03792684597640416,
