Majority Class Accuracy,Accuracy,Precision,Recall,F Score,Support
0.1795550847457627,0.17558262711864406,0.06738302544902264,0.17558262711864406,0.0801076384892332,
0.18894736842105264,0.17223684210526316,0.06236138480853025,0.17223684210526316,0.0810082590549106,
0.17830472946416875,0.16992008384645618,0.07203386075813459,0.16992008384645618,0.07345825134437212,
0.17788079470198676,0.1704635761589404,0.08664011453858604,0.1704635761589404,0.07871319061688725,
0.17797947908445147,0.164956590370955,0.05760360615729982,0.164956590370955,0.07251133684359505,
0.17767170511800584,0.16905330151153541,0.06205736401651391,0.16905330151153541,0.07658840438315656,
0.17200317544323895,0.16379994707594603,0.06972242169065515,0.16379994707594603,0.0769537186556612,
0.1830799735624587,0.17620621282220753,0.07371531187741824,0.17620621282220753,0.08303598839523785,
0.1792214693769098,0.17244586156503255,0.06185021441711878,0.17244586156503255,0.07740755500540675,
0.18264659270998415,0.17525092445853144,0.07026328742939729,0.17525092445853144,0.08040850102464657,
0.17567924030598786,0.16591928251121077,0.06481535693223889,0.16591928251121077,0.0743055023629009,
0.17368907674019285,0.16893409060890238,0.06111603571688674,0.16893409060890238,0.07715067544214671,
0.18181818181818182,0.17531519575315196,0.07056853744459368,0.17531519575315196,0.08035949370521213,
0.18385175380542687,0.1728656518861681,0.061462496648411205,0.1728656518861681,0.0784746643617337,
0.17178881008668243,0.16403992645127397,0.06312973434873169,0.16403992645127397,0.07398564542968804,
0.17895849854612741,0.168913560666138,0.060322916099948415,0.168913560666138,0.07664061467370299,
0.1815554387808723,0.17025748817656333,0.06467415407265038,0.17025748817656333,0.07619383683535703,
0.18013071895424837,0.17084967320261438,0.06356107223395904,0.17084967320261438,0.0758624346644015,
0.18202396804260984,0.17163781624500665,0.05924066135584429,0.17163781624500665,0.07591600236326897,
0.17657180675049636,0.16889477167438782,0.09707401132991128,0.16889477167438782,0.08019375360800324,
0.17002535699986654,0.171093020152142,0.06340953901888807,0.171093020152142,0.07696017520181726,
0.1787318361955086,0.16961690885072656,0.06456962857078628,0.16961690885072656,0.07898021811425254,
0.17856671505873037,0.16946020852580176,0.06855438226011615,0.16946020852580176,0.07665070751658613,
0.1795547358714267,0.1704650243709656,0.05704950508151919,0.1704650243709656,0.07591297394309189,
0.1784480467711932,0.1631676853574276,0.05653147597714498,0.1631676853574276,0.0742618841504291,
0.18319305628616517,0.17201472908995266,0.09029245722702664,0.17201472908995266,0.07532690817034413,
0.17260418036019456,0.16682003417904562,0.0643033206274017,0.16682003417904562,0.07670488509932978,
0.17191444134449316,0.16434170320180683,0.06507893273606005,0.16434170320180683,0.07397807587345087,
0.17973079968329375,0.1751121667986276,0.07509724968289182,0.1751121667986276,0.08060413752876555,
0.19263642340565418,0.17593688362919133,0.07263161232125467,0.17593688362919133,0.08120250124916825,
