Majority Class Accuracy,Accuracy,Precision,Recall,F Score,Support
0.011752277829129803,0.011224085567146441,0.011539443434726286,0.011224085567146441,0.010346506619108364,
0.014696147226267707,0.011915795048325168,0.012577917232717034,0.011915795048325168,0.011294533153508911,
0.013250298131707963,0.011262753411951768,0.010618338089502863,0.011262753411951768,0.010098391253219602,
0.013484928609201481,0.010840824960338445,0.011722623971796213,0.010840824960338445,0.010436017871516034,
0.009787065203015474,0.013622536701494511,0.012710924092797825,0.013622536701494511,0.012239575889706126,
0.012793458190451069,0.012002110261144817,0.010945165302308347,0.012002110261144817,0.010741458016385293,
0.011928429423459244,0.011795891318754142,0.011320479201021888,0.011795891318754142,0.010871931284953323,
0.013154433043935806,0.011970534069981584,0.01167701615788518,0.011970534069981584,0.01106607570715826,
0.013055518923908743,0.01068178821047079,0.009569940209795945,0.01068178821047079,0.009491896310357215,
0.00988793671720501,0.013183915622940013,0.012468657392121699,0.013183915622940013,0.011985843931642523,
0.013421926910299004,0.012491694352159468,0.013368660851950027,0.012491694352159468,0.01174375613834947,
0.013748854262144821,0.011784732224695562,0.013009450791884853,0.011784732224695562,0.011371674580445206,
0.011286681715575621,0.011685035187890054,0.011714988253000942,0.011685035187890054,0.010698245439332612,
0.012230405049973699,0.01170436612309311,0.01191927071838795,0.01170436612309311,0.010977689696332544,
0.013312244628970607,0.013048635824436536,0.012910890718462527,0.013048635824436536,0.01181961259559154,
0.013851891315929675,0.014118273841236016,0.013899330728820394,0.014118273841236016,0.01315708602036653,
0.008789452656811825,0.012385137834598482,0.013710518771629456,0.012385137834598482,0.012043348468997638,
0.013045196995651601,0.013308736328897088,0.013603903172129637,0.013308736328897088,0.01246710447756159,
0.012945838837516512,0.012549537648612946,0.01267153342229727,0.012549537648612946,0.011780166473784657,
0.011896893588896233,0.010971579643093192,0.011042756618170328,0.010971579643093192,0.010173413551596785,
0.013336854615079888,0.013204806549584048,0.0128557968299282,0.013204806549584048,0.011580359402983582,
0.011738327618042733,0.012002110261144817,0.01269684812228153,0.012002110261144817,0.01168648048632029,
0.00850498338870432,0.009833887043189368,0.011341149861901644,0.009833887043189368,0.009535259122287061,
0.013080619327282435,0.013214095034703685,0.013233850889156518,0.013214095034703685,0.012382230959844573,
0.01126126126126126,0.011658717541070483,0.011767269721984563,0.011658717541070483,0.010772868161330332,
0.013135199681570916,0.013135199681570916,0.013659360154462997,0.013135199681570916,0.01231849834328756,
0.011774044185738854,0.012964677867442783,0.014227411217572148,0.012964677867442783,0.012573844694054561,
0.013673171379264569,0.013142174432497013,0.012959725972238134,0.013142174432497013,0.012011910630497922,
0.01439894319682959,0.009114927344782035,0.009328283572068894,0.009114927344782035,0.008592172427922599,
0.01070520540612873,0.011641910879164994,0.011490194208413773,0.011641910879164994,0.01069676934221326,
