Majority Class Accuracy,Accuracy,Precision,Recall,F Score,Support
0.009965453095934095,0.016874833909115067,0.015002935350689781,0.016874833909115067,0.011905341724013405,
0.011550716941051514,0.012612851832182687,0.011080457373304315,0.012612851832182687,0.009813302896858415,
0.013529645841623557,0.015519299641862315,0.012270779123460158,0.015519299641862315,0.010909916314301384,
0.013806706114398421,0.01775147928994083,0.017056642890866513,0.01775147928994083,0.013857738334169822,
0.011617161716171618,0.014521452145214522,0.014513087109055878,0.014521452145214522,0.011076830361842165,
0.01316314319904268,0.014093870495944688,0.016652973496918532,0.014093870495944688,0.010864156213173687,
0.01218074656188605,0.01401440733464309,0.010611586489594114,0.01401440733464309,0.010225268535989604,
0.011418821367633548,0.014568841055256595,0.01745642194093156,0.014568841055256595,0.01067183769369379,
0.011389219970864787,0.013905442987683751,0.011342986308088525,0.013905442987683751,0.010493615614424742,
0.013049267643142477,0.015978695073235686,0.015510328546645056,0.015978695073235686,0.013309120789240349,
0.011439212556530992,0.01596169193934557,0.01768857868887712,0.01596169193934557,0.013253326657489744,
0.009438978994948152,0.013161393246477,0.011385042353633567,0.013161393246477,0.008775624416178117,
0.010922489801289643,0.013554415054612448,0.011031745529020674,0.013554415054612448,0.010771981199636606,
0.012523068810967573,0.015818613234906406,0.013573270560202216,0.015818613234906406,0.01230138648000221,
0.01171669299631385,0.01369141653501843,0.012365182932890252,0.01369141653501843,0.01046260508809865,
0.012860892388451443,0.015616797900262467,0.019980969554161447,0.015616797900262467,0.012350679312084783,
0.013987859593560307,0.015175508049617313,0.011879673529366218,0.015175508049617313,0.010836783011689735,
0.011798636601992658,0.014944939695857367,0.013604739723651752,0.014944939695857367,0.01052671526801554,
0.01295268305577584,0.013745704467353952,0.01234971592578073,0.013745704467353952,0.010478975728917426,
0.013533236035557915,0.013533236035557915,0.010875606811127486,0.013533236035557915,0.010398853558408812,
0.013266118333775537,0.017378615017245955,0.014591399151787128,0.017378615017245955,0.012773605309532947,
0.012056173820879703,0.017488076311605722,0.013508152915399196,0.017488076311605722,0.01187805737462465,
0.011034299388460516,0.01249667641584685,0.012111785926805705,0.01249667641584685,0.010084530414106665,
0.013000795967100026,0.01671530910055718,0.013819928282048506,0.01671530910055718,0.01318639017383761,
0.014331210191082803,0.01751592356687898,0.016577399311495645,0.01751592356687898,0.011940678669365327,
0.013542219861922463,0.014737121614445035,0.013732544735431637,0.014737121614445035,0.011238165028603808,
0.0121236344257927,0.014122035704769519,0.03806746561876599,0.014122035704769519,0.009725664042285982,
0.013058963197467353,0.016092863738293103,0.012596792464810713,0.016092863738293103,0.012276572635803682,
0.01424802110817942,0.014643799472295514,0.013991328740021828,0.014643799472295514,0.01138735843777356,
0.013166644500598484,0.013565633727889347,0.009155135015320965,0.013565633727889347,0.009461941934687914,
