Majority Class Accuracy,Accuracy,Precision,Recall,F Score,Support
0.28338416655615967,0.28338416655615967,0.08030658585472925,0.28338416655615967,0.12514816365582004,
0.28708448298515304,0.2869530942057548,0.10030993135880782,0.2869530942057548,0.12864602623852336,
0.29353103267287756,0.29353103267287756,0.08616046714200593,0.29353103267287756,0.1332174721219775,
0.28584619443345205,0.28584619443345205,0.08172960856805522,0.28584619443345205,0.12711444763744933,
0.30100555702566817,0.30100555702566817,0.09060434536033278,0.30100555702566817,0.13928356396489272,
0.287758346581876,0.287758346581876,0.08280486602753506,0.287758346581876,0.1286031129168384,
0.2927701271186441,0.2927701271186441,0.085714347333067,0.2927701271186441,0.13260570543056888,
0.30071127502634354,0.30071127502634354,0.0904272709279692,0.30071127502634354,0.139042803217244,
0.28749671657473075,0.28749671657473075,0.08265436204125107,0.28749671657473075,0.12839545293932175,
0.2872524258939253,0.2872524258939253,0.08251395618194504,0.2872524258939253,0.1282016712839266,
0.28775156604025054,0.28775156604025054,0.08280096375861667,0.28775156604025054,0.12859772947234546,
0.291726949888202,0.291726949888202,0.08510461329107354,0.291726949888202,0.13176873533286468,
0.2924791086350975,0.2924791086350975,0.08554402898798116,0.2924791086350975,0.13237201037364327,
0.29027556968733437,0.29027556968733437,0.08425990635730653,0.29027556968733437,0.13060761334530233,
0.30239043824701195,0.30239043824701195,0.09143997714321994,0.30239043824701195,0.1404186862217694,
0.2956123117223314,0.2956123117223314,0.08738663884182081,0.2956123117223314,0.13489627730636916,
0.2882407285205226,0.2882407285205226,0.08308271757804163,0.2882407285205226,0.12898632334572718,
0.286793953858393,0.286793953858393,0.08225077196973006,0.286793953858393,0.12783829411554953,
0.286168100595632,0.286168100595632,0.08189218179851177,0.286168100595632,0.12734289049866349,
0.29082446808510637,0.29082446808510637,0.08457887123698506,0.29082446808510637,0.131046278294453,
0.29067447119861645,0.29067447119861645,0.08449164820659531,0.29067447119861645,0.13092634911749682,
0.28526563726773096,0.28526563726773096,0.08137648380576466,0.28526563726773096,0.12662982880139553,
0.298932384341637,0.298932384341637,0.08936057040817619,0.298932384341637,0.13759079608053432,
0.29014381844570525,0.29014381844570525,0.08418343538225437,0.29014381844570525,0.13050240473759578,
0.29066065269302205,0.29066065269302205,0.08448361502393359,0.29066065269302205,0.1309153027136214,
0.2873942917547569,0.2873942917547569,0.08259547893321832,0.2873942917547569,0.1283141916384268,
0.28848181338956247,0.28848181338956247,0.08322175665653035,0.28848181338956247,0.12917800746849795,
0.29298360655737704,0.29298360655737704,0.08583939371136791,0.29298360655737704,0.13277723441508882,
0.28486529318542,0.28486529318542,0.08114823526161527,0.28486529318542,0.12631399679328828,
0.2896305125148987,0.2896305125148987,0.08388583377964288,0.2896305125148987,0.13009281800576783,
