Majority Class Accuracy,Accuracy,Precision,Recall,F Score,Support
0.35110294117647056,0.35110294117647056,0.12327327530276816,0.35110294117647056,0.1824779911964786,
0.34131498875512634,0.34131498875512634,0.11649592154891202,0.34131498875512634,0.17370404793139876,
0.3404761904761905,0.3404761904761905,0.11592403628117914,0.3404761904761905,0.17295948574811806,
0.3385505721425753,0.3385505721425753,0.11461648989806508,0.3385505721425753,0.17125462762994767,
0.34030443414956985,0.34030443414956985,0.1158071079018589,0.34030443414956985,0.17280716970147025,
0.35312084993359893,0.35312084993359893,0.12469433465782731,0.35312084993359893,0.18430627931562266,
0.3467263865103412,0.3467263865103412,0.12021918710251853,0.3467263865103412,0.1785354297750598,
0.3475392531996306,0.3475392531996306,0.12078353251455692,0.3475392531996306,0.17926532711795298,
0.348380244291025,0.348380244291025,0.12136879461227423,0.348380244291025,0.18002161500977737,
0.3494295569116477,0.3494295569116477,0.12210101524347042,0.3494295569116477,0.18096686057909553,
0.3423005565862709,0.3423005565862709,0.11716967103927083,0.3423005565862709,0.1745803806224381,
0.34745985785733086,0.34745985785733086,0.12072835282223657,0.34745985785733086,0.17919398803347403,
0.3461133069828722,0.3461133069828722,0.11979442127061993,0.3461133069828722,0.17798564303494277,
0.35181264884890184,0.35181264884890184,0.1237721398900807,0.35181264884890184,0.18312025707922674,
0.3457234212629896,0.3457234212629896,0.11952468400978657,0.3457234212629896,0.1776363287154654,
0.34211566328546966,0.34211566328546966,0.11704312706525684,0.34211566328546966,0.1744158573915125,
0.34375,0.34375,0.1181640625,0.34375,0.17587209302325582,
0.3445837780149413,0.3445837780149413,0.11873798007105034,0.3445837780149413,0.1766167077314403,
0.35239608154620067,0.35239608154620067,0.12418299828911653,0.35239608154620067,0.1836488584721978,
0.3416337285902503,0.3416337285902503,0.11671360451047681,0.3416337285902503,0.17398728434341923,
0.34012166093626023,0.34012166093626023,0.11568274423804038,0.34012166093626023,0.17264513754254218,
0.3452980132450331,0.3452980132450331,0.11923071795096707,0.3452980132450331,0.1772554731770801,
0.34574190177638453,0.34574190177638453,0.11953746264395114,0.34574190177638453,0.1776528805206425,
0.3375510742058785,0.3375510742058785,0.11394072769754247,0.3375510742058785,0.17037215235342032,
0.3477458476140258,0.3477458476140258,0.12092717453279728,0.3477458476140258,0.17945100665215183,
0.34655422321781526,0.34655422321781526,0.12009982963010332,0.34655422321781526,0.17838097799449143,
0.34907894736842104,0.34907894736842104,0.12185611149584488,0.34907894736842104,0.18065082363570098,
0.343147610245577,0.343147610245577,0.11775028241725041,0.343147610245577,0.17533483515742743,
0.3462414578587699,0.3462414578587699,0.11988314714016635,0.3462414578587699,0.17810051301026403,
0.34678055190538765,0.34678055190538765,0.12025675117980526,0.34678055190538765,0.17858403287702568,
