Majority Class Accuracy,Accuracy,Precision,Recall,F Score,Support
0.04294397463002114,0.04334038054968287,0.043250414693974525,0.04334038054968287,0.03621928939297321,
0.041381128096995255,0.04256721138639958,0.04427075911118785,0.04256721138639958,0.03673540011611327,
0.04414306608163808,0.046669325887514955,0.04685329297585812,0.046669325887514955,0.0394583984339175,
0.0390346828432019,0.04457338784122379,0.04554837218048521,0.04457338784122379,0.03773119557990537,
0.03995237465273184,0.042598227278740575,0.042494848112570864,0.042598227278740575,0.03573428483026059,
0.03717965741601381,0.043818881954587705,0.04169735556838348,0.043818881954587705,0.03633878008927725,
0.040401373118563504,0.04079746501188276,0.03722769826345536,0.04079746501188276,0.03277740099886311,
0.03842091365196726,0.04066543438077634,0.038225885836250945,0.04066543438077634,0.033067988875376285,
0.039562178557299224,0.04285902677040749,0.04258643553401075,0.04285902677040749,0.03673716633815745,
0.038762777114031595,0.0459312358953936,0.04622599745442864,0.0459312358953936,0.03891849909752299,
0.03628177966101695,0.0380031779661017,0.0410022058729636,0.0380031779661017,0.03279278340674774,
0.037825684433276024,0.04483533924084116,0.04149796831606271,0.04483533924084116,0.03642730857960316,
0.038211489982751756,0.04152845959931007,0.038551475172432646,0.04152845959931007,0.03362675338336085,
0.04085397996837111,0.04032683183974697,0.04154550688098964,0.04032683183974697,0.034400194544018846,
0.04006346687822293,0.040592357530080656,0.04046084267117372,0.040592357530080656,0.0338070569343852,
0.03810518073861412,0.04241158815085476,0.041677131537301876,0.04241158815085476,0.035321442667468866,
0.04199578725645076,0.0468667719852554,0.04736524465799798,0.0468667719852554,0.039141188382185985,
0.03920536771477437,0.041441915537429284,0.042041830784033264,0.041441915537429284,0.035637005756938116,
0.04307365062483382,0.045067801116724274,0.03945576907712993,0.045067801116724274,0.03509283762303821,
0.03836993913733792,0.04048690129663932,0.038308603187468364,0.04048690129663932,0.033189190573625516,
0.04090606262491672,0.04250499666888741,0.039971346287554735,0.04250499666888741,0.03495843424888645,
0.04176027487775869,0.04453548301836924,0.042386062044496284,0.04453548301836924,0.03590666089859267,
0.040417382115968827,0.04477611940298507,0.046964406370748495,0.04477611940298507,0.03830491526019228,
0.0384310618066561,0.042921288959323824,0.041429475927763144,0.042921288959323824,0.03547222358099839,
0.046978972584508914,0.04045781208410966,0.03977778760268937,0.04045781208410966,0.03356734062419787,
0.04183214191157003,0.047127349748477626,0.04660398849406944,0.047127349748477626,0.03947306517370372,
0.04102024717328425,0.04272942413883776,0.04470512293485079,0.04272942413883776,0.03593574914738986,
0.04305464121132324,0.042791310072416065,0.04351559197923206,0.042791310072416065,0.03695690279615685,
0.0391379082374719,0.04350125611529816,0.04429229319583877,0.04350125611529816,0.03720190098370279,
0.037503348513260114,0.041253683364586125,0.04053588206205878,0.041253683364586125,0.03478904532714845,
