Majority Class Accuracy,Accuracy,Precision,Recall,F Score,Support
0.184792687773215,0.1384289309842363,0.07405110787654492,0.1384289309842363,0.09099366636284568,
0.17220383851753807,0.1274652547981469,0.07179042722214947,0.1274652547981469,0.08309583372179036,
0.18332239001969797,0.14064346684175968,0.07431416365781889,0.14064346684175968,0.09150283808704404,
0.19000527426160338,0.14306434599156118,0.07590425939358218,0.14306434599156118,0.09252782151096689,
0.1832474567314044,0.13912009512485138,0.07482696862593569,0.13912009512485138,0.09153577299211926,
0.17869325636315928,0.1407766990291262,0.0776464764702795,0.1407766990291262,0.09447561889245566,
0.1761371127224786,0.13566249176005274,0.07555110104548453,0.13566249176005274,0.08883721179237337,
0.18237001847453155,0.13407231459487992,0.06975164477704866,0.13407231459487992,0.08689801792207753,
0.17845828933474128,0.14255543822597677,0.07449043357295032,0.14255543822597677,0.09130051612041074,
0.18372528059861037,0.13468733297701763,0.07451398651144682,0.13468733297701763,0.08966775605267341,
0.17840623761067795,0.1332099907493062,0.07231008079206513,0.1332099907493062,0.0875236977955382,
0.17033039357641175,0.13281558509938132,0.07253898200523103,0.13281558509938132,0.0854204855113735,
0.1784431137724551,0.1324018629407851,0.07283461297292634,0.1324018629407851,0.08647198359426543,
0.17733598409542745,0.1415506958250497,0.07659062518270145,0.1415506958250497,0.09256135726845843,
0.1758867125463208,0.13618316569613553,0.07472258475891237,0.13618316569613553,0.08787809943855625,
0.1722481654436291,0.12928619079386258,0.0694225186272831,0.12928619079386258,0.08305187451943818,
0.17844499803330274,0.1468467287268913,0.0767430252136889,0.1468467287268913,0.09483416710608643,
0.17276099629040806,0.13473767885532592,0.07262077828575741,0.13473767885532592,0.08630804066880562,
0.17828329586033592,0.14349953709826743,0.07495717495020171,0.14349953709826743,0.09156235757622241,
0.18181818181818182,0.14329067159255837,0.07591885587827457,0.14329067159255837,0.09036759729100033,
0.18297365285317094,0.1351780749371111,0.07377043939584381,0.1351780749371111,0.08969633211745912,
0.1747908088723602,0.13401514145304821,0.07142312329906582,0.13401514145304824,0.08571729258718988,
0.17555232173567933,0.13454160603254398,0.07284415584994489,0.13454160603254398,0.08720167010515402,
0.1817580964970258,0.14672835426305353,0.07655354506591612,0.14672835426305353,0.09435001827621124,
0.180649436713055,0.13783962889330684,0.0773895458294107,0.13783962889330684,0.09225131710050735,
0.17857142857142858,0.1361111111111111,0.07646441917339686,0.1361111111111111,0.08985271725077956,
0.18821517821912404,0.14402209654083914,0.07674535819693766,0.14402209654083914,0.09449172734566001,
0.17766295707472177,0.1338102808691044,0.07171466618374353,0.1338102808691044,0.08677490317371009,
0.17661003555906757,0.12932964572632688,0.06904519393666733,0.12932964572632688,0.08357539120063806,
0.17558772745384513,0.13786691459689202,0.07568765806272235,0.13786691459689202,0.09008830600996075,
