Majority Class Accuracy,Accuracy,Precision,Recall,F Score,Support
0.28771651461060427,0.2867909559698532,0.11145544266976187,0.2867909559698532,0.13831871236852586,
0.2900893796004206,0.2870662460567823,0.11692707953552132,0.2870662460567823,0.1409962578210261,
0.2915451895043732,0.28690697058043996,0.11187783364035582,0.28690697058043996,0.13897610225373644,
0.284181240063593,0.27941176470588236,0.13501470336149846,0.27941176470588236,0.13845444182481484,
0.283552369573875,0.2794371432364264,0.11283684874081908,0.2794371432364264,0.13233678094646043,
0.29065882667379395,0.2866497394093278,0.11874369944328515,0.2866497394093278,0.14178732101532618,
0.2876931273308471,0.28169952051145447,0.11952652183077878,0.28169952051145447,0.1371670614697612,
0.2884995389276775,0.2858648399420366,0.12347793917060369,0.2858648399420366,0.14529314191041234,
0.28775645268034417,0.28272667107875576,0.1123629234577516,0.28272667107875576,0.13782570932012247,
0.2956016378285563,0.2915070664377229,0.11711359481409832,0.2915070664377229,0.14588442977084418,
0.2903993652472891,0.28616768050780217,0.11394164217047391,0.28616768050780217,0.14177268141195443,
0.2837160200580628,0.2792293481129586,0.11355261319429634,0.2792293481129586,0.13484349262006085,
0.29923442449841603,0.2905227032734953,0.12490206861969264,0.2905227032734953,0.14750868695241423,
0.28968881856540085,0.2825685654008439,0.12291800069047717,0.2825685654008439,0.1366458514565815,
0.27611154959221257,0.26940278873980533,0.10781643755246553,0.26940278873980533,0.1315202052884339,
0.2950277704311029,0.2910605659878339,0.12238529938635787,0.2910605659878339,0.14655648861147075,
0.2947465681098205,0.29131467793030624,0.13239353788398878,0.29131467793030624,0.14977009596347282,
0.29189907038512614,0.2885790172642762,0.11753620401971107,0.2885790172642762,0.13863485883741564,
0.2965934499539655,0.29738261212679207,0.145454679964615,0.29738261212679207,0.14851918767195854,
0.29173826834104427,0.28274950429610046,0.12237101198909682,0.28274950429610046,0.1433477256909903,
0.2884360942048161,0.2853929611008203,0.12709607344052817,0.2853929611008203,0.14398702142516415,
0.29902219873150104,0.2983615221987315,0.13916442901650566,0.2983615221987315,0.15031010146056656,
0.29660347551342814,0.2921274354923644,0.12243238722964699,0.2921274354923644,0.15014221008900663,
0.296070908850377,0.2893239846540548,0.12301810362702784,0.2893239846540548,0.14174601060747247,
0.28845137420718814,0.2843551797040169,0.11895519112814795,0.2843551797040169,0.14088483210076905,
0.29527089680752416,0.2898397138693867,0.11803127434090621,0.2898397138693867,0.1477377697857509,
0.2947938689217759,0.2914904862579281,0.11581584608139472,0.2914904862579281,0.14328799312132942,
0.28741721854304636,0.28596026490066223,0.12263621606963529,0.28596026490066223,0.13948831451831273,
0.2849066526426505,0.28240862476991846,0.10768608928901266,0.28240862476991846,0.13675708500344277,
0.2986001056524036,0.29688325409403066,0.13420030113150058,0.29688325409403066,0.15352266661828443,
