Majority Class Accuracy,Accuracy,Precision,Recall,F Score,Support
0.2386438015447048,0.2306584631496269,0.09320615340114116,0.2306584631496269,0.10693759573772414,
0.23283346487766376,0.22941331228624046,0.10932849646680422,0.22941331228624046,0.10556638800598497,
0.23783712321523004,0.22858276044420942,0.0999168087583765,0.22858276044420942,0.1096032225719768,
0.2306772908366534,0.22204515272244357,0.08513211881007425,0.22204515272244357,0.10367421230163111,
0.23776778629992065,0.23261042052367098,0.0910368794847817,0.23261042052367098,0.1094806858190905,
0.22634824826138303,0.2190001312163758,0.08419329843806397,0.2190001312163758,0.09974548073482012,
0.23688037012557833,0.23093192333113022,0.08772715019841576,0.23093192333113022,0.1069549159763222,
0.23452553781179886,0.2301702520786591,0.1008871164267754,0.2301702520786591,0.11096032544457539,
0.2366059646344682,0.22776458168382158,0.09248312001547798,0.22776458168382158,0.10587072610996029,
0.23493737640079104,0.22649967040210942,0.0936005505409276,0.22649967040210942,0.10832162722024317,
0.24264900662251657,0.23311258278145697,0.09846915420268565,0.23311258278145697,0.11069384569926048,
0.2295211713494262,0.2209471046036143,0.08156005707706449,0.2209471046036143,0.10440779338814073,
0.2304123027972955,0.22670025188916876,0.08917433689746831,0.22670025188916876,0.10297194598393107,
0.23868748346123314,0.23537973008732468,0.09987537518857219,0.23537973008732468,0.10764984165699164,
0.2447785020619928,0.23639749900226154,0.11903864992183463,0.23639749900226154,0.11223153107171574,
0.24174372523117568,0.2334214002642008,0.09325017764385196,0.2334214002642008,0.10868601640433076,
0.23283895524347026,0.22680141750885943,0.14260061281763275,0.22680141750885943,0.10486102042898761,
0.2338518323226997,0.2271289216978645,0.10217445098063561,0.2271289216978645,0.10570361996050831,
0.22978667368975508,0.22781143007637608,0.1028538685372608,0.22781143007637608,0.10307965616889929,
0.23466561139691333,0.22477245745943808,0.08398785252250947,0.22477245745943808,0.10458026691900385,
0.23850197109067017,0.23180026281208935,0.08543075718855332,0.23180026281208935,0.108549970464078,
0.2310235387463634,0.22467601163713302,0.08074786639167893,0.22467601163713302,0.10272454440238712,
0.241260593220339,0.23609639830508475,0.0857034644613723,0.23609639830508475,0.10764286817048226,
0.23038507031147326,0.2248652911026416,0.11452746658769067,0.2248652911026416,0.11028994124041784,
0.22453551192515483,0.2180787982606404,0.08582886507953491,0.2180787982606404,0.0994235692229828,
0.23527865404837014,0.2289695057833859,0.09183647931500531,0.2289695057833859,0.10464396377452846,
0.23552021206096752,0.2291583830351226,0.087146903549004,0.2291583830351226,0.10862949963416102,
0.23854056902002108,0.2298472075869336,0.09057622880773167,0.2298472075869336,0.11132381479935098,
0.228042536431666,0.22147827228567676,0.08491566227497532,0.22147827228567676,0.10266720583198265,
0.23267523519279185,0.22843513979064528,0.0858422009814319,0.22843513979064528,0.1046724205662467,
