Majority Class Accuracy,Accuracy,Precision,Recall,F Score,Support
0.020200686559281752,0.020992870345920255,0.02106139130890188,0.020992870345920255,0.020377248607665443,
0.019384413883431564,0.021218074656188603,0.02145370871946396,0.021218074656188603,0.020548791059439908,
0.020681426488134695,0.023067744929073312,0.02204606857300315,0.023067744929073312,0.021168545074945314,
0.01649511744523621,0.022301398785959357,0.021457707585284636,0.022301398785959357,0.02075095001048934,
0.021084736772311364,0.02015647792070017,0.020158189254498877,0.02015647792070017,0.019421422915866526,
0.020256851582152787,0.020654044750430294,0.018936639104350287,0.020654044750430294,0.018787594820732622,
0.016251638269986893,0.02162516382699869,0.020656528517266664,0.02162516382699869,0.020307298735349585,
0.017368421052631578,0.021052631578947368,0.02142989858542408,0.021052631578947368,0.020153356238721828,
0.01876569314127131,0.02061583190167834,0.019989390563123106,0.02061583190167834,0.019221108497833914,
0.014469666799415904,0.018584893136864462,0.017422615496539777,0.018584893136864462,0.017347778144859702,
0.021439915299100054,0.021042879830598202,0.02092165526688133,0.021042879830598202,0.019847873305548682,
0.018670550847457626,0.019597457627118644,0.01841672331635941,0.019597457627118644,0.018110628197678464,
0.01790887542796945,0.021069265209375822,0.019524049684988998,0.021069265209375822,0.019292716271640926,
0.017086092715231788,0.02357615894039735,0.023503912372100328,0.02357615894039735,0.02274854701445162,
0.017765495459928938,0.021055402026582445,0.020062340603957556,0.021055402026582445,0.019409980519176622,
0.01793012524719842,0.02241265655899802,0.021439880549640942,0.02241265655899802,0.021262991700522888,
0.018803418803418803,0.021170282708744246,0.02030199024028854,0.021170282708744246,0.01981869941384575,
0.017583289264939187,0.01877313590692755,0.0185714272460325,0.01877313590692755,0.01759380650912073,
0.01808103471030751,0.021380493599049755,0.020377516552621308,0.021380493599049755,0.019972752577895162,
0.01590640199815959,0.02090180097278822,0.020468387601244985,0.02090180097278822,0.01976135283566485,
0.018051499867268384,0.02110432705070348,0.020816923603700875,0.02110432705070348,0.020188517339244993,
0.018131286394917945,0.02196929592376919,0.021382970065942784,0.02196929592376919,0.02064714950126019,
0.017428043306047004,0.020464747821494586,0.020143711354863498,0.020464747821494586,0.019499519462694487,
0.01833180568285976,0.020819693596962157,0.021178139197658326,0.020819693596962157,0.020080816079430557,
0.01595464135021097,0.02333860759493671,0.02238591106275315,0.02333860759493671,0.021779177715414193,
0.018064345991561183,0.021756329113924052,0.02066978661786513,0.021756329113924052,0.02036873470993387,
0.019498607242339833,0.01936596365565725,0.019700047038026067,0.01936596365565725,0.01865450625866839,
0.01748389641120021,0.023136584724595767,0.022380748479318695,0.023136584724595767,0.021605932972541174,
0.018882978723404255,0.02300531914893617,0.023081434269003834,0.02300531914893617,0.0220000012858835,
0.01921038685744568,0.022257551669316374,0.02156883348921106,0.022257551669316374,0.021146181864553876,
