Majority Class Accuracy,Accuracy,Precision,Recall,F Score,Support
0.049563838223632035,0.05458630716362675,0.0522098130147706,0.05458630716362675,0.0465453473056136,
0.05315747402078337,0.047428723687716494,0.04639841143754084,0.047428723687716494,0.04099522785263867,
0.048052805280528056,0.05095709570957096,0.053844953663734554,0.05095709570957096,0.04509299032771259,
0.04860379346680717,0.05400421496311907,0.050443457759194885,0.05400421496311907,0.04521735031785323,
0.05421846072467601,0.05686326368685533,0.055598338384316,0.05686326368685533,0.049044904439920045,
0.05210950932416347,0.05316757042719217,0.05579295030030664,0.05316757042719217,0.04688498205603745,
0.04984754076627337,0.05342701842768129,0.05774005443208212,0.05342701842768129,0.04830764448015337,
0.05186940494997367,0.051474460242232754,0.05222969453092019,0.051474460242232754,0.04472745551168898,
0.05173333333333333,0.05413333333333333,0.05187842303016495,0.05413333333333333,0.046181058089216354,
0.05449482895783612,0.05250596658711217,0.05470132597985726,0.05250596658711217,0.04748137173756939,
0.05351038653694452,0.05429923744412306,0.054609337875216026,0.05429923744412306,0.04714765472656877,
0.053943008614976806,0.052617627567925776,0.054593916699787595,0.052617627567925776,0.04670970566511305,
0.052331743508214096,0.05378908320084791,0.05721810428831174,0.05378908320084791,0.04721915572822041,
0.052181913774973714,0.05099894847528917,0.047971490652572044,0.05099894847528917,0.042709619505722114,
0.050112092839245684,0.058288276407754185,0.055945426479447974,0.058288276407754185,0.04960366852981111,
0.04671165806536986,0.05226941908164615,0.053563444634100815,0.05226941908164615,0.04604040607983441,
0.051302498670919724,0.05555555555555555,0.05705844970045071,0.05555555555555555,0.04894871918173386,
0.04762534726815716,0.05476914935838074,0.05170475972108523,0.05476914935838074,0.04622152887703473,
0.04682581322140609,0.05325288562434417,0.04988302159815573,0.05325288562434417,0.0450552621523307,
0.04920195224904366,0.05038913072154069,0.04665100416496725,0.05038913072154069,0.04263582843228742,
0.048944591029023744,0.05224274406332454,0.05052517139286961,0.05224274406332454,0.04520582933078299,
0.048507462686567165,0.055303837953091683,0.055971586993553896,0.055303837953091683,0.04834988849348522,
0.04843832715722605,0.05545262043409211,0.05622460898687237,0.05545262043409211,0.04835830421059866,
0.04885736800630418,0.05279747832939322,0.053078377733085935,0.05279747832939322,0.0460602660233959,
0.049801849405548215,0.05416116248348745,0.05428125922030829,0.05416116248348745,0.04783391344578904,
0.049066035253880556,0.05419626414101552,0.05535209262441471,0.05419626414101552,0.047917433693137744,
0.048657939970911016,0.05963242099695888,0.061268234224602966,0.05963242099695888,0.053174455895685896,
0.04794246903715541,0.05526701291783193,0.05183874074546415,0.05526701291783193,0.04656884026738369,
0.05167616271366106,0.05300119252683185,0.050066189369364085,0.05300119252683185,0.04478380820273872,
0.05032618825722274,0.056184263080814804,0.05718248307551983,0.056184263080814804,0.04942682029519184,
