Majority Class Accuracy,Accuracy,Precision,Recall,F Score,Support
0.011989459815546772,0.007905138339920948,0.00726347680870165,0.007905138339920948,0.005551797293128134,
0.012764260071798962,0.010238000265922085,0.011315277839853543,0.010238000265922085,0.0071460264980779085,
0.011329205638255829,0.007772362007640627,0.008583392171759737,0.007772362007640627,0.005910356646461615,
0.012803590285110876,0.009503695881731784,0.008724469400605192,0.009503695881731784,0.006546473018136676,
0.013527712109272392,0.010769634883110061,0.0135837600586545,0.010769634883110061,0.008007793520734842,
0.014439485429246522,0.014964557626673668,0.012248418748402667,0.014964557626673668,0.010547596605281926,
0.010845126306044174,0.011770929771194287,0.0124129921637992,0.011770929771194287,0.0077826116256812196,
0.011756935270805813,0.011228533685601057,0.010868280624362247,0.011228533685601057,0.008015364953305385,
0.012566137566137565,0.011375661375661376,0.015243251119194504,0.011375661375661376,0.0090416113739126,
0.009180415114422566,0.011043108036189462,0.012731968995252136,0.011043108036189462,0.0082702837187761,
0.013868709549597147,0.01135913353586052,0.012937189867222648,0.01135913353586052,0.00842791070924397,
0.01201796090861067,0.01162176439513999,0.016874210029669028,0.01162176439513999,0.008447681916279159,
0.012105263157894737,0.015,0.013810398663095145,0.015,0.010373259082121779,
0.013183915622940013,0.011601845748187211,0.01454229913726142,0.011601845748187211,0.008401875506700672,
0.010110416389517094,0.011972861513901822,0.010469872165041264,0.011972861513901822,0.008112345050083706,
0.013876040703052728,0.010175763182238668,0.007589386960444201,0.010175763182238668,0.006790956931611671,
0.010708619777895294,0.010840824960338445,0.007748626991566849,0.010840824960338445,0.007096339352520396,
0.014101212440695836,0.012651555086979441,0.009940443405068378,0.012651555086979441,0.008617424369338605,
0.012032262329763321,0.012561152981621049,0.010721810932585441,0.012561152981621049,0.008753682265562251,
0.010923927349302448,0.013424585417215057,0.009599998978722489,0.013424585417215057,0.008745656141734136,
0.012643224022125641,0.011589622020281838,0.01187281587319502,0.011589622020281838,0.008350803977599014,
0.014616802739004477,0.010534632604687911,0.01138965363055603,0.010534632604687911,0.007812571836690284,
0.00958130988318677,0.00958130988318677,0.010581412427102053,0.00958130988318677,0.006936249037971621,
0.013002520896908584,0.010746981557648931,0.011628811852312206,0.010746981557648931,0.007506018112384183,
0.012203209974797718,0.011672635628067383,0.00954587452627278,0.011672635628067383,0.008596594413688227,
0.012204724409448819,0.012204724409448819,0.01378671106068131,0.012204724409448819,0.008873847811273698,
0.012195121951219513,0.010604453870625663,0.01183936221499326,0.010604453870625663,0.007718157258919707,
0.010746981557648931,0.013533236035557915,0.011662336114908297,0.013533236035557915,0.009250958820014069,
0.012869842112246252,0.010216266418999602,0.011217397197853175,0.010216266418999602,0.007364098283185246,
0.015048416644857367,0.010730175346767862,0.013289469016372478,0.010730175346767862,0.008314165475174981,
