Majority Class Accuracy,Accuracy,Precision,Recall,F Score,Support
0.0157511581733951,0.019722038385175382,0.019858058748424237,0.019722038385175382,0.018535244585327446,
0.015474143631794736,0.016532204734823436,0.014998193222674532,0.016532204734823436,0.014663131758488199,
0.017871432381968526,0.015337423312883436,0.015703414420403645,0.015337423312883436,0.014593340581503318,
0.01724591890468668,0.015007898894154818,0.015182723697227047,0.015007898894154818,0.01414299306441979,
0.01801683324566018,0.01709626512361915,0.01735430883997993,0.01709626512361915,0.016330218417106312,
0.014917491749174918,0.01966996699669967,0.020025914737912782,0.01966996699669967,0.018716969343386593,
0.013002364066193853,0.01746782243236144,0.017038790742503845,0.01746782243236144,0.01648725221323722,
0.015191199580932426,0.01754845468831849,0.01671003589813108,0.01754845468831849,0.01623063606324789,
0.015005923390812163,0.01763854152955114,0.016916453504401664,0.01763854152955114,0.016534887841977736,
0.01308139534883721,0.015856236786469344,0.015641732881355574,0.015856236786469344,0.015321026332134,
0.015837402665962782,0.01860894813250627,0.01794063486507439,0.01860894813250627,0.017017066724368674,
0.01791359325605901,0.019494204425711276,0.017664660143386888,0.019494204425711276,0.017468720295678482,
0.01749271137026239,0.018685396236416643,0.018447937328919847,0.018685396236416643,0.01783559945566739,
0.01749271137026239,0.017095149748210973,0.01676499277594114,0.017095149748210973,0.015967818710417407,
0.01567481402763018,0.016604675876726885,0.01496295942009016,0.016604675876726885,0.01486036076679372,
0.018256383119460245,0.01733033470035719,0.017262137286399592,0.01733033470035719,0.016528903209815957,
0.017565030839367123,0.018235451863770447,0.018207430811714654,0.018235451863770447,0.01726054630340139,
0.015223722531109346,0.018400847233253904,0.017929414453403927,0.018400847233253904,0.017025989797042364,
0.014112371405961487,0.01767343708783962,0.018644207768008618,0.01767343708783962,0.017156523113257785,
0.016165363720683716,0.01709288458990327,0.01774771355479193,0.01709288458990327,0.01635030590907987,
0.01497879109225875,0.0204135737009544,0.01986020181147931,0.0204135737009544,0.01912413940703394,
0.0138095870402337,0.017925906254149516,0.017986432604205987,0.017925906254149516,0.016914204142966637,
0.019952431289640592,0.017970401691331923,0.016774568517742568,0.017970401691331923,0.016363349453373196,
0.01745800819997355,0.02063219150905965,0.02147849689894949,0.02063219150905965,0.020091887273811324,
0.014123548046462514,0.018083421330517425,0.017842928540427672,0.018083421330517425,0.017046092001779336,
0.01400819347165323,0.01704770714946478,0.016055630626587308,0.01704770714946478,0.015363813780389946,
0.015913008884763293,0.01670865932900146,0.01608338203535976,0.01670865932900146,0.01561423105587691,
0.017126925119490176,0.01898566117896973,0.0188706004686545,0.01898566117896973,0.017897856385802415,
0.016826607072433285,0.017352438543446827,0.01724888271124652,0.017352438543446827,0.016342414377207855,
0.015776216359538645,0.016704229086570332,0.01748663656964884,0.016704229086570332,0.016189110739064542,
