Majority Class Accuracy,Accuracy,Precision,Recall,F Score,Support
0.01866915588745166,0.021736231497533006,0.02058948441071815,0.021736231497533006,0.020104262880360095,
0.01940337909186906,0.018083421330517425,0.015792064023515486,0.018083421330517425,0.016022142896924666,
0.01970705725699068,0.01770972037283622,0.01694708947121738,0.01770972037283622,0.016626837562857256,
0.0208943305829119,0.01943039659302635,0.01742766822604748,0.01943039659302635,0.017323909843930924,
0.019576508190171794,0.02037554934079105,0.020909862785050377,0.02037554934079105,0.019928026444688038,
0.018131286394917945,0.019984118581259924,0.018861885479042665,0.019984118581259924,0.018419900317361633,
0.0214342418629267,0.01905265943371262,0.01837924832715031,0.01905265943371262,0.01809797404360806,
0.017788904994070365,0.0191066016602978,0.019829300124536712,0.0191066016602978,0.018353502466954025,
0.0199468085106383,0.021941489361702128,0.020993401381484686,0.021941489361702128,0.020163682721163364,
0.01720063025210084,0.01838235294117647,0.017362515380628826,0.01838235294117647,0.01718644768940405,
0.018699078402564445,0.018298383865366634,0.01786466869170915,0.018298383865366634,0.017233523490926154,
0.019665160775976614,0.020993887855434493,0.021529053516539803,0.020993887855434493,0.01999803961254682,
0.020755721128259713,0.019425226184140502,0.019000435823078313,0.019425226184140502,0.01831757551291944,
0.017946687780416998,0.021509633148588017,0.0221399103964306,0.021509633148588017,0.02073577924808739,
0.0197168188434564,0.020246129416435093,0.01967268097174709,0.020246129416435093,0.018913907050634032,
0.020910047343503418,0.01893740136770121,0.017480971774989588,0.01893740136770121,0.01735054742996172,
0.01982815598149372,0.019299405155320554,0.018626447417193437,0.019299405155320554,0.017745228540218157,
0.01667548967707782,0.01892535733192165,0.017921986287071937,0.01892535733192165,0.017504009575800804,
0.02075346992729676,0.02432253800396563,0.023790847640911068,0.02432253800396563,0.02315464867231268,
0.017152658662092625,0.021902625676210583,0.02209950726215992,0.021902625676210583,0.020498166447328988,
0.016365316088161542,0.019004883199155338,0.018388603347966662,0.019004883199155338,0.017736102894488837,
0.01760190577024881,0.020248808893594494,0.01902501370815515,0.020248808893594494,0.018810476070062428,
0.017604235605559234,0.01654533421575116,0.01662197161186806,0.01654533421575116,0.015737066726060112,
0.01871129266042957,0.020028989326657004,0.019821118633963682,0.020028989326657004,0.01871316520045821,
0.020814242701924335,0.013483440240869223,0.014391152522204019,0.013483440240869223,0.013156293699235619,
0.016440878600552412,0.018019202946205445,0.017620432635374914,0.018019202946205445,0.016969850343858273,
0.017997898055701525,0.016815554387808723,0.015899185903269542,0.016815554387808723,0.01515494464171044,
0.017333507102828098,0.019549068161084322,0.017949660764345152,0.019549068161084322,0.017572270661955273,
0.01782437745740498,0.022149410222804717,0.022434679811088622,0.022149410222804717,0.02128403582621823,
0.018329127374153275,0.018594766901314917,0.01721635576773928,0.018594766901314917,0.017199446485124,
