Majority Class Accuracy,Accuracy,Precision,Recall,F Score,Support
0.16921237880196574,0.1665559835303493,0.03946876121072838,0.1665559835303493,0.05502289378377835,
0.1677093038732863,0.16677758551843472,0.04462215777674847,0.16677758551843472,0.05470533443819086,
0.15664724576271186,0.1549258474576271,0.03611239209402364,0.1549258474576271,0.05217825069847242,
0.16175690021231423,0.16202229299363058,0.05488112138820318,0.16202229299363058,0.04585446058769464,
0.1600579633776841,0.15979449347912,0.04153540144251441,0.15979449347912,0.049901006846364095,
0.17159060933790557,0.17040358744394618,0.043056261955403886,0.17040358744394618,0.052829056088919635,
0.15939329430548163,0.1609898882384247,0.04773892186428575,0.1609898882384247,0.05561649972182646,
0.16664451827242524,0.1651827242524917,0.0398312503295892,0.1651827242524917,0.05469270630843747,
0.16389361980872527,0.16402462989650204,0.04085475749494342,0.16402462989650204,0.05071133667508753,
0.1630477694433478,0.16212659560468481,0.043186601409378,0.16212659560468481,0.051111332780798276,
0.16866359447004609,0.16695194206714944,0.03962404430326862,0.16695194206714944,0.05139799370920979,
0.15138339920948615,0.15375494071146245,0.043156221630879336,0.15375494071146245,0.05118242456595475,
0.15838713928053763,0.1577282909474239,0.04155132270576889,0.1577282909474239,0.0466526714584942,
0.16255767963085035,0.16150296638101516,0.03682684047052632,0.16150296638101516,0.05117393508825241,
0.16483951921806894,0.16497160216616036,0.04464050747967928,0.16497160216616036,0.05489125694684442,
0.17134456027800055,0.17121090617481957,0.04312550517412143,0.17121090617481957,0.05090014327069963,
0.16810059563203178,0.1670416942422237,0.04677615508490215,0.1670416942422237,0.053820516739054323,
0.16390838077585065,0.16099563087514895,0.04106214502764433,0.16099563087514895,0.05451696338723355,
0.16543144520910535,0.1649020645844362,0.0308612005268255,0.1649020645844362,0.04721398697202748,
0.15647151483328958,0.1534523496980835,0.031064414890079245,0.1534523496980835,0.044447116650669305,
0.15882198264528005,0.15763870628451224,0.039161855196953164,0.15763870628451224,0.05371751223148224,
0.16885504201680673,0.16832983193277312,0.038970132445501564,0.16832983193277312,0.051443379221621,
0.16182902584493042,0.1614314115308151,0.04182537909372805,0.1614314115308151,0.05132785406811128,
0.1680451621373244,0.16686359459104635,0.041102249763884574,0.16686359459104635,0.055711546516582056,
0.1574294008973344,0.15584586962259173,0.03461346740437375,0.15584586962259173,0.04583014608425712,
0.1653512233622731,0.1615364377795317,0.04226729417425575,0.1615364377795317,0.05390404732611087,
0.16235138705416116,0.1618229854689564,0.03467886357130501,0.1618229854689564,0.048757766284913524,
0.16317880794701986,0.16317880794701986,0.04116588717865607,0.16317880794701986,0.05124657662172956,
0.15752165922814387,0.15778419532685745,0.04081153263836935,0.15778419532685745,0.04490150388085369,
0.16779055930186434,0.16792278196482877,0.05128125300938729,0.16792278196482877,0.04875651216818157,
