Majority Class Accuracy,Accuracy,Precision,Recall,F Score,Support
0.41419033904961383,0.41419033904961383,0.17155363696203405,0.41419033904961383,0.24261746417716895,
0.4277020769943114,0.4277020769943114,0.18292906666524789,0.4277020769943114,0.25625663730960135,
0.42919246476090106,0.42919246476090106,0.1842061718075373,0.42919246476090106,0.25777657852170993,
0.419082762256194,0.419082762256194,0.17563036162028162,0.419082762256194,0.24752659434894075,
0.4194732014152798,0.4194732014152798,0.17595776670558386,0.4194732014152798,0.2479198149428195,
0.41984834375415725,0.41984834375415725,0.176272631753109,0.41984834375415725,0.24829783057961588,
0.42699144173798553,0.42699144173798553,0.1823216913174835,0.42699144173798553,0.25553298497071175,
0.42038885969521805,0.42038885969521805,0.17672679335584573,0.42038885969521805,0.24884283222802406,
0.4296043118180623,0.4296043118180623,0.1845598647326709,0.4296043118180623,0.25819712938325107,
0.42079534945171093,0.42079534945171093,0.1770687261201875,0.42079534945171093,0.24925296410706704,
0.4213527851458886,0.4213527851458886,0.17753816955019736,0.4213527851458886,0.2498157690414273,
0.4306897921355753,0.4306897921355753,0.18549369704978505,0.4306897921355753,0.2593066618206601,
0.42308707124010553,0.42308707124010553,0.17900266985053012,0.42308707124010553,0.2515695258119994,
0.4277418503365448,0.4277418503365448,0.1829630905293311,0.4277418503365448,0.2562971597228215,
0.43569449940641075,0.43569449940641075,0.18982969681300285,0.43569449940641075,0.26444302306860984,
0.4332182687201275,0.4332182687201275,0.18767806835286457,0.4332182687201275,0.26189739895021324,
0.4187682505972923,0.4187682505972923,0.17536684770831656,0.4187682505972923,0.24720999731208856,
0.43159566022757345,0.43159566022757345,0.18627481392727502,0.43159566022757345,0.2602338343183631,
0.42940397350993376,0.42940397350993376,0.1843877724661199,0.42940397350993376,0.25799252819110546,
0.4181147972617167,0.4181147972617167,0.17481998368920645,0.4181147972617167,0.2465526543080602,
0.4303964177531937,0.4303964177531937,0.18524107641478166,0.4303964177531937,0.25900662797485263,
0.42537909018355946,0.42537909018355946,0.1809473703653928,0.42537909018355946,0.25389367868738766,
0.43089217869775975,0.43089217869775975,0.1856680696629021,0.43089217869775975,0.2595137109937615,
0.4269439660882236,0.4269439660882236,0.18228115017914223,0.4269439660882236,0.25548466444529233,
0.42016585494274056,0.42016585494274056,0.17653934565976412,0.42016585494274056,0.24861792732917376,
0.42128279883381925,0.42128279883381925,0.1774791965932562,0.42128279883381925,0.24974508484712568,
0.42220753469927297,0.42220753469927297,0.1782592023568378,0.42220753469927297,0.2506795921237063,
0.4255770761475192,0.4255770761475192,0.18111584774227138,0.4255770761475192,0.2540947813663208,
0.42552910052910053,0.42552910052910053,0.18107501539710533,0.42552910052910053,0.2540460455418236,
0.41554499868039063,0.41554499868039063,0.17267764592828583,0.41554499868039063,0.2439733757517573,
