Majority Class Accuracy,Accuracy,Precision,Recall,F Score,Support
0.1779772907314497,0.1779772907314497,0.031692653620342695,0.1779772907314497,0.05380430318591482,
0.17912015758371636,0.17912015758371636,0.04709782976265182,0.17912015758371636,0.055232088747497694,
0.16998025016458196,0.16984858459512836,0.04214596168250202,0.16984858459512836,0.0536401710983236,
0.18381962864721485,0.18262599469496021,0.05138751097565278,0.18262599469496021,0.05873765584603976,
0.18353931107020774,0.1832763607678149,0.05673368239575152,0.1832763607678149,0.058326617768425494,
0.1818422445738486,0.18170989941768131,0.05036934822880077,0.18170989941768131,0.057974905863684006,
0.18251150558842866,0.18251150558842866,0.0468503176342627,0.18251150558842866,0.05863158823079487,
0.16905901116427433,0.16932482721956407,0.040158125015991614,0.16932482721956407,0.05008030444583583,
0.1790277960742985,0.17981820576999077,0.060807754036481775,0.17981820576999077,0.057872881844816405,
0.17524818001323628,0.17670416942422237,0.048954894775505575,0.17670416942422237,0.0573937727236954,
0.1716201998947922,0.17175170962651237,0.040219174248451034,0.17175170962651237,0.05116010584304024,
0.1700185234188939,0.1700185234188939,0.02890629830554097,0.1700185234188939,0.049411693450928114,
0.17862314071343952,0.17546399894695275,0.04264268234278433,0.17546399894695275,0.05836137131576719,
0.17689865043662345,0.17729558084149247,0.047035798558934215,0.17729558084149247,0.054614650540173636,
0.1751592356687898,0.17542462845010615,0.045473973962306034,0.17542462845010615,0.05361469366496955,
0.17670416942422237,0.17736598279285243,0.051325958354168,0.17736598279285243,0.055726070154362185,
0.18250297343729352,0.18091714021408747,0.045207529206964754,0.18091714021408747,0.06317430458071178,
0.1864226995491912,0.18589233625033147,0.04255804095156334,0.18589233625033147,0.06299746115825643,
0.17776307081403045,0.17802779616148245,0.05442720660810391,0.17802779616148245,0.05682481290122189,
0.173590897062715,0.173590897062715,0.03014177566785099,0.173590897062715,0.05136473995180021,
0.17616033755274263,0.176292194092827,0.05462888655807213,0.176292194092827,0.053060947661166535,
0.17271407837445574,0.17310990895896555,0.04351392748898794,0.17310990895896555,0.05373558908916744,
0.1799289754044456,0.18019202946205445,0.04181550831092734,0.18019202946205445,0.05824609730148115,
0.18004994085950848,0.18004994085950848,0.049902684723683984,0.18004994085950848,0.057421139260308444,
0.17724693150323348,0.1769829747921341,0.04589875443698411,0.1769829747921341,0.05535603109005613,
0.17533590528136225,0.1745377145137688,0.04487946526674888,0.1745377145137688,0.055720789000082614,
0.18541638995882587,0.18581484924956834,0.0576048795387353,0.18581484924956834,0.061096472037048356,
0.18120360551431602,0.18120360551431602,0.03283474665138786,0.18120360551431602,0.05559540539514532,
0.1766033727260656,0.1759394502722082,0.047397416666272486,0.1759394502722082,0.05709900716204332,
0.18064004231684738,0.18169796350171913,0.04820351650901545,0.18169796350171913,0.0614498257064047,
