Majority Class Accuracy,Accuracy,Precision,Recall,F Score,Support
0.5490765171503957,0.5490765171503957,0.3014850216860088,0.5490765171503957,0.3892448414886641,
0.5492828003684695,0.5492828003684695,0.3017115947806279,0.5492828003684695,0.38948550220640316,
0.5310884263555614,0.5310884263555614,0.2820549166088266,0.5310884263555614,0.36843713498664454,
0.5553056364117491,0.5553056364117491,0.30836434983065775,0.5553056364117491,0.39653215755340043,
0.5466351829988194,0.5466351829988194,0.2988100232921527,0.5466351829988194,0.38640013699000514,
0.5414562848790858,0.5414562848790858,0.2931749084350617,0.5414562848790858,0.38038692541716657,
0.5532710280373832,0.5532710280373832,0.3061088304655428,0.5532710280373832,0.3941473509002778,
0.5546207440515315,0.5546207440515315,0.3076041697322744,0.5546207440515315,0.3957288887457147,
0.5492289442467378,0.5492289442467378,0.30165243319838625,0.5492289442467378,0.38942266644140827,
0.5542789223454834,0.5542789223454834,0.3072251237564704,0.5542789223454834,0.39532817352094374,
0.5453946501515351,0.5453946501515351,0.2974553244139154,0.5453946501515351,0.3849571038501371,
0.5608978616018063,0.5608978616018063,0.31460641114947907,0.5608978616018063,0.40310954212805106,
0.5523379383634431,0.5523379383634431,0.3050771981555787,0.5523379383634431,0.39305513395776087,
0.5499342969776609,0.5499342969776609,0.3024277309923142,0.5499342969776609,0.3902458724631643,
0.55323951141795,0.55323951141795,0.30607395699397205,0.55323951141795,0.3941104443249163,
0.565893516078018,0.565893516078018,0.32023547153914195,0.565893516078018,0.4090130883755275,
0.5482508250825082,0.5482508250825082,0.300578967203651,0.5482508250825082,0.3882820048717014,
0.5549148099606815,0.5549148099606815,0.3079304463136993,0.5549148099606815,0.3960737197190704,
0.5529893097532005,0.5529893097532005,0.3057971767013211,0.5529893097532005,0.393817490926474,
0.5420990411138842,0.5420990411138842,0.29387137037659267,0.5420990411138842,0.38113164270477,
0.5427095748907429,0.5427095748907429,0.2945336826780909,0.5427095748907429,0.3818394433689183,
0.5397137980832348,0.5397137980832348,0.2912909838414308,0.5397137980832348,0.37837029739430056,
0.5482763175274072,0.5482763175274072,0.3006069203614143,0.5482763175274072,0.3883117205351079,
0.5436802973977695,0.5436802973977695,0.2955882657785271,0.5436802973977695,0.38296565199000016,
0.5540666047499004,0.5540666047499004,0.3069898024990825,0.5540666047499004,0.3950793377333876,
0.5499135982985511,0.5499135982985511,0.30240496559366026,0.5499135982985511,0.39022170774633036,
0.5578141499472017,0.5578141499472017,0.3111566258813192,0.5578141499472017,0.3994784947766267,
0.5451073357039379,0.5451073357039379,0.2971420074382456,0.5451073357039379,0.3846231269141832,
0.5509124570219519,0.5509124570219519,0.303504535301964,0.5509124570219519,0.3913883519702339,
0.54387131082159,0.54387131082159,0.29579600273479456,0.54387131082159,0.38318738182573403,
