Majority Class Accuracy,Accuracy,Precision,Recall,F Score,Support
0.2053266859092102,0.21437942797166099,0.21642123973315322,0.21437942797166099,0.2114585583845312,
0.1872025383395029,0.20822316234796404,0.21016588578070658,0.20822316234796404,0.20508712315830813,
0.19328397673188788,0.22078265468006344,0.2200332939893526,0.22078265468006344,0.2173825542622759,
0.19918108572183332,0.21384229295997886,0.21371840388623967,0.21384229295997886,0.21159455188884896,
0.20973287490081988,0.22084104734197302,0.22041140683676017,0.22084104734197302,0.21777983299772272,
0.20221169036334913,0.2207740916271722,0.22163016149566145,0.2207740916271722,0.21788343490871118,
0.2004763795156808,0.21609104141855234,0.21548157777863405,0.21609104141855234,0.21306026319603277,
0.19488396624472573,0.21888185654008438,0.22020687264522493,0.21888185654008438,0.2161779061873079,
0.20045104802334837,0.2194215972406474,0.2220011626578077,0.2194215972406474,0.21756680169440226,
0.2043737574552684,0.22664015904572565,0.2264613936204016,0.22664015904572565,0.22361086386222268,
0.20440961615088324,0.2207464470713242,0.22117752177530206,0.2207464470713242,0.217799233758303,
0.2045214172395558,0.2119249074563723,0.2129628434409603,0.2119249074563723,0.20826994953916783,
0.198707805907173,0.21347573839662448,0.2133763997806224,0.21347573839662448,0.2107596604580903,
0.19528351881293057,0.21674615792262852,0.21926312529844796,0.21674615792262852,0.21320822700530434,
0.20612516644474035,0.2159786950732357,0.215364991430355,0.2159786950732357,0.21373723106914172,
0.1974379292128896,0.21526677231907027,0.216510339312027,0.21526677231907027,0.21237579168467033,
0.19883351007423117,0.21288441145281017,0.21664272234445217,0.21288441145281017,0.210463426866171,
0.2105054247155332,0.21738555173326277,0.21741637274162348,0.21738555173326277,0.21439758441701393,
0.20620607346505768,0.21814083012863014,0.22066223012564945,0.21814083012863014,0.21605716750701032,
0.19587493431424066,0.21361008933263267,0.21702234471376625,0.21361008933263267,0.21237107455769405,
0.19854881266490765,0.20976253298153033,0.2109103561569782,0.20976253298153033,0.2072482468242642,
0.20398732505941378,0.20913651967256403,0.21055673779128334,0.20913651967256403,0.20758144906704667,
0.20089935193757438,0.2155799497420976,0.21500114850810056,0.2155799497420976,0.21223237734739267,
0.1950640095024416,0.2171043948792398,0.21881282062319815,0.2171043948792398,0.21508596277148073,
0.20647879905188307,0.20950750592573084,0.20975400608735004,0.20950750592573084,0.20691182086668303,
0.21416142417347075,0.21188595904162763,0.21307313788283244,0.21188595904162763,0.21009645879130967,
0.1997090331966671,0.21954767887845522,0.22142040269791735,0.21954767887845522,0.2174576415083477,
0.2078829422620617,0.22053783284998682,0.22276037498573623,0.22053783284998682,0.21660553165208463,
0.19820177178368373,0.20811847150601614,0.20881511693359955,0.20811847150601614,0.2063871575418373,
0.19477278697136854,0.21434200157604413,0.21482932874014954,0.21434200157604413,0.21213588690636104,
