Majority Class Accuracy,Accuracy,Precision,Recall,F Score,Support
0.0160758993279747,0.014626432995124523,0.014634831577227453,0.014626432995124523,0.01327262335980336,
0.016426016690952443,0.016161080937872566,0.016297706461702248,0.016161080937872566,0.015354348484903437,
0.013499205929062997,0.01694017998941239,0.01820500090543397,0.01694017998941239,0.01658086765180584,
0.015963815351869096,0.01702806970866037,0.017009762145143444,0.01702806970866037,0.01563018280705109,
0.016131164881660717,0.016527832870554014,0.017082453666854996,0.016527832870554014,0.01589389517574419,
0.017133749501925886,0.015407092575375215,0.015812831040283547,0.015407092575375215,0.014353516249883388,
0.016163222045574986,0.01483836777954425,0.014719684139705692,0.01483836777954425,0.013724658729969062,
0.015799256505576207,0.015932023366967606,0.015619881843129525,0.015932023366967606,0.014751483789220376,
0.018833135782957987,0.013038324772817068,0.014056880105698588,0.013038324772817068,0.01277709759118421,
0.01380408813379347,0.015529599150517654,0.01567736214560832,0.015529599150517654,0.014758784963820989,
0.014705882352941176,0.014573396926338102,0.01605208413077724,0.014573396926338102,0.014411252435476701,
0.014825505116767253,0.014694305956441878,0.013382057099960444,0.014694305956441878,0.012909233233200344,
0.0166865315852205,0.014170308568401535,0.013776872920752286,0.014170308568401535,0.01320046198754728,
0.014898065865133299,0.015551489806586513,0.01568791302159326,0.015551489806586513,0.014596364761863621,
0.01604136285297627,0.015511069866101021,0.016273686553485454,0.015511069866101021,0.014805476709152323,
0.016724183700557473,0.013140430050438015,0.012299892877996106,0.013140430050438015,0.01196933908505811,
0.01399155227032735,0.016367476240760296,0.016830044712085053,0.016367476240760296,0.01574170765348775,
0.016978379095370737,0.017111022682053324,0.016030952409553077,0.017111022682053324,0.015505271908570218,
0.016062106813010308,0.01726676482398608,0.017163279941676837,0.01726676482398608,0.01619999307988783,
0.017868873998160558,0.018525817895151755,0.016375108562381946,0.018525817895151755,0.016399191050308327,
0.014419896811747586,0.017991797856859372,0.018356915147389536,0.017991797856859372,0.01695176823152418,
0.013994402239104359,0.015060642409702786,0.01554480485826857,0.015060642409702786,0.014473140044650985,
0.01741558096250997,0.015288487104493485,0.014308372435178213,0.015288487104493485,0.014019147011139132,
0.016310020876826724,0.015396659707724426,0.015179882310713145,0.015396659707724426,0.014413578771692933,
0.015217678973137489,0.01495302368664814,0.01517327522503038,0.01495302368664814,0.014008457540474877,
0.01757631822386679,0.014668957314655742,0.01580658294839212,0.014668957314655742,0.014489940680772586,
0.014732965009208104,0.015916863983162326,0.015646820285569546,0.015916863983162326,0.01467000484420397,
0.012596128347918324,0.016308671439936355,0.016184430138604905,0.016308671439936355,0.015269504901145923,
0.01556317594302295,0.01424426272751253,0.013514363790958156,0.01424426272751253,0.01280759255851314,
0.017795939889269707,0.017005009227524386,0.01608694527589811,0.017005009227524386,0.015199477733899711,
