Majority Class Accuracy,Accuracy,Precision,Recall,F Score,Support
0.17151932239280043,0.12824245632609846,0.07125973398239963,0.12824245632609846,0.08480382016586953,
0.16826481019309075,0.1220281098121634,0.06486946069637119,0.1220281098121634,0.07802379092940476,
0.17061548643282595,0.1315684976836532,0.0648118286610416,0.1315684976836532,0.08179856600933114,
0.17319098457888493,0.1376037959667853,0.0752595057370806,0.1376037959667853,0.09010925127164054,
0.17747939377825048,0.1301515554373837,0.06912112399431283,0.1301515554373837,0.0848539042561786,
0.1636005256241787,0.12273324572930355,0.0641893859252068,0.12273324572930355,0.07737053461909293,
0.17180500658761527,0.13359683794466404,0.0766392629572853,0.13359683794466404,0.08858880612447034,
0.16475701303832477,0.12932964572632688,0.07093718941188216,0.12932964572632688,0.08475768113346802,
0.1728183495913525,0.13327181650408648,0.0761723272175793,0.13327181650408648,0.0895677006498038,
0.17387267904509285,0.12453580901856764,0.0685525155407344,0.12453580901856764,0.08214339018450874,
0.16745283018867924,0.13050314465408805,0.07378888190667011,0.13050314465408805,0.08661776440808595,
0.16796823295830576,0.13421575115817339,0.07715120776754286,0.13421575115817339,0.08850382630909398,
0.17415952537903756,0.13500329597890573,0.0709209084056955,0.13500329597890573,0.08565605437772542,
0.18003706645485834,0.13476303944929838,0.07215336495043792,0.13476303944929838,0.08807076122359173,
0.17817844359008353,0.13800874983428343,0.0744895889574142,0.13800874983428343,0.08865271029431838,
0.16973144595846013,0.12395819552850906,0.06714297902407855,0.12395819552850906,0.07920725856471535,
0.17179859918065282,0.1395533236421303,0.0741495250870797,0.1395533236421303,0.09081785358163354,
0.17360190829578584,0.12788232175987277,0.06317747967715683,0.12788232175987277,0.07975266077083663,
0.17597135658400742,0.12809972152234453,0.0680747480916382,0.12809972152234453,0.08291081345422764,
0.17688150784236192,0.12969553183076316,0.07319511570256035,0.12969553183076316,0.08585598090489957,
0.16268005814721817,0.12158054711246201,0.06494836245206514,0.12158054711246201,0.07898775646537604,
0.17055702917771884,0.12546419098143236,0.06206848321341654,0.12546419098143236,0.0781183668277158,
0.17082508250825082,0.12818481848184818,0.06619011816731446,0.12818481848184818,0.08187270616233173,
0.171964356962362,0.1288735204149488,0.06880814033946916,0.1288735204149488,0.0822730646852342,
0.17443846052804413,0.1308288453960331,0.06856451726181233,0.1308288453960331,0.08478649505353937,
0.17123648826786186,0.13643553915106776,0.06829004534485632,0.13643553915106776,0.0868779702340659,
0.17322208978943188,0.12819494106740828,0.0673473894854025,0.12819494106740828,0.08214916106091394,
0.17706821480406387,0.1311518670009236,0.06846834142049386,0.1311518670009236,0.08590078284914582,
0.16737232071976713,0.1264884890182588,0.06480433098329137,0.1264884890182588,0.0797131124575002,
0.16909235247419951,0.13442709711563905,0.07383200275365355,0.13442709711563905,0.08680764030628284,
