Majority Class Accuracy,Accuracy,Precision,Recall,F Score,Support
0.20018621973929238,0.20018621973929238,0.04007452257350825,0.20018621973929238,0.06678050774856145,
0.21114909282145675,0.21114909282145675,0.04458393939932415,0.21114909282145675,0.07362254517395994,
0.2056953642384106,0.2056953642384106,0.0585174891641548,0.2056953642384106,0.07101747957489447,
0.20808403137880602,0.20808403137880602,0.043298964114855926,0.20808403137880602,0.07168204030548787,
0.20419122462344466,0.20419122462344466,0.04169405621322204,0.20419122462344466,0.06924823127864917,
0.20978463174687584,0.2096516883807498,0.060319239302883014,0.2096516883807498,0.07355816593481793,
0.20191299790356393,0.20191299790356393,0.04076885872240461,0.20191299790356393,0.06783994980254923,
0.21861814345991562,0.21875,0.11149320870994707,0.21875,0.07871963615274893,
0.2014312218393851,0.2014312218393851,0.040574537131707576,0.2014312218393851,0.06754367023954673,
0.206914753233043,0.20678279229348112,0.04280335555329088,0.20678279229348112,0.07092538954745235,
0.20724292889241344,0.20724292889241344,0.042960987903662644,0.20724292889241344,0.07116883760475345,
0.20849933598937584,0.20849933598937584,0.04347197310801063,0.20849933598937584,0.0719437269238066,
0.2180787982606404,0.21821056792726315,0.11576170153109336,0.21821056792726315,0.07836742645589494,
0.20460290009312226,0.20460290009312226,0.04186234672651617,0.20460290009312226,0.06950397798856368,
0.20622210553951167,0.20622210553951167,0.04252755681314949,0.20622210553951167,0.07051364192024658,
0.19882885280809157,0.19896193771626297,0.05106061831106489,0.19896193771626297,0.06689265487529528,
0.21245711269464237,0.21245711269464237,0.04513802473454397,0.21245711269464237,0.07445710740931089,
0.20929005014515703,0.20915808920559514,0.04379782538685951,0.20915808920559514,0.07242898023582399,
0.21279131355932204,0.21265889830508475,0.05912260844138304,0.21265889830508475,0.07520618877060349,
0.21053328040227604,0.21079793568876537,0.06585807908296759,0.21079793568876537,0.07385804478370933,
0.20682757701026805,0.20536071476196827,0.046002362424015786,0.20536071476196827,0.07090512739624628,
0.2099630021141649,0.2099630021141649,0.04408446225679282,0.2099630021141649,0.07286910786489201,
0.20997756367955656,0.20997756367955656,0.04409057724880223,0.20997756367955656,0.07287833852839756,
0.21106719367588933,0.21119894598155467,0.0898019339300478,0.21119894598155467,0.07385717710683075,
0.21598729486500795,0.2162519851773425,0.06748303763374258,0.2162519851773425,0.07814611975802378,
0.2081191511796494,0.2077237379728483,0.05250696429256511,0.2077237379728483,0.07189963967005007,
0.2106726694915254,0.2109375,0.0658940467109131,0.2109375,0.07778549085077609,
0.21624834874504623,0.21624834874504623,0.04676334833495914,0.21624834874504623,0.07689769672980139,
0.21135940409683426,0.21135940409683426,0.04467279770016888,0.21135940409683426,0.073756471529564,
0.20343461030383092,0.2033025099075297,0.04139157393675248,0.2033025099075297,0.06877984737644899,
