Majority Class Accuracy,Accuracy,Precision,Recall,F Score,Support
0.019228201361997595,0.018293497129122715,0.014359872331951597,0.018293497129122715,0.01128465063244856,
0.016901783337769496,0.018498802235826457,0.015106720985881218,0.018498802235826457,0.01231864535689693,
0.01689545934530095,0.014783526927138331,0.012127259654721544,0.014783526927138331,0.011038940983872364,
0.016160819865983445,0.018263040336355275,0.016286507956550293,0.018263040336355275,0.013150424216949407,
0.017063492063492062,0.018121693121693122,0.020084518880607288,0.018121693121693122,0.013450318586856906,
0.014106789716545814,0.015029663810151615,0.013189366316979166,0.015029663810151615,0.011058457715412926,
0.018112109994711793,0.019962982548915917,0.0191543026087814,0.019962982548915917,0.01446155428354028,
0.017861868219105584,0.016538766869542205,0.02696797106285904,0.016538766869542205,0.012977283927727313,
0.016664462372702023,0.016135431821187672,0.012077484621472147,0.016135431821187672,0.011422110620940853,
0.01909054752750895,0.01604136285297627,0.01335963309648421,0.01604136285297627,0.011013466690438508,
0.017569352708058126,0.017305151915455747,0.01196879270885045,0.017305151915455747,0.01216917509690157,
0.012735473600424516,0.015256036083841868,0.012991770207556607,0.015256036083841868,0.011676390983735942,
0.015041562211373533,0.015305449267713418,0.012648410562767326,0.015305449267713418,0.012365059766996055,
0.014538310412573674,0.016895874263261296,0.013304160521160376,0.016895874263261296,0.012421799768181549,
0.015891934843067144,0.016818964375579393,0.013501158532821956,0.016818964375579393,0.011452599140130103,
0.015633210719915924,0.016684182869153966,0.016173365703423103,0.016684182869153966,0.013952601383208226,
0.01639344262295082,0.016655737704918034,0.018396560475133588,0.016655737704918034,0.012609832831491365,
0.018912529550827423,0.018387181507748884,0.014704870633984258,0.018387181507748884,0.012655409584641437,
0.012256193990511333,0.01739588824459673,0.012958095477758938,0.01739588824459673,0.012461315035123967,
0.010797998419805109,0.016328680537266264,0.015543847052950636,0.016328680537266264,0.013085279864974509,
0.013952876135316572,0.014874292483875213,0.01267323391935418,0.014874292483875213,0.011563490945336269,
0.01521566551997883,0.01587721619476052,0.01332963515317729,0.01587721619476052,0.011622305336743364,
0.017191219254165564,0.013224014810896589,0.015141736481890312,0.013224014810896589,0.0096319750435178,
0.015447583839450753,0.018088196461579085,0.01353070715948682,0.018088196461579085,0.012834520309248526,
0.015960955019126765,0.014378050389130722,0.016447587382194675,0.014378050389130722,0.011414363160940418,
0.014023018917846276,0.014816774705648895,0.020063529752494258,0.014816774705648895,0.012491084053108212,
0.01486002388218124,0.015523417805492901,0.015194776142855708,0.015523417805492901,0.011936856015506866,
0.013136942675159236,0.017383227176220806,0.01464283297682262,0.017383227176220806,0.01202892917809186,
0.013861386138613862,0.016897689768976897,0.011837812756406017,0.016897689768976897,0.011995606889526476,
0.01637380191693291,0.014776357827476038,0.010296973868454188,0.014776357827476038,0.009957053543135624,
