Majority Class Accuracy,Accuracy,Precision,Recall,F Score,Support
0.03359241206692135,0.03346067711763931,0.02936681202707406,0.03346067711763931,0.025432325222008965,
0.02979119563771778,0.032983109456044685,0.04063223692168027,0.032983109456044685,0.027038876264936226,
0.02792251169004676,0.03460253841015364,0.032003026058724626,0.03460253841015364,0.03075023502800107,
0.03199256604274525,0.0350457984866587,0.031135662311584274,0.0350457984866587,0.029354228011061568,
0.03062991077373818,0.036755892928485814,0.031747048343346566,0.036755892928485814,0.030061275776030464,
0.029165001997602878,0.036889066453589026,0.034671850159890945,0.036889066453589026,0.02758197199069347,
0.029431349047809297,0.028099613796777202,0.025350357026461885,0.028099613796777202,0.02369058831379761,
0.029516876240900065,0.036929185969556584,0.031085562627390366,0.036929185969556584,0.029517223776640938,
0.029815303430079154,0.03601583113456464,0.032193576895869117,0.03601583113456464,0.027438174645758796,
0.02766487478694113,0.03658056903107382,0.039695211285641616,0.03658056903107382,0.029955848919086255,
0.02877220896313975,0.03672765844603553,0.031639086387518556,0.03672765844603553,0.029708007997610027,
0.029423406781897348,0.037471962000263884,0.03814973694224484,0.037471962000263884,0.03207592691534071,
0.027836691410392366,0.03353658536585366,0.031016019471219618,0.03353658536585366,0.02785046089869068,
0.025763612217795485,0.0350597609561753,0.03612801534496129,0.0350597609561753,0.02816374932167687,
0.03323661303086257,0.035610656818781325,0.029954351789408376,0.035610656818781325,0.02947542428960562,
0.02966772151898734,0.03731540084388186,0.034892705007496055,0.03731540084388186,0.029809564971342663,
0.03368421052631579,0.035526315789473684,0.03775536826689267,0.035526315789473684,0.0296915117028328,
0.02511566424322538,0.0387309980171844,0.038932067409092344,0.0387309980171844,0.033176490468708714,
0.02512562814070352,0.03385347791589527,0.02766772594350438,0.03385347791589527,0.027567128741225768,
0.03044681692368525,0.03782786345063925,0.03662154576928862,0.03782786345063925,0.030952910529306526,
0.028786478278093226,0.03618116994586029,0.03400313316851123,0.03618116994586029,0.027871021705864803,
0.028507324798733007,0.03761383133166161,0.03395793361504409,0.03761383133166161,0.0305643501464081,
0.031245862571163775,0.03429101019462465,0.027846852409944483,0.03429101019462465,0.02643583819003429,
0.03358455639296575,0.03847679492264974,0.0392443689778265,0.03847679492264974,0.03367225939910067,
0.030881378396288933,0.03472498343273691,0.03474294025004063,0.03472498343273691,0.029201465452577714,
0.027913745204392115,0.03373462098161133,0.029000239691936353,0.03373462098161133,0.026603130807732182,
0.029442830736730922,0.03736466860311592,0.03679642431741844,0.03736466860311592,0.02840338138855215,
0.028776024399946958,0.03633470362020952,0.030490331514688742,0.03633470362020952,0.027723847930708326,
0.030159357302778876,0.0370077703147636,0.0340859081506276,0.0370077703147636,0.028829294772799045,
0.03038274365382086,0.031698013941865055,0.03277845161020695,0.031698013941865055,0.0253582558489934,
