Majority Class Accuracy,Accuracy,Precision,Recall,F Score,Support
0.43013590183401507,0.4297400712495052,0.2175238879500663,0.4297400712495052,0.2603353796402202,
0.4326897646125364,0.4317640835757736,0.22586258497233558,0.4317640835757736,0.26363866686084564,
0.42535248385821584,0.42469363552510214,0.20304547252674018,0.42469363552510214,0.25529845269174384,
0.4210180192029462,0.41996580297251085,0.19780298098190682,0.41996580297251085,0.24999446200207676,
0.42280631886366654,0.42254082039028273,0.20383938431953147,0.42254082039028273,0.2528471854973941,
0.42115027829313545,0.42128279883381925,0.2351582064102338,0.42128279883381925,0.2504533834095097,
0.4172947243157477,0.41570805236017455,0.1992310547617495,0.41570805236017455,0.24750599971418527,
0.4170516035370199,0.4158637983370727,0.19752806127029532,0.4158637983370727,0.2458103373659344,
0.41801110817244114,0.4165564665432425,0.19474831720926594,0.4165564665432425,0.24713584304271294,
0.4225463145447379,0.4226777033241361,0.23855029769931332,0.4226777033241361,0.25208511153528246,
0.4199973443101846,0.420395697782499,0.3217633886291355,0.420395697782499,0.24982184264498003,
0.4221132175526979,0.42158292456582264,0.19538759446505546,0.42158292456582264,0.25151168042242145,
0.41923076923076924,0.419893899204244,0.2413712702685738,0.419893899204244,0.2495867957231874,
0.41778545792901767,0.41645620098365016,0.20017180507044297,0.41645620098365016,0.24748338920054255,
0.42155434926519264,0.421024758374156,0.20108668511753977,0.421024758374156,0.2514617272653806,
0.41733737960153056,0.41680960548885077,0.1741110383202899,0.41680960548885077,0.24562063943385842,
0.4349155697380667,0.4346496476532376,0.22185458718880854,0.4346496476532376,0.26533586198277365,
0.4201010369582558,0.4201010369582558,0.2143517968902225,0.4201010369582558,0.2497290045894522,
0.4154799578059072,0.415084388185654,0.19784487918522783,0.415084388185654,0.24469978928942349,
0.4268827201487581,0.4268827201487581,0.2177522575912929,0.4268827201487581,0.25632874958145857,
0.43127899271040426,0.4311464546056991,0.25102466887740377,0.4311464546056991,0.26105504552879755,
0.41929940515532055,0.4185062789160608,0.20113778039730648,0.4185062789160608,0.24864522829403737,
0.4188813962713209,0.41874917360835645,0.2145246951174223,0.41874917360835645,0.24782240545364603,
0.4214380825565912,0.4201065246338216,0.20469811920384873,0.4201065246338216,0.25179312826498856,
0.430130423210008,0.42999733830183656,0.21594520070302317,0.42999733830183656,0.26023155532704173,
0.4214800261951539,0.4212180746561886,0.2287578935599128,0.4212180746561886,0.2508376825837267,
0.42470234201229884,0.424309825984561,0.2047981095138019,0.424309825984561,0.2536599179327738,
0.42900222892356105,0.428084436869018,0.20956495578262133,0.428084436869018,0.2586895799268292,
0.4224321447578499,0.4217668972857903,0.19686757087081772,0.4217668972857903,0.2513238894883889,
0.42578591325109433,0.42552062607772917,0.18987931197958607,0.42552062607772917,0.25482772277621474,
