Majority Class Accuracy,Accuracy,Precision,Recall,F Score,Support
0.010579937304075235,0.009796238244514107,0.008884662422575535,0.009796238244514107,0.006779450451917642,
0.010264508487958943,0.011975259902618766,0.007290394972004574,0.011975259902618766,0.007672919817432447,
0.013590183401504157,0.012930465760654439,0.010192737254236901,0.012930465760654439,0.0090534118239592,
0.012130801687763712,0.01015295358649789,0.008907273748981835,0.01015295358649789,0.007289876520723573,
0.014782261286456252,0.012251964309495272,0.008499158680880903,0.012251964309495272,0.008251889838852285,
0.011803713527851459,0.010610079575596816,0.010137143261477386,0.010610079575596816,0.007433345134460441,
0.01060070671378092,0.013872529773589845,0.017551038867103574,0.013872529773589845,0.010300037792259775,
0.012903225806451613,0.011454904542462147,0.011810690933493375,0.011454904542462147,0.007980422795979391,
0.011228533685601057,0.011492734478203434,0.014605566062105217,0.011492734478203434,0.00895935470680542,
0.008762612851832182,0.011152416356877323,0.014137192333599877,0.011152416356877323,0.008466819932508992,
0.014508045370614614,0.011342653653389607,0.0150227426548643,0.011342653653389607,0.008810355391870025,
0.010981741201376025,0.011510981741201376,0.007043238364293847,0.011510981741201376,0.007318201159943672,
0.013851891315929675,0.009589770911028236,0.01101753040004803,0.009589770911028236,0.007378899216120395,
0.012708498808578236,0.013767540375959756,0.01850798934036425,0.013767540375959756,0.010300664775691316,
0.013185935002663825,0.011854022376132126,0.01702915164381838,0.011854022376132126,0.009124835799713984,
0.01270009260484191,0.012964677867442783,0.014943134689541109,0.012964677867442783,0.009110958137211704,
0.011780104712041885,0.00981675392670157,0.010715788687572716,0.00981675392670157,0.007181211022532509,
0.011306198457036445,0.010641127959563713,0.014077008539363459,0.010641127959563713,0.008121187831401346,
0.012076660540824364,0.011157784195326858,0.009392484238669563,0.011157784195326858,0.007656551753836911,
0.012834083090764753,0.01296639322572109,0.00956034120662404,0.01296639322572109,0.008417357805954836,
0.010792313766780732,0.013819426164780206,0.010823118971071001,0.013819426164780206,0.00999071327135035,
0.00949241924851681,0.01054713249835201,0.016210287277991054,0.01054713249835201,0.00796641463834927,
0.010500065625410159,0.013125082031762698,0.008705403845533468,0.013125082031762698,0.00876734034984095,
0.010835095137420718,0.011495771670190275,0.01810053328858283,0.011495771670190275,0.00880904052286108,
0.01369141653501843,0.010400210637177462,0.006960526049735008,0.010400210637177462,0.007050432710576542,
0.013107374553157686,0.010591817820733483,0.013515326668883127,0.010591817820733483,0.007980695802630836,
0.014506132137676382,0.011077409996043782,0.008606276297619547,0.011077409996043782,0.007427663215530526,
0.013656854945637762,0.012065765049058605,0.016072313654631867,0.012065765049058605,0.009040450854941276,
0.010139583882012115,0.013299973663418488,0.01343029762606866,0.013299973663418488,0.009490438649173661,
0.013000795967100026,0.01379676306712656,0.011735392898753244,0.01379676306712656,0.009676942858320213,
