Majority Class Accuracy,Accuracy,Precision,Recall,F Score,Support
0.37822463288794816,0.37822463288794816,0.14305387292322316,0.37822463288794816,0.20759151956741095,
0.37913318403372415,0.37913318403372415,0.14374197123554974,0.37913318403372415,0.2084526322760642,
0.37486673773987206,0.37486673773987206,0.14052507106373402,0.37486673773987206,0.20441991533629159,
0.3879687292964092,0.3879687292964092,0.15051973491187043,0.3879687292964092,0.21689211253076582,
0.37020493956910144,0.37020493956910144,0.13705169728136204,0.37020493956910144,0.2000455454852786,
0.38083311363037176,0.38083311363037176,0.14503386043740366,0.38083311363037176,0.21006718191468143,
0.37877788042760985,0.37877788042760985,0.1434726827012327,0.37877788042760985,0.20811573022441668,
0.37303370786516854,0.37303370786516854,0.1391541472036359,0.37303370786516854,0.2026958936354107,
0.4006680026720107,0.4006680026720107,0.16053484836517837,0.4006680026720107,0.22922612361948874,
0.3791650204135388,0.3791650204135388,0.1437661127051993,0.3791650204135388,0.2084828292151601,
0.37450618909665523,0.37450618909665523,0.1402548856716997,0.37450618909665523,0.20408039888692994,
0.3734812466983624,0.3734812466983624,0.13948824163536303,0.3734812466983624,0.20311633955057093,
0.3779992133210961,0.3779992133210961,0.1428834052713675,0.3779992133210961,0.20737806508177356,
0.38167130181432923,0.38167130181432923,0.1456729826286448,0.38167130181432923,0.210864888685689,
0.3839779005524862,0.3839779005524862,0.147439028112695,0.3839779005524862,0.21306558154409413,
0.3764198981590286,0.3764198981590286,0.14169193973005345,0.3764198981590286,0.2058847593231796,
0.37093563370935634,0.37093563370935634,0.13759324435536177,0.37093563370935634,0.20072896344969043,
0.3694587799391293,0.3694587799391293,0.13649979007410995,0.3694587799391293,0.199348519391255,
0.3774283071230342,0.3774283071230342,0.14245212701775942,0.3774283071230342,0.2068378096792451,
0.3700237279198524,0.3700237279198524,0.13691755922370494,0.3700237279198524,0.19987618671625626,
0.38604589817989976,0.38604589817989976,0.14903143550152553,0.38604589817989976,0.215045455128474,
0.3884341167150779,0.3884341167150779,0.15088106302822277,0.3884341167150779,0.2173398956591402,
0.38874850379039766,0.38874850379039766,0.15112539919927284,0.38874850379039766,0.21764257356432337,
0.3728611221647433,0.3728611221647433,0.13902541642195163,0.3728611221647433,0.20253383853238524,
0.3753801401560227,0.3753801401560227,0.14091024962355528,0.3753801401560227,0.20490371426705414,
0.3716323296354992,0.3716323296354992,0.13811058843030835,0.3716323296354992,0.20138135482270264,
0.3642471347648531,0.3642471347648531,0.13267597518440505,0.3642471347648531,0.1945043120171531,
0.37631543892367125,0.37631543892367125,0.14161330957231533,0.37631543892367125,0.20578612368551516,
0.3818012504988692,0.3818012504988692,0.1457721948825003,0.3818012504988692,0.2109886567693761,
0.3880026367831246,0.3880026367831246,0.1505460461506573,0.3880026367831246,0.2169247264537872,
