Majority Class Accuracy,Accuracy,Precision,Recall,F Score,Support
0.8014099494546422,0.8014099494546422,0.6422579070848922,0.8014099494546422,0.7130613520585127,
0.789550651422494,0.789550651422494,0.6233902311616846,0.789550651422494,0.6967002925188607,
0.7928334439283344,0.7928334439283344,0.6285848698112635,0.7928334439283344,0.7012194824232542,
0.789432072736856,0.789432072736856,0.6232029974656087,0.789432072736856,0.6965371940745956,
0.7966974900924703,0.7966974900924703,0.6347268907196417,0.7966974900924703,0.7065484247846023,
0.7847378898473789,0.7847378898473789,0.6158135557621169,0.7847378898473789,0.6900885102123069,
0.7911299960164653,0.7911299960164653,0.6258866705970123,0.7911299960164653,0.6988735289889687,
0.7900105988341283,0.7900105988341283,0.6241167462702579,0.7900105988341283,0.6973330176667762,
0.7925098554533508,0.7925098554533508,0.6280718709906911,0.7925098554533508,0.7007736878878614,
0.7984547755428267,0.7984547755428267,0.6375300285871458,0.7984547755428267,0.7089753239913641,
0.7842676074741931,0.7842676074741931,0.615075680133295,0.7842676074741931,0.6894433072222785,
0.7931306750888275,0.7931306750888275,0.6290562677668593,0.7931306750888275,0.7016290296140266,
0.7975967957276369,0.7975967957276369,0.6361606485549937,0.7975967957276369,0.7077901452282981,
0.7958615200955034,0.7958615200955034,0.6333955591687254,0.7958615200955034,0.7053946555244879,
0.7874900819888918,0.7874900819888918,0.6201406292308715,0.7874900819888918,0.6938674910473998,
0.7938212675682843,0.7938212675682843,0.6301522048437176,0.7938212675682843,0.7025808158668516,
0.7896405919661733,0.7896405919661733,0.6235322644806887,0.7896405919661733,0.6968240073227778,
0.7828903874124025,0.7828903874124025,0.6129173587027417,0.7828903874124025,0.6875547291410317,
0.7965339330599286,0.7965339330599286,0.6344663065159187,0.7965339330599286,0.7063226525705197,
0.7935646186440678,0.7935646186440678,0.6297448039637048,0.7935646186440678,0.7022270593627018,
0.7907843920628579,0.7907843920628579,0.6253399547302237,0.7907843920628579,0.6983978166236707,
0.8002395528347085,0.8002395528347085,0.6403833419210941,0.8002395528347085,0.7114423643372666,
0.7879349120254002,0.7879349120254002,0.6208414255884751,0.7879349120254002,0.6944787770659686,
0.7922730881185499,0.7922730881185499,0.6276966461569035,0.7922730881185499,0.7004475493361696,
0.7783218634197988,0.7783218634197988,0.605784923077268,0.7783218634197988,0.6812995279856868,
0.7932395107194529,0.7932395107194529,0.6292289213664369,0.7932395107194529,0.7017790067696964,
0.7843501326259947,0.7843501326259947,0.6152051305504155,0.7843501326259947,0.6895565161810812,
0.7997364953886693,0.7997364953886693,0.6395784620565511,0.7997364953886693,0.7107467828710429,
0.7948752168690778,0.7948752168690778,0.6318266103926635,0.7948752168690778,0.7040340235961375,
0.7985202800898401,0.7985202800898401,0.6376346377147567,0.7985202800898401,0.709065830142216,
