Majority Class Accuracy,Accuracy,Precision,Recall,F Score,Support
0.6507057116475399,0.6507057116475399,0.42341792317073135,0.6507057116475399,0.5130144279298888,
0.6462108186747785,0.6462108186747785,0.4175884221723274,0.6462108186747785,0.5073328609375701,
0.6470665614312023,0.6470665614312023,0.4186951349223999,0.6470665614312023,0.5084131324463037,
0.6587603197483947,0.6587603197483947,0.43396515887500725,0.6587603197483947,0.5232403424514426,
0.6502397442727758,0.6502397442727758,0.42281172503192477,0.6502397442727758,0.5124246055754142,
0.6540640231853511,0.6540640231853511,0.4277997464254074,0.6540640231853511,0.5172710855551558,
0.6442105263157895,0.6442105263157895,0.41500720221606646,0.6442105263157895,0.5048102971898375,
0.6501710976572782,0.6501710976572782,0.42272245622887,0.6501710976572782,0.5123377288924795,
0.6453260015710919,0.6453260015710919,0.4164456483037329,0.6453260015710919,0.5062165770261656,
0.6541957581346332,0.6541957581346332,0.42797208996134745,0.6541957581346332,0.5174382631037012,
0.6462911173258756,0.6462911173258756,0.41769220833432874,0.6462911173258756,0.5074342003530941,
0.6440142236270249,0.6440142236270249,0.4147543202339196,0.6440142236270249,0.5045629341562368,
0.6496418148049881,0.6496418148049881,0.42203448754311845,0.6496418148049881,0.5116680284841217,
0.6576079821452016,0.6576079821452016,0.4324482581810837,0.6576079821452016,0.5217738606946483,
0.6511443312607488,0.6511443312607488,0.42398894013300775,0.6511443312607488,0.5135698098654603,
0.650131926121372,0.650131926121372,0.42267152136228514,0.650131926121372,0.5122881566878992,
0.6402179691653376,0.6402179691653376,0.4098790480421891,0.6402179691653376,0.49978607203134773,
0.6498267128765662,0.6498267128765662,0.4222747567679633,0.6498267128765662,0.5119019512439623,
0.6381405176967776,0.6381405176967776,0.4072233203263113,0.6381405176967776,0.49717752039839236,
0.6499202551834131,0.6499202551834131,0.4223963380976728,0.6499202551834131,0.5120203073702094,
0.6510368511425175,0.6510368511425175,0.4238489815455645,0.6510368511425175,0.513433702285035,
0.6436888065625826,0.6436888065625826,0.41433527969396194,0.6436888065625826,0.5041529491953577,
0.6377651864540783,0.6377651864540783,0.4067444330528053,0.6377651864540783,0.49670665418581367,
0.6398243045387995,0.6398243045387995,0.4093751406785584,0.6398243045387995,0.499291466220456,
0.6558842866535174,0.6558842866535174,0.4301841974789934,0.6558842866535174,0.519582438152584,
0.6485949098621421,0.6485949098621421,0.4206753570990802,0.6485949098621421,0.5103441173844916,
0.6484157497017102,0.6484157497017102,0.4204429844612309,0.6484157497017102,0.510117650280049,
0.6441653584510727,0.6441653584510727,0.414949009028399,0.6441653584510727,0.5047533776277979,
0.653953488372093,0.653953488372093,0.42765516495402917,0.653953488372093,0.5171308237633087,
0.6471288700714475,0.6471288700714475,0.41877577447994835,0.6471288700714475,0.5084918151690014,
