Majority Class Accuracy,Accuracy,Precision,Recall,F Score,Support
0.48151072509540727,0.48151072509540727,0.23185257838190487,0.48151072509540727,0.3129948024736357,
0.485303986042142,0.485303986042142,0.23551995886839155,0.485303986042142,0.31713367914130036,
0.47720042417815484,0.47720042417815484,0.2277202448358109,0.47720042417815484,0.30831326759536204,
0.4822676334871457,0.4822676334871457,0.2325820703092919,0.4822676334871457,0.3138192659069606,
0.4786415494826214,0.4786415494826214,0.2290977328911247,0.4786415494826214,0.30987595738978974,
0.4699001051524711,0.4699001051524711,0.2208061088223034,0.4699001051524711,0.3004368909809683,
0.46593173064151944,0.46593173064151944,0.21709237761860142,0.46593173064151944,0.2961834757797318,
0.4785535172231754,0.4785535172231754,0.22901346884667204,0.4785535172231754,0.30978042550231794,
0.46996699669966996,0.46996699669966996,0.22086897798690758,0.46996699669966996,0.30050875765618773,
0.4762282091917591,0.4762282091917591,0.2267933072299899,0.4762282091917591,0.3072604978252788,
0.48220193198359135,0.48220193198359135,0.23251870320870807,0.48220193198359135,0.31374767255570163,
0.46853607161664035,0.46853607161664035,0.21952605040595352,0.46853607161664035,0.2989726362857235,
0.47326732673267324,0.47326732673267324,0.2239819625526909,0.47326732673267324,0.30406153518577667,
0.48013725748977165,0.48013725748977165,0.23053178602979932,0.48013725748977165,0.3115005515377244,
0.4760206103844629,0.4760206103844629,0.22659562151079665,0.4760206103844629,0.3070358501996455,
0.4820769636267791,0.4820769636267791,0.2323981988596149,0.4820769636267791,0.3136115121726406,
0.4717625426845285,0.4717625426845285,0.22255989668017157,0.4717625426845285,0.30243995240457366,
0.485949098621421,0.485949098621421,0.23614652645097153,0.485949098621421,0.3178393212392738,
0.4855476001060727,0.4855476001060727,0.23575647196876665,0.4855476001060727,0.31740009132246305,
0.4742593811718236,0.4742593811718236,0.22492196062948105,0.4742593811718236,0.3051321409271963,
0.48351063829787233,0.48351063829787233,0.23378253734721594,0.48351063829787233,0.31517473661725776,
0.4767395626242545,0.4767395626242545,0.22728061057116544,0.4767395626242545,0.3078140740907276,
0.48214521017261824,0.48214521017261824,0.23246400369239825,0.48214521017261824,0.31368586842489515,
0.47896950578338593,0.47896950578338593,0.22941178747038096,0.47896950578338593,0.3102319372688693,
0.483245382585752,0.483245382585752,0.23352609979044983,0.483245382585752,0.31488532178450757,
0.46727853152434157,0.46727853152434157,0.2183492260235451,0.46727853152434157,0.29762478129725534,
0.4780132450331126,0.4780132450331126,0.22849666242708655,0.4780132450331126,0.30919433664746004,
0.4727491317125301,0.4727491317125301,0.2234917415349511,0.4727491317125301,0.30350279857245244,
0.4860520722635494,0.4860520722635494,0.23624661695169066,0.4860520722635494,0.3179520036492942,
0.4732935719019218,0.4732935719019218,0.2240068052036796,0.4732935719019218,0.30408984261636607,
