Majority Class Accuracy,Accuracy,Precision,Recall,F Score,Support
0.015812359994729214,0.013967584662010805,0.011030680552351962,0.013967584662010805,0.009417332647265955,
0.013010908135103168,0.014719411223551058,0.01729291755511647,0.014719411223551058,0.011053740176567888,
0.015419380566263458,0.014754752093579689,0.011844034151476335,0.014754752093579689,0.010087159499498061,
0.013888888888888888,0.014417989417989418,0.010655359664994844,0.014417989417989418,0.009927728497915808,
0.015618742490989187,0.014150313709785076,0.01300009368224485,0.014150313709785076,0.010351874664498367,
0.016713091922005572,0.012468497148162887,0.018327248626068278,0.012468497148162887,0.009740453060500297,
0.013981358189081226,0.01584553928095872,0.015547621804058298,0.01584553928095872,0.01103570256213345,
0.015797159166334795,0.013805920615956459,0.018556273076421843,0.013805920615956459,0.011040073858781307,
0.016360997493072963,0.015173505739543475,0.01934305538890602,0.015173505739543475,0.01155915374443465,
0.01572617946345976,0.013611735165851725,0.01248396595988317,0.013611735165851725,0.00947463313998984,
0.014760147601476014,0.014760147601476014,0.013393999901917636,0.014760147601476014,0.010299593514884619,
0.013133701076963489,0.015103756238508011,0.013220639767973798,0.015103756238508011,0.010648816550514901,
0.015103756238508011,0.014447071184659837,0.013408228790388431,0.014447071184659837,0.010095064693961207,
0.016193257233873107,0.013140430050438015,0.015078900191134116,0.013140430050438015,0.009564547474958501,
0.01655281135049921,0.016421439831844457,0.01849599122874595,0.016421439831844457,0.012462394470282728,
0.015885623510722795,0.013899920571882446,0.012180951166727476,0.013899920571882446,0.009934852520121391,
0.016476215785277703,0.012622907254849854,0.012178677332608533,0.012622907254849854,0.009236950062679727,
0.015129588212077359,0.013419286935929482,0.011806135654401289,0.013419286935929482,0.009291306179863339,
0.017027455121436115,0.013463569165786695,0.013597989827140321,0.013463569165786695,0.010070873404973145,
0.01582446808510638,0.01449468085106383,0.018307479051181522,0.01449468085106383,0.011125722971354775,
0.01382852627419992,0.01382852627419992,0.012664350106914538,0.01382852627419992,0.009722992987629396,
0.016655651024454727,0.012425644415069399,0.015072994530963103,0.012425644415069399,0.00991468623600902,
0.013731185635067335,0.014523369421705836,0.021499063986859093,0.014523369421705836,0.011745871192353256,
0.014187218244497481,0.011402810925483956,0.008653135756169402,0.011402810925483956,0.008242270254218968,
0.014255543822597676,0.014915522703273495,0.017274352190099807,0.014915522703273495,0.011516246982989874,
0.015990485000660765,0.01453680454605524,0.016859575758097257,0.01453680454605524,0.010873888661406934,
0.016443442514255405,0.016443442514255405,0.01692408360427873,0.016443442514255405,0.011925355876772068,
0.015089344804765056,0.014824619457313037,0.01684802705766562,0.014824619457313037,0.0106332441026301,
0.018673023440603894,0.015362203681631572,0.013907396768386865,0.015362203681631572,0.010940638682979129,
0.01805482340537691,0.012387981022667369,0.009453348737652722,0.012387981022667369,0.008495996599291514,
