Majority Class Accuracy,Accuracy,Precision,Recall,F Score,Support
0.2754309777602316,0.26411369917094357,0.09463423620043317,0.26411369917094357,0.12924083083064242,
0.2728829184775451,0.2685368102199394,0.11260889342873862,0.2685368102199394,0.12789311612414006,
0.25691335264682646,0.2521727679747169,0.11451752955051706,0.2521727679747169,0.1157959385718401,
0.27055702917771884,0.26326259946949604,0.11743075751082706,0.26326259946949604,0.12997737933245013,
0.26960200978447707,0.266825333862224,0.1157327594602823,0.266825333862224,0.1312943187453207,
0.2777777777777778,0.27275132275132274,0.14372179268709093,0.27275132275132274,0.1322592190804914,
0.26584786053882725,0.26492340200739567,0.10964479577767246,0.26492340200739567,0.13448432225157753,
0.26154049063571616,0.2585069902400422,0.09500414154302278,0.2585069902400422,0.11955512803638853,
0.2719820177178368,0.2665608885362951,0.10370165525527156,0.2665608885362951,0.1310422256053406,
0.26585109181794264,0.2616416732438832,0.09568680552335261,0.2616416732438832,0.12423371498877486,
0.26955363091272483,0.2607594936708861,0.10851147859120268,0.2607594936708861,0.1259469411213174,
0.26403078147804165,0.25660076953695105,0.09691210302016509,0.25660076953695105,0.12166888546676612,
0.2602848101265823,0.2552742616033755,0.10365460382765655,0.2552742616033755,0.12099007811552139,
0.2696969696969697,0.263768115942029,0.09709803233739808,0.263768115942029,0.12420555474887135,
0.26992491107890926,0.269266236332499,0.11332839319780136,0.269266236332499,0.13360742997368655,
0.2604318452775202,0.25791495562326133,0.10816340627918054,0.25791495562326133,0.12256652347795254,
0.2710540254237288,0.2678760593220339,0.14544421140675062,0.2678760593220339,0.12505427762239849,
0.27159677205979627,0.2659081889138775,0.1018785974186438,0.2659081889138775,0.12688699843898973,
0.26365546218487396,0.2612920168067227,0.1070473711039136,0.2612920168067227,0.12401922006548557,
0.2719725919093425,0.2682830412439057,0.10668155854596326,0.2682830412439057,0.13007476556820227,
0.27364953886693016,0.27009222661396576,0.10669004015754159,0.27009222661396576,0.13187321493630386,
0.2710550518985679,0.2644856129286559,0.10380175254658884,0.2644856129286559,0.13085762944659787,
0.2734570338202395,0.26977233846558757,0.10915175456548755,0.26977233846558757,0.1267178049297483,
0.27338987543069176,0.2678240127219719,0.10730506308660948,0.2678240127219719,0.13065434635608938,
0.26883856442855253,0.2622169249106079,0.10281493560065823,0.2622169249106079,0.1248339878922567,
0.2638393446954684,0.26066851631655436,0.11082897989768609,0.26066851631655436,0.1240251606045262,
0.26512738853503187,0.2638004246284501,0.11336670900519434,0.2638004246284501,0.12435544236585422,
0.2670506610812934,0.2652179604660296,0.10836020438982455,0.2652179604660296,0.12454651497076902,
0.2586456278763971,0.25378040762656146,0.0996887690050362,0.25378040762656146,0.11952788848616663,
0.2636231692835466,0.26151207283282757,0.11061039541050097,0.26151207283282757,0.12554206806220003,
