Majority Class Accuracy,Accuracy,Precision,Recall,F Score,Support
0.019347196630692287,0.025269807844169517,0.025026725162932084,0.025269807844169517,0.019740979998152754,
0.018664563617245004,0.023527865404837013,0.023780300561012446,0.023527865404837013,0.021056080591083243,
0.01817940552016985,0.021894904458598725,0.019637774730163596,0.021894904458598725,0.017661945306300306,
0.01726886291179596,0.02138682252922423,0.02549147415974974,0.02138682252922423,0.017482553118522037,
0.01870026525198939,0.01830238726790451,0.015302957405187716,0.01830238726790451,0.015022530335071897,
0.02075895808541584,0.022345630040989026,0.01916089081398843,0.022345630040989026,0.016362109397479906,
0.017587939698492462,0.024332187252049723,0.024689508983466873,0.024332187252049723,0.020049177879231456,
0.01933447323424964,0.021044324608707088,0.016445566316202226,0.021044324608707088,0.016825704764610185,
0.015307468989179203,0.021773555027711798,0.023105931081871648,0.021773555027711798,0.016743740167518475,
0.015753243314800106,0.021842732327243843,0.01864800936349609,0.021842732327243843,0.0176558080731469,
0.02003183868400106,0.021756434067391882,0.022316627628681328,0.021756434067391882,0.017516161894944343,
0.01894792632834239,0.02186299191731814,0.02200010703164141,0.02186299191731814,0.018510247332620758,
0.01768976897689769,0.021122112211221122,0.01802949855821651,0.021122112211221122,0.016419120031973124,
0.020300553651463223,0.021486949644081203,0.02165663045483915,0.021486949644081203,0.017551241203846178,
0.018031060805475126,0.021453013951039747,0.020379831084409803,0.021453013951039747,0.018418896319502394,
0.018093614789563395,0.024911498623311917,0.03083584037183572,0.024911498623311917,0.02179879171703844,
0.018218085106382977,0.02646276595744681,0.03276506980356161,0.02646276595744681,0.02173221736571963,
0.018720127456186935,0.021640998406797663,0.018227740217183413,0.021640998406797663,0.017383728308726348,
0.018701435532727514,0.025286448044251283,0.024001768684517744,0.025286448044251283,0.019493135760850332,
0.016750197836982325,0.024795568451595886,0.02387486184843902,0.024795568451595886,0.021443309333971598,
0.022324966974900926,0.020871862615587846,0.02242623932493194,0.020871862615587846,0.01773982608121628,
0.019563780568407137,0.02339722405816259,0.02146168603807014,0.02339722405816259,0.019528246332613058,
0.019749835418038184,0.026069782751810402,0.02118274860384259,0.026069782751810402,0.019759533970523522,
0.020185922974767595,0.022177954847277557,0.020876903076443677,0.022177954847277557,0.017825884983184107,
0.017319477751132427,0.02291500133226752,0.019890912119751254,0.02291500133226752,0.017267881843127744,
0.01761356111773275,0.022116275989935107,0.028958685534236583,0.022116275989935107,0.018748050163565972,
0.018056293149229952,0.02137546468401487,0.023658755401101447,0.02137546468401487,0.017292769241703258,
0.018735051820356098,0.020063778899813978,0.020042731928869535,0.020063778899813978,0.014902523000642369,
0.02029520295202952,0.020822351080653664,0.018225519500809053,0.020822351080653664,0.01703616062845078,
0.021214531954388757,0.024927075046406788,0.03885520241270109,0.024927075046406788,0.01916960028837375,
