Majority Class Accuracy,Accuracy,Precision,Recall,F Score,Support
0.017941952506596307,0.025065963060686015,0.02522601920575474,0.025065963060686015,0.024195978548543978,
0.02092992449331037,0.026096171678367995,0.025622758848248207,0.026096171678367995,0.02494964874275178,
0.02018324259726464,0.023237285885008632,0.02389631764412888,0.023237285885008632,0.022349587551453522,
0.021590310689836755,0.020405476566614008,0.02010270819053789,0.020405476566614008,0.019473020970156,
0.019923472753661433,0.02295817390157013,0.022094056105966813,0.02295817390157013,0.02157063017967683,
0.021744895253248474,0.024661893396976928,0.023873174720177567,0.024661893396976928,0.023069698220808923,
0.022889653347446415,0.024477374966922465,0.023227105745325976,0.024477374966922465,0.02280608992190221,
0.022011739594450373,0.02467982924226254,0.02368875890811928,0.02467982924226254,0.0231285865989876,
0.018040558335528048,0.023966289175664998,0.023695327198594743,0.023966289175664998,0.022986691004652494,
0.018489170628631802,0.02324352879027998,0.022438189837392427,0.02324352879027998,0.02170796206182553,
0.022116275989935107,0.02688385644285525,0.02828756876096013,0.02688385644285525,0.026313391903839724,
0.021687384289870406,0.027770431102882836,0.02722793136545148,0.027770431102882836,0.02627148441361044,
0.01943416181914331,0.026837652035959808,0.027764867916810355,0.026837652035959808,0.025770167133147684,
0.02328042328042328,0.023809523809523808,0.023760022888256963,0.023809523809523808,0.022746481871298053,
0.019561194818926778,0.024319323288395454,0.02414551961989339,0.024319323288395454,0.02328684696855192,
0.021448431086985305,0.024096385542168676,0.022481471134051835,0.024096385542168676,0.022444118791184353,
0.021556256572029444,0.022476340694006308,0.022100259970181828,0.022476340694006308,0.021342086089248324,
0.020630749014454663,0.02509855453350854,0.02538101457756522,0.02509855453350854,0.02397452231221026,
0.017111022682053324,0.02520228146969094,0.024204489708559887,0.02520228146969094,0.02403097718160624,
0.023989396951623592,0.025049701789264415,0.025109104177576193,0.025049701789264415,0.023541309748236098,
0.021130480718436345,0.022583201267828843,0.02161672098091718,0.022583201267828843,0.021175400479236457,
0.01971349717439874,0.024444736496254435,0.023478884445307425,0.024444736496254435,0.022998764306313323,
0.02303901984285524,0.022106805167132773,0.022045949466611297,0.022106805167132773,0.021059629234516316,
0.016980386994866394,0.025536395945768068,0.02535288841656916,0.025536395945768068,0.024561202037416498,
0.022477852703953458,0.021155626074309136,0.019694123520306688,0.021155626074309136,0.01937314886762006,
0.019610441234927785,0.02106797402941566,0.021781309999260763,0.02106797402941566,0.020662447795238847,
0.02073365231259968,0.023790536948431685,0.022534058835988302,0.023790536948431685,0.02238856795653001,
0.018057203110583894,0.02095689996045868,0.020378687936847103,0.02095689996045868,0.019654110718503558,
0.022524882137244632,0.021346254583551598,0.02173817674073191,0.021346254583551598,0.020548698753306345,
0.021175224986765485,0.02501323451561673,0.024926899167826425,0.02501323451561673,0.024050698079646066,
