Majority Class Accuracy,Accuracy,Precision,Recall,F Score,Support
0.04860379346680717,0.059931506849315065,0.0602883548393364,0.059931506849315065,0.05615470899105223,
0.04768159726783134,0.06199921187442532,0.058619639149072846,0.06199921187442532,0.050339103881562125,
0.047782925215089346,0.06631369953673064,0.05704789211287963,0.06631369953673064,0.051167630850514,
0.049449108079748165,0.06217208814270724,0.055570210169482964,0.06217208814270724,0.051629967541372335,
0.04843418259023355,0.06382696390658174,0.06251130356573932,0.06382696390658174,0.05589747787454979,
0.04514255543822598,0.06375395987328406,0.06187962167790788,0.06375395987328406,0.05567154429522263,
0.05356672808633851,0.060279020794946035,0.05356587082442103,0.060279020794946035,0.0509058200390298,
0.048618490967056324,0.05977683315621679,0.054037653663994205,0.05977683315621679,0.04824205974900262,
0.04718597601159879,0.06221167787004086,0.05741783768498686,0.06221167787004086,0.05298478397157246,
0.05164443270373795,0.06300356623959846,0.06303225640559884,0.06300356623959846,0.054904591486670214,
0.04758783429470372,0.0646303093864709,0.06207916237704595,0.0646303093864709,0.053388375520460225,
0.04930887825624668,0.06366294524189262,0.05791973796433967,0.06366294524189262,0.05424509470302148,
0.05021197668256492,0.06372549019607843,0.060332855120212046,0.06372549019607843,0.054145554215265776,
0.051131824234354195,0.05938748335552597,0.058194794283790895,0.05938748335552597,0.05317749543910642,
0.05461293743372216,0.06296394485683987,0.05525472368130919,0.06296394485683987,0.04821021262683205,
0.04972815276488529,0.057286831985147856,0.05373280937123693,0.057286831985147856,0.05245042697259852,
0.050165016501650166,0.06693069306930693,0.059310358189324966,0.06693069306930693,0.05436728676007078,
0.04463690872751499,0.06342438374417056,0.05856524682734493,0.06342438374417056,0.053871220901813954,
0.047763958719237894,0.06086266207991532,0.06208695789696943,0.06086266207991532,0.05091715873294211,
0.049569251159708415,0.05990722332670643,0.05353814366593641,0.05990722332670643,0.05330369265832137,
0.04559351322610661,0.06500066462847269,0.06303156173200318,0.06500066462847269,0.057146454163042364,
0.048095928317301355,0.06509421531163526,0.05812035391831982,0.06509421531163526,0.05606161534664086,
0.051662471850576236,0.06265730560339118,0.058782143404797885,0.06265730560339118,0.05278615085661673,
0.0487643716135853,0.06105457909343201,0.05917429219314907,0.06105457909343201,0.054252671322918826,
0.05184696569920844,0.06530343007915568,0.06315572316270683,0.06530343007915568,0.05897831305202708,
0.04711766254277441,0.05751513556199,0.05146859399424463,0.05751513556199,0.04718792530288483,
0.050415731819981525,0.0611059786195064,0.06142779357379668,0.0611059786195064,0.05241275597734181,
0.04910479199578725,0.06424433912585571,0.06810056708532893,0.06424433912585571,0.05986816004807034,
0.05301108292161837,0.062224596074242224,0.06020775985798659,0.062224596074242224,0.0532024020633986,
0.04861019628507443,0.06310104070609933,0.056777538553035675,0.06310104070609933,0.05314501803131108,
