Majority Class Accuracy,Accuracy,Precision,Recall,F Score,Support
0.19122505616492666,0.19043213955332364,0.04263559911931967,0.19043213955332364,0.0621852452303153,
0.19062706270627064,0.19036303630363036,0.042351721049416015,0.19036303630363036,0.06166922293634104,
0.18479841374752148,0.18321216126900197,0.04280722651834026,0.18321216126900197,0.05949676776316488,
0.19306603149397908,0.19306603149397908,0.048004671893652415,0.19306603149397908,0.06278702625591959,
0.19444811632518175,0.19444811632518175,0.037810069942411415,0.19444811632518175,0.0633096899323467,
0.1842761517259483,0.18322614516340727,0.03857147694981372,0.18322614516340727,0.05778507069309114,
0.18889776357827476,0.18863152289669863,0.03566055568750537,0.18863152289669863,0.05998165400345442,
0.18843853820598006,0.18857142857142858,0.056786111751139484,0.18857142857142858,0.06056956451531815,
0.19402395682506252,0.19402395682506252,0.037645295822053726,0.19402395682506252,0.06305618175727971,
0.18373812038014783,0.183870116156283,0.04341623627391861,0.183870116156283,0.057677685759125956,
0.19113391212838726,0.19126545645882662,0.04628373808177976,0.19126545645882662,0.06199347527205959,
0.19017038007863696,0.19003931847968544,0.0550557542487157,0.19003931847968544,0.06435144682856536,
0.19155973012303215,0.19155973012303215,0.06286023806954048,0.19155973012303215,0.0663902156732562,
0.19502238609428496,0.19489070318672636,0.05033129105259813,0.19489070318672636,0.06474356716184597,
0.19072097008040068,0.19072097008040068,0.03637448842840909,0.19072097008040068,0.06109657819489479,
0.19075451647183847,0.19062167906482466,0.0518309564066958,0.19062167906482466,0.06162008784367599,
0.19118035384209137,0.19078426194877213,0.045038831279127035,0.19078426194877213,0.06275661767013141,
0.1947067429179412,0.1941747572815534,0.04821129038463114,0.1941747572815534,0.06475431681766175,
0.18667730355005982,0.18667730355005982,0.03485304975854841,0.18667730355005982,0.058739339799256836,
0.1853261582884893,0.18466990418690116,0.04540803631711664,0.18466990418690116,0.05941923344428088,
0.18588297731192782,0.18641369245057715,0.07388510144213585,0.18641369245057715,0.05940516049858977,
0.1840180827017684,0.18415104374418295,0.06144598461191871,0.18415104374418295,0.05774281689742502,
0.1898633408517978,0.18959798328247313,0.04971188223933721,0.18959798328247313,0.06403954700721222,
0.18995373430270984,0.18995373430270984,0.03609196300317255,0.18995373430270984,0.06065855915399869,
0.18906666666666666,0.18906666666666666,0.04863648710526747,0.18906666666666666,0.06253134122491832,
0.19309076579535006,0.19361618284513332,0.05719966803400623,0.19361618284513332,0.06560372783267329,
0.18281000532197977,0.18267695582756785,0.04579965576281688,0.18267695582756785,0.05785511115043085,
0.1894009828662505,0.18913534333908885,0.055476649220069625,0.18913534333908885,0.06273816783110556,
0.1894150417827298,0.1886191802626343,0.050217150628738924,0.1886191802626343,0.06702145495390588,
0.18683792372881355,0.18670550847457626,0.051405726916479974,0.18670550847457626,0.06109753078054642,
