Majority Class Accuracy,Accuracy,Precision,Recall,F Score,Support
0.2572796170721978,0.2506315649514692,0.09449965423953882,0.2506315649514692,0.12078894361268895,
0.2570099667774086,0.2503654485049834,0.10215072927781402,0.2503654485049834,0.12263680247677496,
0.24593630236553457,0.23800713624950443,0.09036073009933875,0.23800713624950443,0.10797734804222894,
0.24408616360512753,0.23906435839830845,0.11426738262098038,0.23906435839830845,0.11313463781967195,
0.24840510366826157,0.24441786283891548,0.09649169202038918,0.24441786283891548,0.11665679846253585,
0.2549664517826602,0.24562557558216025,0.09816663052894845,0.24562557558216025,0.1174672287186453,
0.2588018917498686,0.25512348922753547,0.10812013629907762,0.25512348922753547,0.12617530973047741,
0.24864650732866764,0.24217615211937146,0.08909124560228777,0.24217615211937146,0.11143365537822017,
0.2539010843692145,0.2484792382967469,0.10749558115654578,0.2484792382967469,0.1189147370715817,
0.25592105263157894,0.24894736842105264,0.10496700473812128,0.24894736842105264,0.11900193902721275,
0.24977091242309202,0.24126194528079592,0.09577081128099192,0.24126194528079592,0.11404018423239246,
0.24538014783526926,0.23851636747624075,0.09672734926525596,0.23851636747624075,0.11514602262216969,
0.25827727212768764,0.2523413797652025,0.11804322015486005,0.2523413797652025,0.12074571443130705,
0.24811532866023012,0.2441475995238725,0.10541909615205429,0.2441475995238725,0.11681341891142812,
0.2534237468421752,0.24624385055178832,0.09616716129034683,0.24624385055178832,0.11678519110885748,
0.2492059290629963,0.24351508734780308,0.09853269611545146,0.24351508734780308,0.11676821667878366,
0.2521704814522494,0.24493554327808473,0.0949707101157223,0.24493554327808473,0.11720732106455571,
0.2527993676722434,0.2452904755631669,0.09154638011178651,0.2452904755631669,0.11252762155265238,
0.2441675503711559,0.2397932131495228,0.09445140955282413,0.2397932131495228,0.11125997318010246,
0.2565263718700053,0.2503995737879595,0.09819589831266404,0.2503995737879595,0.11961283683190452,
0.25019973368841547,0.2434087882822903,0.09216524217892028,0.2434087882822903,0.11518304995054396,
0.2458152102280216,0.23645709766706208,0.08260812011035923,0.23645709766706208,0.11036700136255832,
0.2518752467429925,0.2463482037110146,0.0943285581243082,0.2463482037110146,0.1133785133938112,
0.2565493516803387,0.24993384493252183,0.10607523100867981,0.24993384493252183,0.1164363611424187,
0.2537983881622407,0.24930638129211258,0.11362489071733728,0.24930638129211258,0.12109382822481253,
0.2572143892475952,0.25075767558308076,0.0935093219482589,0.25075767558308076,0.11495690067584487,
0.2604166666666667,0.25435126582278483,0.1009374284229635,0.25435126582278483,0.12480003361553088,
0.24619255727718184,0.241027678453185,0.10097818170248336,0.241027678453185,0.11422453171141969,
0.24963600264725347,0.24460622104566512,0.09402977816425723,0.24460622104566512,0.11825911814682824,
0.256651224354732,0.24923891462607545,0.10063219937782734,0.24923891462607545,0.12321971663094056,
