Majority Class Accuracy,Accuracy,Precision,Recall,F Score,Support
0.017753813782219883,0.022093634928984744,0.017803391114690696,0.022093634928984744,0.016042810619030207,
0.021034528376769415,0.021431406270670722,0.022980149816941624,0.021431406270670722,0.01650808404014523,
0.01694017998941239,0.021175224986765485,0.019949649641274454,0.021175224986765485,0.015559236692120091,
0.01777659856725922,0.021889095250729636,0.02577231459529226,0.021889095250729636,0.016772982597873957,
0.02053982883475971,0.021988150098749177,0.024640690205185074,0.021988150098749177,0.016801894576148935,
0.020151133501259445,0.022007158955322816,0.023607218943568414,0.022007158955322816,0.0177663627102317,
0.020283706747978258,0.021874585708604004,0.0207770431102044,0.021874585708604004,0.016482204533416908,
0.02284064058808086,0.02060908374901549,0.024619891484828026,0.02060908374901549,0.01702610344946218,
0.018564845292955892,0.020276497695852536,0.01797194814288826,0.020276497695852536,0.014297923059815526,
0.020362290096522545,0.022345630040989026,0.024845790080835373,0.022345630040989026,0.01731723334927002,
0.022418567849136227,0.024396676777001188,0.025772687736093584,0.024396676777001188,0.01890013845399635,
0.019238319591676482,0.01936919251406884,0.01975969320163697,0.01936919251406884,0.015570777537134624,
0.022014236751911415,0.025573424729765357,0.023050051713897804,0.025573424729765357,0.0189809840291425,
0.022694094226940943,0.024021234240212342,0.024318623268265584,0.024021234240212342,0.01838309634004172,
0.01792489860002617,0.02302760696061756,0.024251265372405687,0.02302760696061756,0.018349610736609064,
0.01901743264659271,0.02311146328578975,0.02241826647554904,0.02311146328578975,0.01770824953915706,
0.019018887722980063,0.02164218258132214,0.022071117150319387,0.02164218258132214,0.01604555980062025,
0.021756434067391882,0.02149111170071637,0.024555990232680902,0.02149111170071637,0.017341461132727425,
0.018447753327184083,0.02068783765977072,0.02091121180589409,0.02068783765977072,0.015825026064711957,
0.021013432637318794,0.024205346455645697,0.02320631533150265,0.024205346455645697,0.01852468164925748,
0.024980278727320535,0.0231396266105706,0.021588248546644727,0.0231396266105706,0.017641168478638485,
0.019240906694781235,0.018186610437532946,0.015921854901168424,0.018186610437532946,0.0130838768785094,
0.020750726936293946,0.019561194818926778,0.018398407857059138,0.019561194818926778,0.014789090801013087,
0.019837571561709493,0.02076953801091732,0.018261846328077858,0.02076953801091732,0.015270570761968657,
0.020031628887717447,0.0209541381128097,0.024073366384952694,0.0209541381128097,0.016386182254833022,
0.019535374868004225,0.02336325237592397,0.02476417716143385,0.02336325237592397,0.01835575979974452,
0.020984558532400686,0.021644450310149135,0.019125890955206486,0.021644450310149135,0.015806290449992263,
0.017209425469949694,0.019327508604712735,0.018458071945141975,0.019327508604712735,0.013983867083103797,
0.023028057173107463,0.021572260455267337,0.021561780242716384,0.021572260455267337,0.01705684574778592,
0.022775144813059506,0.022906793048973143,0.021452726791519376,0.022906793048973143,0.01687500423650347,
