Majority Class Accuracy,Accuracy,Precision,Recall,F Score,Support
0.3474688576729393,0.2816061489530877,0.17148580566413363,0.2816061489530877,0.20342925640923448,
0.3411047820903431,0.28096436614121073,0.16590106563198034,0.28096436614121073,0.20065100624011423,
0.3469495322176835,0.28146000790618,0.17283591697098258,0.28146000790618,0.20492195700287383,
0.34090610636900853,0.28378200919238344,0.17124768983765576,0.28378200919238344,0.20293743835789696,
0.35113997879109227,0.28751325556733826,0.17295128643684424,0.28751325556733826,0.2069318388288979,
0.34175549414396633,0.27753651796288986,0.16500539714109996,0.27753651796288986,0.19757111241577374,
0.3435064077156824,0.2847139648566521,0.16689844696106443,0.2847139648566521,0.2038396790175351,
0.3439608413811351,0.28879481412885305,0.17703262775985507,0.28879481412885305,0.20870360036197327,
0.3350972350840058,0.2824447678264321,0.1687353923358368,0.2824447678264321,0.19913751773598157,
0.34228987425546,0.2909331568497684,0.1705272431671683,0.2909331568497684,0.2065308175888486,
0.33763126412335503,0.28273295227967565,0.16793983511747906,0.28273295227967565,0.19964058718725225,
0.3433267587113741,0.2853385930309007,0.17859038680511793,0.2853385930309007,0.20802582235696085,
0.35008596746462106,0.28739584711017063,0.1745067125224579,0.28739584711017063,0.20843391303003303,
0.3447312400212879,0.2734167110164981,0.16401931501620626,0.2734167110164981,0.1989949237761792,
0.34424484364604124,0.2821024617431803,0.174554926459081,0.2821024617431803,0.20481470192940746,
0.3404854499128336,0.2884538017969693,0.17474804112461995,0.2884538017969693,0.20729701756495186,
0.34553325462416373,0.2849271940181031,0.17046831132195842,0.2849271940181031,0.20372213439851372,
0.3458736256457809,0.2863955490793483,0.17938725634568353,0.2863955490793483,0.2099857216758271,
0.3471008737092931,0.28951548848292297,0.17517064010171568,0.28951548848292297,0.20757735849528952,
0.34710307509568433,0.2903523822093177,0.1830029952131264,0.2903523822093177,0.21040496915756676,
0.3423710792131845,0.2817650186071239,0.17053655336063112,0.2817650186071239,0.20156137832117282,
0.3538157894736842,0.28539473684210526,0.17654266221256004,0.28539473684210526,0.20848742757409255,
0.3295049504950495,0.28435643564356433,0.17426864380905802,0.28435643564356433,0.20108567508057523,
0.3443508032657361,0.29167764024229653,0.17832785412259541,0.29167764024229653,0.21154754610537926,
0.34209827357237715,0.2857901726427623,0.1762497437415797,0.2857901726427623,0.20444779692944137,
0.3491493886230728,0.2829611908559277,0.17307554335660125,0.2829611908559277,0.2062019051259806,
0.33890880127439266,0.27678215850258864,0.16464138513531076,0.27678215850258864,0.1974081733865088,
0.34531618997638414,0.28365258462345844,0.17854280219475682,0.28365258462345844,0.20631071754834696,
0.3371337664059393,0.27999469707013125,0.16457908536544685,0.27999469707013125,0.19854701065596694,
0.34523967600584254,0.2815031204355331,0.1691366233237798,0.2815031204355331,0.20344486560675262,
