Majority Class Accuracy,Accuracy,Precision,Recall,F Score,Support
0.09546413502109705,0.12104430379746836,0.12082309345537263,0.12104430379746836,0.11553479823744126,
0.09538908706566257,0.11626370722684634,0.11217138761024953,0.11626370722684634,0.10665613136688382,
0.10003933394519471,0.12350858791136751,0.11583007577890371,0.12350858791136751,0.10356338361410476,
0.10303744435716156,0.1173081958627913,0.11295784903355317,0.1173081958627913,0.10359640580200627,
0.0953381483913329,0.11976362442547603,0.11407453720421298,0.11976362442547603,0.10372002907955297,
0.09575869336143308,0.12420969441517386,0.11665929585087195,0.12420969441517386,0.10855627383235823,
0.09857482185273159,0.12589073634204276,0.11943580652059826,0.12589073634204276,0.11359246512317768,
0.09607791524085285,0.12187417741510924,0.11248279346511288,0.12187417741510924,0.09782298724579352,
0.0971451229183188,0.1176315093840867,0.11049291187117388,0.1176315093840867,0.10693269343861266,
0.09909436933980838,0.12901955637222734,0.12708239703132065,0.12901955637222734,0.11750911429955493,
0.10219751125231666,0.1227164416203336,0.11887668629192641,0.1227164416203336,0.11265330007700203,
0.0997364953886693,0.12068511198945982,0.11727313782752163,0.12068511198945982,0.1123502681740741,
0.09272222956016378,0.12138422929599789,0.1192167251499843,0.12138422929599789,0.11136991802872719,
0.10150325927896767,0.12491685512837568,0.11450987429136147,0.12491685512837568,0.10875684410914765,
0.10102469784550709,0.1253284287966369,0.11576642229218773,0.1253284287966369,0.10603625866052607,
0.08971962616822429,0.11748998664886515,0.11344531735581069,0.11748998664886515,0.10339507251231135,
0.09698952879581152,0.11675392670157068,0.11406512234998632,0.11675392670157068,0.11115061712544708,
0.09608493696084937,0.11851360318513603,0.11369208631694022,0.11851360318513603,0.09936539936673808,
0.10503426462836057,0.12493410648392199,0.11616935574941332,0.12493410648392199,0.11159968310658856,
0.10106100795755968,0.12347480106100796,0.11747797055934375,0.12347480106100796,0.10899109010408775,
0.09951038771999471,0.12597591636892946,0.12915900902807423,0.12597591636892946,0.10762978894870745,
0.10324718356527501,0.11848906560636183,0.11575520582828552,0.11848906560636183,0.09991176823812505,
0.10011809473822333,0.12190001312163758,0.12320554856790769,0.12190001312163758,0.11357681277448747,
0.10105124835742445,0.1228646517739816,0.11957299971074396,0.1228646517739816,0.11126362623635032,
0.10165702261967385,0.12269857969489742,0.10924568767540023,0.12269857969489742,0.1045457587558845,
0.09815789473684211,0.1206578947368421,0.11656502131869705,0.1206578947368421,0.10928198467140864,
0.10086796422935297,0.12190952130457654,0.11398581849062615,0.12190952130457654,0.11051686343371171,
0.10246929882477222,0.11646639376733131,0.10849162275903282,0.11646639376733131,0.10053645530205224,
0.09167433907668025,0.12784427199789558,0.11891631757828604,0.12784427199789558,0.10792221943322929,
0.10299003322259136,0.1226578073089701,0.1184469316767245,0.1226578073089701,0.11478850833714932,
