Majority Class Accuracy,Accuracy,Precision,Recall,F Score,Support
0.27410157804004776,0.27410157804004776,0.07513167508404439,0.27410157804004776,0.11793671145062004,
0.2740652346857597,0.2740652346857597,0.07511175286336055,0.2740652346857597,0.1179088021845073,
0.26834741288278774,0.26834741288278774,0.07201033400088536,0.26834741288278774,0.11354985750665159,
0.26466719284398843,0.26466719284398843,0.07004872296791696,0.26466719284398843,0.11077811358479399,
0.27711002509576016,0.27711002509576016,0.07678996600857282,0.27711002509576016,0.12025583465733887,
0.27026312309929923,0.27026312309929923,0.07304215570738697,0.27026312309929923,0.11500319009367493,
0.2653494231534279,0.2653494231534279,0.07041031636785695,0.2653494231534279,0.11128991736114216,
0.27082782332716215,0.27082782332716215,0.07334770988812855,0.27082782332716215,0.11543296195089034,
0.26587301587301587,0.26587301587301587,0.07068846056941296,0.26587301587301587,0.11168333582126685,
0.27225755166931637,0.2721250662427133,0.09233515485959298,0.2721250662427133,0.11739059956536206,
0.26539416917244085,0.26539416917244085,0.07043406503073016,0.26539416917244085,0.11132351759893686,
0.26544021024967146,0.26544021024967146,0.07045850521738979,0.26544021024967146,0.11135809443496082,
0.26689591323898954,0.26689591323898954,0.07123342850367424,0.26689591323898954,0.11245348218316753,
0.2613965744400527,0.2613965744400527,0.06832816912899402,0.2613965744400527,0.10833733104012212,
0.26780967570441255,0.26780967570441255,0.07172202240090263,0.26780967570441255,0.11314320086893621,
0.2644518272425249,0.2644518272425249,0.06993476893191025,0.2644518272425249,0.11061673908830785,
0.26941973177532863,0.26941973177532863,0.07258699186989002,0.26941973177532863,0.11436247610295854,
0.26193582050613096,0.26193582050613096,0.06861037406422006,0.26193582050613096,0.10873829389628097,
0.2647409566715251,0.2647409566715251,0.07008777413935433,0.2647409566715251,0.11083340627128489,
0.2736980883322347,0.2736980883322347,0.07491064355671972,0.2736980883322347,0.11762700163082894,
0.254646105179913,0.254646105179913,0.0648446388832993,0.254646105179913,0.1033672182388049,
0.2662269129287599,0.2662269129287599,0.0708767691675775,0.2662269129287599,0.11194955413424411,
0.26026856240126384,0.26026856240126384,0.06773972457442057,0.26026856240126384,0.1075004591804656,
0.27826773726470977,0.27826773726470977,0.07743293360242155,0.27826773726470977,0.12115291866493594,
0.2708611037056785,0.2708611037056785,0.07336573750065832,0.2708611037056785,0.11545830978182056,
0.2702560735390676,0.2702560735390676,0.07303834528475392,0.2702560735390676,0.1149978288728215,
0.2644628099173554,0.2645939918667191,0.12034198204563272,0.2645939918667191,0.11092108982164131,
0.2631788607090692,0.2631788607090692,0.06926311272412364,0.2631788607090692,0.10966477492386738,
0.26461211477151964,0.26461211477151964,0.07001957128385589,0.26461211477151964,0.11073683458505613,
0.26555467302091607,0.26555467302091607,0.07051928436324566,0.26555467302091607,0.11144407407530495,
