Majority Class Accuracy,Accuracy,Precision,Recall,F Score,Support
0.015113350125944584,0.020151133501259445,0.01787352629620508,0.020151133501259445,0.014234466258820251,
0.016899534264803725,0.019028609447771124,0.017284023475443406,0.019028609447771124,0.013788385237673352,
0.015968063872255488,0.018097139055222887,0.01431667155075479,0.018097139055222887,0.014340646443162016,
0.014827450465818135,0.01771421073349954,0.016898023219815553,0.01771421073349954,0.01275725056023451,
0.013266780507027454,0.01838959674241429,0.012590633149110651,0.01838959674241429,0.01368027419614936,
0.015676458964563298,0.017389013305229878,0.018824203075164966,0.017389013305229878,0.013081404878172796,
0.0147175815433572,0.01949085123309467,0.017887885853930325,0.01949085123309467,0.016108091600301362,
0.01661651184090017,0.019625801386889966,0.02196351932249418,0.019625801386889966,0.015498872410099939,
0.01536037810161481,0.017723513194170933,0.02088389786550356,0.017723513194170933,0.015010206610358307,
0.015809751561046897,0.018333997608609008,0.019621520127062274,0.018333997608609008,0.015392190602999409,
0.01773659827928524,0.019324950363997354,0.018299481409295035,0.019324950363997354,0.01520837477556684,
0.013868709549597147,0.020076608109893014,0.01993628214179261,0.020076608109893014,0.016685381342339104,
0.016235480464625134,0.019139387539598735,0.020208677464187984,0.019139387539598735,0.01631995898967188,
0.013432637318792393,0.015693576273440618,0.013632931185552515,0.015693576273440618,0.012577693092445722,
0.01823429096156369,0.016922471467926012,0.015585049170981923,0.016922471467926012,0.012581376539500734,
0.017767833640431694,0.018425901553040275,0.017939767209733858,0.018425901553040275,0.013672309290711775,
0.016801164175155443,0.01733033470035719,0.014821456862595714,0.01733033470035719,0.014207501760909106,
0.01351709514974821,0.019347998939835676,0.019283004080815205,0.019347998939835676,0.015412928858100916,
0.019268580416830515,0.015467295844802727,0.011500645254673517,0.015467295844802727,0.011632362509994474,
0.014450483892350523,0.017632241813602016,0.015517650378954003,0.017632241813602016,0.013092088492041838,
0.014036016949152543,0.018008474576271187,0.019780519338349248,0.018008474576271187,0.013513106913131064,
0.014777675155033646,0.022430399788890356,0.018508933230429934,0.022430399788890356,0.01700943262471109,
0.015998942218696285,0.021155626074309136,0.022806892837573676,0.021155626074309136,0.017146961717453845,
0.014421804710240805,0.020111140513363324,0.023518096504836262,0.020111140513363324,0.01572502378753578,
0.015133412982875348,0.018717642373556352,0.018068963603740756,0.018717642373556352,0.014391235589218072,
0.015095338983050847,0.020524364406779662,0.01813441477359681,0.020524364406779662,0.017277349635065904,
0.016358839050131926,0.017282321899736146,0.01433404980158671,0.017282321899736146,0.012341182521518763,
0.015239096163951655,0.017735155018392013,0.014255711310887653,0.017735155018392013,0.013383749878700953,
0.014755810916688431,0.017628623661530427,0.015608109984589107,0.017628623661530427,0.013993977119463747,
0.015498741555172871,0.019340309974831105,0.016511809113594157,0.019340309974831105,0.014894517552871349,
