Majority Class Accuracy,Accuracy,Precision,Recall,F Score,Support
0.06815150706855161,0.07962123232862096,0.07860897899681299,0.07962123232862096,0.0783650321277021,
0.06577039673125082,0.07974166337155661,0.07871912666722086,0.07974166337155661,0.07792772485618325,
0.06424802110817943,0.07955145118733509,0.07630873905345319,0.07955145118733509,0.07535180316860503,
0.07018239492466297,0.08062384351044145,0.07720766554982247,0.08062384351044145,0.07731405901467212,
0.06904290429042904,0.08105610561056105,0.08039101452445355,0.08105610561056105,0.07978097861874912,
0.06856010568031704,0.07648612945838837,0.07547860300659018,0.07648612945838837,0.07502086110766537,
0.06425019628369537,0.08636482596179011,0.08613104642058303,0.08636482596179011,0.08552969789590502,
0.06481853488683541,0.08329985268514799,0.08156485798905769,0.08329985268514799,0.08142338751844118,
0.07052130193172797,0.08322307488753639,0.08282930796223605,0.08322307488753639,0.0811642171911399,
0.06763732627399073,0.08193249503639974,0.08095144143804318,0.08193249503639974,0.07989438353027378,
0.06315928270042194,0.07819092827004219,0.07636089644065008,0.07819092827004219,0.07649793594052066,
0.0681093998937865,0.08005841741901222,0.0790524289521287,0.08005841741901222,0.07856745358777113,
0.06091572660915726,0.08148639681486397,0.08010337790061688,0.08148639681486397,0.07970133342134915,
0.06752114164904863,0.08430232558139535,0.08236726200424292,0.08430232558139535,0.08226066808944013,
0.06945728245081209,0.07870064703552093,0.0781580519405699,0.07870064703552093,0.07725814987023892,
0.0666049953746531,0.07479846702788423,0.07381871146232258,0.07479846702788423,0.07371116456138278,
0.06983166754339822,0.07772225144660705,0.07714132788545834,0.07772225144660705,0.07622366503502928,
0.06728476821192053,0.0833112582781457,0.08214957774796075,0.0833112582781457,0.08161533317233303,
0.07051792828685259,0.07915006640106241,0.07874284631727128,0.07915006640106241,0.0779519856642682,
0.06618325642715886,0.08015820698747528,0.0783824498567399,0.08015820698747528,0.07786153250415202,
0.07281361297981796,0.08310249307479224,0.08139003989533573,0.08310249307479224,0.08163669288878818,
0.06520021074815595,0.0767913593256059,0.0748074232175762,0.0767913593256059,0.07381202907641676,
0.06822380575349697,0.07561361836896278,0.07509558480354896,0.07561361836896278,0.07431917958001294,
0.06812749003984064,0.07861885790172643,0.07804829469470771,0.07861885790172643,0.07743112988777802,
0.06741573033707865,0.08155981493721084,0.07986126806277935,0.08155981493721084,0.08009572808106544,
0.06429980276134123,0.07915844838921762,0.07673135588876386,0.07915844838921762,0.07623723630773721,
0.07043742566406766,0.08325624421831637,0.0808176764985909,0.08325624421831637,0.08076017404029887,
0.06861198738170347,0.07991587802313355,0.07796174496711081,0.07991587802313355,0.07784007983275139,
0.07037427517132314,0.07366895097522404,0.07325251729058846,0.07366895097522404,0.07300649955737355,
0.06746292164326027,0.07809423808898805,0.07614583539437529,0.07809423808898805,0.07578390421656793,
