Majority Class Accuracy,Accuracy,Precision,Recall,F Score,Support
0.01692450085944731,0.01956895411873595,0.015415746344514852,0.01956895411873595,0.013894777700504643,
0.015498741555172871,0.02119486024639025,0.018270992028752403,0.02119486024639025,0.017139696163422338,
0.015078729650386976,0.018548171870829997,0.013829478261997707,0.018548171870829997,0.01435555918680908,
0.01865079365079365,0.022222222222222223,0.02759077783269678,0.022222222222222223,0.017372079109643793,
0.015569336324053305,0.019659585697321548,0.01978939241455988,0.019659585697321548,0.01527404854687674,
0.015419380566263458,0.01887544862421906,0.014234711475635868,0.01887544862421906,0.012918768118326585,
0.02054340622929092,0.022398939695162358,0.021006509207398914,0.022398939695162358,0.016597482276431003,
0.015261044176706828,0.02182061579651941,0.025637362265854304,0.02182061579651941,0.017985336851069865,
0.017676767676767676,0.019670388091440724,0.02407556702910977,0.019670388091440724,0.01400825377487564,
0.01995506805867583,0.017840623761067795,0.019063183214247614,0.017840623761067795,0.014120129940529578,
0.014907651715039577,0.020844327176781002,0.022126541905438325,0.020844327176781002,0.01668042038383281,
0.01574389923904487,0.019286276567829965,0.016219815108852766,0.019286276567829965,0.015659001729094305,
0.018610747051114023,0.021231979030144166,0.015431527285155008,0.021231979030144166,0.01609708282656367,
0.015606401269673324,0.019177357492395186,0.01816265615442327,0.019177357492395186,0.01495347771839998,
0.02026315789473684,0.020394736842105264,0.02343562431067654,0.020394736842105264,0.015677847949690807,
0.01999205613663445,0.02277240831457699,0.017061244399612534,0.02277240831457699,0.016609344977168986,
0.01694915254237288,0.018273305084745763,0.01587353206396273,0.018273305084745763,0.014722001800315541,
0.019670388091440724,0.023524720893141945,0.02100769277452818,0.023524720893141945,0.018202293886914897,
0.019316688567674115,0.022207621550591326,0.019658408965496928,0.022207621550591326,0.016190331917226096,
0.019874616513271975,0.020674936641323197,0.013369070289655834,0.020674936641323197,0.014100356815765104,
0.021380493599049755,0.023756103998944175,0.02185740398688506,0.023756103998944175,0.0175470592047674,
0.020405476566614008,0.021590310689836755,0.014288436003030463,0.021590310689836755,0.014918019690102919,
0.0184404636459431,0.02291886195995785,0.019888307976562998,0.02291886195995785,0.018186049337892488,
0.020211360634081903,0.022192866578599736,0.01820249580465051,0.022192866578599736,0.016760168013074273,
0.017634579687085653,0.022010076902678335,0.024988636426942136,0.022010076902678335,0.0173571365440654,
0.01937524713325425,0.018584420719652037,0.02110313822643097,0.018584420719652037,0.0165205302902542,
0.01741195092995647,0.01952249043661786,0.018980024651373006,0.01952249043661786,0.01588840881124659,
0.017011736779638666,0.02109982856389292,0.037416121006434294,0.02109982856389292,0.015931530416175666,
0.019179184549356222,0.019581545064377683,0.014916021409258011,0.019581545064377683,0.013332575249714528,
0.020676939286184644,0.02475964704332938,0.01946050452458026,0.02475964704332938,0.018126844746070143,
