Majority Class Accuracy,Accuracy,Precision,Recall,F Score,Support
0.05231629392971246,0.06056975505857295,0.059864225656047466,0.06056975505857295,0.05956185725695556,
0.04739084132055378,0.059637912673056445,0.06022422647980679,0.059637912673056445,0.058840407514248,
0.05,0.05813648293963255,0.05681909695593596,0.05813648293963255,0.056594354722627485,
0.0486414844267727,0.058979456593770706,0.05700391237487322,0.058979456593770706,0.05666548124830621,
0.04847516313756825,0.05579970701824477,0.05482802609603355,0.05579970701824477,0.054543514403556245,
0.05009887936717205,0.06262359920896507,0.06024368905922708,0.06262359920896507,0.060387924352656656,
0.05417997870074547,0.0593716719914803,0.058713098019855144,0.0593716719914803,0.05862914801186516,
0.04933862433862434,0.06283068783068783,0.06073689901863587,0.06283068783068783,0.06068943944203026,
0.047088473272317286,0.05637352434009816,0.055875302313868426,0.05637352434009816,0.05537688209016744,
0.04945127594869761,0.06029353431178104,0.05962022571375199,0.06029353431178104,0.05889872444184401,
0.047746065617498,0.05988263536943185,0.06024673054391981,0.05988263536943185,0.05907635674543706,
0.052434956637758504,0.058172114743162105,0.05697270133646753,0.058172114743162105,0.05590158978367935,
0.05355959167440011,0.06482831764549914,0.06363910633724999,0.06482831764549914,0.06325697924354436,
0.05365597054182009,0.05878485007890584,0.05781757015029118,0.05878485007890584,0.05724186954823286,
0.04639788499669531,0.05829477858559154,0.05622270526302962,0.05829477858559154,0.056229287919566696,
0.05021141649048626,0.05972515856236787,0.05784901317924654,0.05972515856236787,0.05775212414878878,
0.04712386468342767,0.06515729893378966,0.06455487520630294,0.06515729893378966,0.06409055861805629,
0.049066035253880556,0.055511707445409106,0.05466110299921138,0.055511707445409106,0.05404937800731237,
0.053875610722302916,0.05849729301465734,0.05721929291816749,0.05849729301465734,0.056754953252261424,
0.05255455029270889,0.05774348057477382,0.056671399825732674,0.05774348057477382,0.05659689649684884,
0.049048122686409304,0.060814383923849816,0.05914484104963696,0.060814383923849816,0.058941889697277906,
0.05139694254085398,0.06128096995255667,0.06174175470227394,0.06128096995255667,0.06041782757855207,
0.05061777600637704,0.05872193436960276,0.05760674231560753,0.05872193436960276,0.05733889496272604,
0.0473474801061008,0.060477453580901855,0.05732666785523321,0.060477453580901855,0.05722390092542529,
0.05034836334954647,0.06244248718285789,0.06094866415112012,0.06244248718285789,0.060856747949966546,
0.047362189185633466,0.05828180502565452,0.056648325547347486,0.05828180502565452,0.05642249080091787,
0.05017163982043834,0.05862160021124901,0.05816694845960692,0.05862160021124901,0.05771834674294236,
0.051033934252386004,0.057794273594909865,0.05621163052342781,0.057794273594909865,0.056272603936038425,
0.05485232067510549,0.059862869198312234,0.05860627906623207,0.059862869198312234,0.058285643482241224,
0.04733492442322991,0.060594006894722885,0.05830323097868972,0.060594006894722885,0.057891852443553604,
