Majority Class Accuracy,Accuracy,Precision,Recall,F Score,Support
0.372688853671421,0.37083993660855785,0.15909983976317355,0.37083993660855785,0.20484020961846117,
0.3729442970822281,0.37188328912466845,0.1557650889450838,0.37188328912466845,0.2036363417353616,
0.36859482303222396,0.36687797147385104,0.16097911757214037,0.36687797147385104,0.19982064787640327,
0.37387267904509286,0.37254641909814323,0.16937111100049068,0.37254641909814323,0.20665117959993937,
0.37866914596892015,0.3782706866781777,0.17487644437113045,0.3782706866781777,0.21073483224982184,
0.3767386408795867,0.3764737051265068,0.18516708528018347,0.3764737051265068,0.21328778459986444,
0.37731359069275516,0.37678476996298255,0.15404799798462346,0.37678476996298255,0.20744712212625074,
0.37802313354363826,0.37592008412197686,0.15931374924254574,0.37592008412197686,0.2082557275582899,
0.37765817799947493,0.37765817799947493,0.20443217484229675,0.37765817799947493,0.20791721413021627,
0.3786008230452675,0.3758130890747378,0.177966913350564,0.3758130890747378,0.21555695814740702,
0.38258226509845383,0.3805999735694463,0.16368832550260257,0.3805999735694463,0.2129256432671385,
0.3882696390658174,0.38760615711252655,0.27600333146289874,0.38760615711252655,0.2207073775105045,
0.37726437385140454,0.3760829614071935,0.17339930121792682,0.3760829614071935,0.20952803979834334,
0.3743393234672304,0.37315010570824525,0.15970962231336572,0.37315010570824525,0.204721863080246,
0.3732890365448505,0.37275747508305646,0.16427951813231123,0.37275747508305646,0.20520755141650632,
0.3857901726427623,0.3848605577689243,0.17662958374860274,0.3848605577689243,0.21637599024296542,
0.3762113367848135,0.3750165936545865,0.17090775348457057,0.3750165936545865,0.20770760613841682,
0.3718186638388123,0.3711558854718982,0.1655156188019789,0.3711558854718982,0.2042324006675021,
0.3646314123697745,0.36449953844125016,0.17381365025073578,0.36449953844125016,0.19855922314201757,
0.36483458547515485,0.36483458547515485,0.17575206149176664,0.36483458547515485,0.19767273941722516,
0.3862405915753334,0.3861085435098376,0.1777499532872973,0.3861085435098376,0.217926673052275,
0.37626628075253254,0.3742928562031312,0.16425197043071968,0.3742928562031312,0.208495322838521,
0.3841173361522199,0.38292811839323465,0.16868513357678264,0.38292811839323465,0.21571648491892026,
0.38613731656184486,0.3860062893081761,0.23964318556634445,0.3860062893081761,0.21740775418934416,
0.3772733306783486,0.3760785875481216,0.17343770525412386,0.3760785875481216,0.2107182441917762,
0.3763554615181169,0.37569426077757206,0.1996772531874185,0.37569426077757206,0.20888306204445273,
0.38546458141674333,0.3850703114732554,0.1896082910511299,0.3850703114732554,0.21989545634396118,
0.3685872138910813,0.36845566956064196,0.28100693203247856,0.36845566956064196,0.20203538352933997,
0.37868330236262276,0.37655959649588533,0.17125702623199388,0.37655959649588533,0.21251319531108526,
0.37702308304590076,0.37649243831254975,0.17886701120560036,0.37649243831254975,0.20897217939508073,
