Majority Class Accuracy,Accuracy,Precision,Recall,F Score,Support
0.0334479111581174,0.03741406663141195,0.0328228307498955,0.03741406663141195,0.02887924514841153,
0.03498349834983498,0.032607260726072604,0.0332064548302329,0.032607260726072604,0.027324362671768316,
0.03623380058185665,0.036895001322401484,0.03938422462956423,0.036895001322401484,0.03139656992113214,
0.036698463169051405,0.03948065712771595,0.03870838551545268,0.03948065712771595,0.0314063803218878,
0.03423848878394333,0.03948576675849403,0.038822007992779864,0.03948576675849403,0.031724840489969264,
0.03236932873441231,0.03555319713451844,0.03576088480966702,0.03555319713451844,0.0291665065188166,
0.03356327938445211,0.03873706553462457,0.03727523690611078,0.03873706553462457,0.03183552074126535,
0.03237268061587051,0.035004605869193316,0.038076765156974196,0.035004605869193316,0.02956229869392229,
0.03437376531015409,0.03345186355854076,0.03300500732327831,0.03345186355854076,0.026785220813450975,
0.03526148969889065,0.03816693079767565,0.038311696325505816,0.03816693079767565,0.03070772531225224,
0.029067473365776666,0.03801131132447718,0.040774376264565024,0.03801131132447718,0.0319041067431981,
0.03213435599047871,0.0333245173234594,0.033348215239500496,0.0333245173234594,0.027602956156354896,
0.0355216418892251,0.03815287462176029,0.03634510164188989,0.03815287462176029,0.03157187832369942,
0.03436380522754411,0.03914024147538808,0.041785115628345755,0.03914024147538808,0.03382447114387316,
0.03249144961852144,0.037753222836095765,0.03613927216757901,0.037753222836095765,0.03049889407859187,
0.03579920739762219,0.03381770145310436,0.03543743001113929,0.03381770145310436,0.028630137267409823,
0.03833027041218168,0.03701758991861381,0.03348340333847425,0.03701758991861381,0.029004987431930872,
0.034110364809693136,0.03582246806268932,0.037523577718616266,0.03582246806268932,0.029347406085764728,
0.03060282284659016,0.03482390185991294,0.03618768859039165,0.03482390185991294,0.029574740893508922,
0.03615729743995777,0.03813671153338612,0.03452813706776435,0.03813671153338612,0.030142555738336338,
0.03523822093176719,0.03814174475386037,0.03912846679863628,0.03814174475386037,0.031142126656789827,
0.03169296603369885,0.03744316662209147,0.036758880007389284,0.03744316662209147,0.030500235177095998,
0.03315137797896418,0.034482758620689655,0.032368969313421835,0.034482758620689655,0.028421023599448005,
0.032678877322440375,0.03755435498748188,0.036848341420076536,0.03755435498748188,0.030358581417022888,
0.03445077514244071,0.0371008347687823,0.03349665897932268,0.0371008347687823,0.029169773507929347,
0.03324026060364313,0.03456987102778886,0.03073225474839213,0.03456987102778886,0.026605704429335388,
0.032526775089250295,0.03384900171889462,0.031186778112120672,0.03384900171889462,0.02683443932152536,
0.03373303465542232,0.037686124654104626,0.03774879269526975,0.037686124654104626,0.0302100090445426,
0.0354122621564482,0.03514799154334038,0.03597631179048262,0.03514799154334038,0.02953189774267496,
0.03278688524590164,0.03239344262295082,0.03165563225138775,0.03239344262295082,0.0257416010759806,
