Majority Class Accuracy,Accuracy,Precision,Recall,F Score,Support
0.19383202099737531,0.24186351706036746,0.2365139559991349,0.24186351706036746,0.23482638040270695,
0.19630606860158312,0.2278364116094987,0.22674119082522498,0.2278364116094987,0.22625737769433554,
0.19642387588745727,0.23665527215356297,0.23299851843888886,0.23665527215356297,0.2318822042991622,
0.20337641783170668,0.23318385650224216,0.23175829930594358,0.23318385650224216,0.23084962811722862,
0.201794322442421,0.22857525441885376,0.2283874392406789,0.22857525441885376,0.22773764881162786,
0.19783126157101297,0.24094154985453584,0.2394464959649041,0.24094154985453584,0.23815245614910321,
0.1969556585043018,0.23785572468563865,0.23531378497412975,0.23785572468563865,0.23485398638991084,
0.19915533852448197,0.2417843473670318,0.23984867803388824,0.2417843473670318,0.23797500334871474,
0.2056558682952735,0.24322889006903878,0.2409609520889817,0.24322889006903878,0.23979056099101076,
0.20316205533596837,0.23241106719367588,0.22998812490327553,0.23241106719367588,0.22933070109829523,
0.20302949774116397,0.23040127557799628,0.22527435190314682,0.23040127557799628,0.22429827752105233,
0.19883351007423117,0.23502120890774125,0.23089722838691737,0.23502120890774125,0.22901956951638658,
0.19981325863678806,0.23769507803121248,0.23630881886529032,0.23769507803121248,0.23509753505979733,
0.19635839664658108,0.22897563531569295,0.22808872751252846,0.22897563531569295,0.22614868286585388,
0.20013271400132715,0.23755806237558064,0.23748009669690673,0.23755806237558064,0.2357915824801011,
0.2005301524188204,0.23605036447978794,0.23218430197057194,0.23605036447978794,0.23097560373286405,
0.1945809536459025,0.2340284234294063,0.2322977536531477,0.2340284234294063,0.23258676254117688,
0.2020697890407324,0.22104285524744594,0.21998727688228054,0.22104285524744594,0.2194580285643813,
0.19952774498229045,0.2352092352092352,0.23561010444631536,0.2352092352092352,0.2335965023752648,
0.20136018135751432,0.22869715962128284,0.22653494533867521,0.22869715962128284,0.22534965375474228,
0.1950476694915254,0.23728813559322035,0.23341973688476728,0.23728813559322035,0.23101040717403928,
0.19466701694469984,0.22566662288191253,0.2198782205255914,0.22566662288191253,0.21822621048960336,
0.2001066524463405,0.23983468870817223,0.2370384806903583,0.23983468870817223,0.23572713786042193,
0.18696397941680962,0.2365747460087083,0.23435001320748913,0.2365747460087083,0.23424950056677632,
0.19914859651456698,0.23386989490488228,0.23088855879611336,0.23386989490488228,0.2286610422382153,
0.19862923421642284,0.23500724924212468,0.23425500672426539,0.23500724924212468,0.23400412661102796,
0.20145502645502644,0.23082010582010581,0.22893407085108541,0.23082010582010581,0.2285642102336299,
0.2047462096242584,0.24957152274225444,0.245082920865928,0.24957152274225444,0.24307756757142926,
0.20783895480602585,0.22876949740034663,0.22694633321765206,0.22876949740034663,0.2264096975859531,
0.19033112582781456,0.23867549668874172,0.2364496174438968,0.23867549668874172,0.23497946973371997,
