Majority Class Accuracy,Accuracy,Precision,Recall,F Score,Support
0.10198111953197712,0.12298896423347959,0.12245520375411849,0.12298896423347959,0.12192219396744661,
0.09476309226932668,0.11707573172332326,0.1146375074066106,0.11707573172332326,0.11349503358397808,
0.10011903187409073,0.11823832826345722,0.11622399634784403,0.11823832826345722,0.11526416559428329,
0.09850588390850192,0.11238926351976729,0.11182308626117961,0.11238926351976729,0.11019202433407868,
0.09785932721712538,0.11660683419758011,0.1137218906803698,0.11660683419758011,0.11389366260175866,
0.10333905239540715,0.11336940741718358,0.10918643171037608,0.11336940741718358,0.11000382315949382,
0.10215409012818819,0.1209197832694595,0.120169606436178,0.1209197832694595,0.12013608976394348,
0.09882259558142611,0.11549146712528112,0.11475907831644477,0.11549146712528112,0.11332375792065674,
0.10412234042553191,0.125531914893617,0.12177199923348896,0.125531914893617,0.12198512524452304,
0.09966733200266134,0.12242182302062542,0.12070602462861843,0.12242182302062542,0.12031780070195457,
0.09621809434718696,0.11506080449017773,0.11257676708004483,0.11506080449017773,0.11172979493557085,
0.10068169900367069,0.125721027792344,0.12357735878318411,0.125721027792344,0.12330857994109767,
0.09553138513956232,0.11387760450792819,0.11162981670823713,0.11387760450792819,0.11162121324976265,
0.10110876451953538,0.12011615628299895,0.11719356225372353,0.12011615628299895,0.11634635236976328,
0.09833245103229221,0.11818422445738486,0.1175998712403982,0.11818422445738486,0.11678666202993404,
0.10148383677795443,0.12215156332803391,0.12033986509629947,0.12215156332803391,0.12047826577084451,
0.10497963473919328,0.11811851267901721,0.11643210375855086,0.11811851267901721,0.11658174762434605,
0.10111613074674462,0.1211799096465586,0.11986545505974067,0.1211799096465586,0.11963866994354916,
0.10095389507154214,0.11671966083730789,0.11474456265896701,0.11671966083730789,0.11390551329330371,
0.10133262963451643,0.12244359414170734,0.12020281216926497,0.12244359414170734,0.11927486529776081,
0.1021810971579643,0.11910112359550562,0.11708400719856524,0.11910112359550562,0.11605798614257576,
0.0984688489968321,0.1148363252375924,0.11352398824639065,0.1148363252375924,0.1134725848948008,
0.10841938046068308,0.12390786338363781,0.12264513481196465,0.12390786338363781,0.12186418751437993,
0.09960106382978723,0.1175531914893617,0.1162069398445028,0.1175531914893617,0.11615563881280278,
0.10010565240359218,0.12031167459059694,0.1183407177906232,0.12031167459059694,0.11795420987956212,
0.09988187426171413,0.1220632628953931,0.12128951958401964,0.1220632628953931,0.11956212446784036,
0.10296821644339375,0.11899133175728921,0.11769378523146862,0.11899133175728921,0.11701951958754293,
0.10813308687615526,0.12107208872458411,0.12009528611511296,0.12107208872458411,0.11904064837204396,
0.1000266028198989,0.12529928172386273,0.12551682997934754,0.12529928172386273,0.12442425333989739,
0.09698332892299551,0.122254564699656,0.1205407839978451,0.122254564699656,0.12029403990328034,
