Majority Class Accuracy,Accuracy,Precision,Recall,F Score,Support
0.01179245283018868,0.012054507337526206,0.0076777142684257196,0.012054507337526206,0.006740846528540362,
0.013986013986013986,0.012402691647974667,0.009804431072926187,0.012402691647974667,0.007251885616453506,
0.012424002114723763,0.01176315093840867,0.007575163722236322,0.01176315093840867,0.006716362376605253,
0.01241087932400317,0.013203063110641669,0.01379628147337941,0.013203063110641669,0.008553069124234132,
0.01029023746701847,0.011873350923482849,0.007737216513833025,0.011873350923482849,0.006277706374977737,
0.013102170460561143,0.01270513499205929,0.007934918804161611,0.01270513499205929,0.0076769258084006635,
0.011121408711770158,0.01271018138488018,0.008311181770872183,0.01271018138488018,0.007463848364674222,
0.012361914781693845,0.01209889531825355,0.01563343818141348,0.01209889531825355,0.00861482554166736,
0.010689470871191877,0.011892036344200963,0.009452946916013602,0.011892036344200963,0.007644243553226842,
0.012976694915254237,0.011784957627118644,0.0078733966445682,0.011784957627118644,0.007522688574235871,
0.014266842800528402,0.01202113606340819,0.006215697517100746,0.01202113606340819,0.006862041206808394,
0.012904924940742692,0.012904924940742692,0.014181780327728185,0.012904924940742692,0.008038503009024499,
0.011922108888594516,0.01271691614783415,0.012146139964813025,0.01271691614783415,0.009020884252842844,
0.014744952178533475,0.01354941551540914,0.007363181494977062,0.01354941551540914,0.006904729511977351,
0.01503957783641161,0.012401055408970976,0.008345546154362515,0.012401055408970976,0.007376373943139904,
0.013454109497802052,0.012788064473158386,0.010891396184157036,0.012788064473158386,0.0084916166182138,
0.014043455219925808,0.01232114467408585,0.007599610039799746,0.01232114467408585,0.007478672659700011,
0.014435174149119321,0.011256787180505894,0.008916402037690705,0.011256787180505894,0.008118615614556573,
0.013618934285336507,0.013090043633478779,0.0099476460056808,0.013090043633478779,0.008646119621154868,
0.015165624584275643,0.013436211254489823,0.014439828121386541,0.013436211254489823,0.008323372752918645,
0.013765718067504963,0.011250827266710787,0.008387986804024247,0.011250827266710787,0.0075604667287340966,
0.01255119566653455,0.011890606420927468,0.02110390620322048,0.011890606420927468,0.008113938475016983,
0.01068178821047079,0.010286166424897797,0.006068918740905528,0.010286166424897797,0.005640730218370152,
0.014808938252016396,0.012296707655692185,0.00763621119198705,0.012296707655692185,0.007612064372576789,
0.012745618693574084,0.012612851832182687,0.013683061233018672,0.012612851832182687,0.00698809954176227,
0.013398134769473269,0.011821883620123473,0.008217900084427054,0.011821883620123473,0.008111936270731498,
0.010573618821041502,0.012027491408934709,0.008905287866758755,0.012027491408934709,0.007937561400779971,
0.012380191693290734,0.011980830670926517,0.006017501718429776,0.011980830670926517,0.006342722574921698,
0.012241674345136238,0.011715150717388443,0.007878173975009952,0.011715150717388443,0.007293358827059266,
0.01063971272775635,0.01157068759143503,0.005716109347007827,0.01157068759143503,0.006245466269436341,
