Majority Class Accuracy,Accuracy,Precision,Recall,F Score,Support
0.28967886877230076,0.23192810889388132,0.13756781969918755,0.23192810889388132,0.1625184342652475,
0.2859028511087645,0.23746040126715945,0.1456416526840273,0.23746040126715945,0.16311390494753375,
0.2930121757543674,0.2322657490735839,0.13040369294800547,0.2322657490735839,0.16075608802909483,
0.2898665609723874,0.22816752543268595,0.13459013953408794,0.22816752543268595,0.15973199115733752,
0.2897418927862343,0.2354731965585705,0.13832197866436707,0.2354731965585705,0.16201518776572837,
0.290058170280275,0.2359862506610259,0.13140678446854362,0.2359862506610259,0.1598826486703038,
0.28047164811870695,0.23516163222045575,0.13330795963443756,0.23516163222045575,0.15552700950222925,
0.2913302448709464,0.23467902051621442,0.1400190762990534,0.23467902051621442,0.16626290518049427,
0.2811594202898551,0.233201581027668,0.12904592505637022,0.233201581027668,0.15613841168999298,
0.28810853950518756,0.22572492684224527,0.13382126184421417,0.22572492684224527,0.1605754522123581,
0.2985251514353437,0.23847774558862259,0.13122634833191257,0.23847774558862259,0.16214588977667796,
0.2803861923026055,0.2134638275360402,0.1218798638309358,0.2134638275360402,0.14691343172075258,
0.3005428306633126,0.22918045809612075,0.13366434634031982,0.22918045809612075,0.16419454505857026,
0.29809473405662873,0.2374966922466261,0.13476313162510806,0.2374966922466261,0.16398046633811128,
0.2900341835393111,0.2196949776492243,0.12820916697446097,0.2196949776492243,0.15431584094027692,
0.2862023653088042,0.23889618922470435,0.13857014636614398,0.23889618922470435,0.16254585614779823,
0.2948445389317034,0.23146425724156258,0.14205495560643455,0.23146425724156258,0.1680798265481068,
0.2923566035236455,0.2319512518214333,0.1329985616183806,0.23195125182143328,0.15976959413084418,
0.28929142248268513,0.23521576984549813,0.13631841037605527,0.23521576984549813,0.16108933179928223,
0.28626206531799553,0.2352241174137247,0.13495492566981454,0.2352241174137247,0.1605283318167428,
0.2794292508917955,0.2222222222222222,0.1261164560482413,0.2222222222222222,0.15241834298825468,
0.28956716221549794,0.22918037100381528,0.1321313651645625,0.22918037100381528,0.15868839959220404,
0.2855829831932773,0.23201155462184875,0.13069888174216035,0.23201155462184875,0.15823407912236012,
0.2907980347895366,0.22905324658079937,0.13399488400722323,0.22905324658079937,0.16074164177270883,
0.28938651119650194,0.24354047966079237,0.13748868628594546,0.24354047966079237,0.1642486010544079,
0.29255807848799054,0.22732642079012993,0.12614819313322914,0.22732642079012993,0.15687796780781973,
0.2879663688912244,0.22385706778770362,0.13035421166442188,0.22385706778770362,0.15678375097122962,
0.28669573259347336,0.23860483551327785,0.1415279895406845,0.23860483551327785,0.16134316862486764,
0.2994567377766,0.24181794090367034,0.14439252069287453,0.24181794090367034,0.17057291824973372,
0.2945340149429807,0.23043649233189148,0.13563570483320891,0.23043649233189148,0.16134205496408796,
