Majority Class Accuracy,Accuracy,Precision,Recall,F Score,Support
0.016886543535620052,0.01978891820580475,0.016740315875422105,0.01978891820580475,0.013012713821901563,
0.013752975403332451,0.01798466014281936,0.015836963021403867,0.01798466014281936,0.012723482452443664,
0.0159778159249967,0.020203354020863595,0.014279168854081939,0.020203354020863595,0.013091416151234448,
0.014605263157894737,0.01986842105263158,0.013387558776262319,0.01986842105263158,0.012947890918360187,
0.01824625886059333,0.018377526909950117,0.019095173775524006,0.018377526909950117,0.012158216692694979,
0.017724867724867723,0.020767195767195767,0.016448814708865955,0.020767195767195767,0.014402646802861463,
0.017401700318809776,0.023645058448459086,0.02157731793943271,0.023645058448459086,0.015462950766463144,
0.015299393299920866,0.01701398048008441,0.017768334407689757,0.01701398048008441,0.01158473994087987,
0.014037875778042644,0.019202754602039466,0.014069018176610501,0.019202754602039466,0.012117503303139763,
0.015887726731100223,0.015755329008341055,0.011356274194623116,0.015755329008341055,0.009291881065736996,
0.015415282392026579,0.020465116279069766,0.016279131236179873,0.020465116279069766,0.014497350737995884,
0.013452914798206279,0.019124241624901082,0.01442970917468548,0.019124241624901082,0.011698315079586723,
0.017383227176220806,0.019639065817409766,0.0143694108758,0.019639065817409766,0.012300607486478038,
0.017802577388069615,0.019795403215092336,0.014724635174301635,0.019795403215092336,0.011293696169957299,
0.015889830508474576,0.019597457627118644,0.01695708935821142,0.019597457627118644,0.01115758892556716,
0.017611228813559324,0.020127118644067795,0.01468622961035188,0.020127118644067795,0.012546786036447518,
0.015305449267713418,0.017944319831112283,0.0161430380681653,0.017944319831112283,0.012363925826921782,
0.018597236981934114,0.01753453772582359,0.020880811795989277,0.01753453772582359,0.012577638660736945,
0.017543859649122806,0.017809675704412546,0.012929487224909508,0.017809675704412546,0.01173953108083198,
0.015266162219567237,0.016593654586486126,0.010290066537954026,0.016593654586486126,0.010145369305038794,
0.018474531538664556,0.018210609659540775,0.013641174182112439,0.018210609659540775,0.012930413917898379,
0.013011152416356878,0.01858736059479554,0.01740068288248668,0.01858736059479554,0.013162303334543513,
0.014754752093579689,0.018742522929682308,0.016220955898689864,0.018742522929682308,0.01398788682778997,
0.012976694915254237,0.015360169491525424,0.013111640902157773,0.015360169491525424,0.009900823793655414,
0.016216934733483984,0.019673002791439586,0.02361399169387819,0.019673002791439586,0.01268620624894568,
0.015682656826568265,0.018186610437532946,0.010883058759687467,0.018186610437532946,0.010626133872847738,
0.01396462295518021,0.021013432637318794,0.02035813352588128,0.021013432637318794,0.014257630071764872,
0.019238371326920543,0.01950191066016603,0.013644341341642451,0.01950191066016603,0.012896379669780213,
0.017486195109124376,0.021298974493820667,0.0153223726371407,0.021298974493820667,0.01362451550876256,
0.016879862851114334,0.02109982856389292,0.017407986068580985,0.02109982856389292,0.013313709340449956,
