Majority Class Accuracy,Accuracy,Precision,Recall,F Score,Support
0.3463672391017173,0.34583883751651256,0.15677420775007128,0.34583883751651256,0.18084532732579534,
0.342925341466649,0.342925341466649,0.1560499024351866,0.342925341466649,0.1788368896553761,
0.3540241977906365,0.35362966859547607,0.16045401566552864,0.35362966859547607,0.18764858131758708,
0.33055885850178357,0.3297661514070551,0.13741890324308817,0.3297661514070551,0.16591612123386207,
0.3520063567739372,0.35174149119321946,0.15757415266230057,0.35174149119321946,0.18698052438960977,
0.33872878010264507,0.3374128174759837,0.15320257358045827,0.3374128174759837,0.1799635262948714,
0.33710228766763084,0.33670786221404153,0.15404750908569112,0.33670786221404153,0.17455779102036864,
0.3478665426026851,0.3458726571846338,0.14470351202770157,0.3458726571846338,0.1836598866964534,
0.3421505091919058,0.34122470572675573,0.15126989386048506,0.34122470572675573,0.17755658736763402,
0.3412856196156395,0.3415506958250497,0.1610206473587511,0.3415506958250497,0.17732325150544853,
0.34642951951154766,0.34483674011149457,0.16198872272516784,0.34483674011149457,0.1833214869985454,
0.3413734018716225,0.34084618426255436,0.14878220148979024,0.34084618426255436,0.17808836389859078,
0.34105960264900664,0.33841059602649004,0.1480611605936955,0.33841059602649004,0.179543468054267,
0.3442994139584443,0.34283431006925946,0.14457169890396238,0.34283431006925946,0.17948922624511326,
0.3454810495626822,0.3452160084813146,0.15997356644915464,0.3452160084813146,0.18281305489410732,
0.3327602169025261,0.33130538288586164,0.12658982412310038,0.33130538288586164,0.16695615043698686,
0.34265365338960696,0.33975204431548406,0.1453445402500243,0.33975204431548406,0.18048837656617778,
0.3488065409468548,0.3464328102334169,0.14935020367630608,0.3464328102334169,0.18522959324771482,
0.3341272991928014,0.3304221251819505,0.13637989572169057,0.3304221251819505,0.17223509098006404,
0.3366518208016767,0.3356038773906209,0.13925261182196866,0.3356038773906209,0.17082862989283662,
0.3461437220321137,0.3433798367991577,0.150535268761202,0.3433798367991577,0.18233878947343227,
0.339981385454062,0.3391836191995745,0.15184106623535096,0.3391836191995745,0.17559814625480666,
0.3431984074319841,0.33948241539482416,0.1366218056938453,0.33948241539482416,0.1768530393973772,
0.34453893170342814,0.3436088227478076,0.15048019529702303,0.3436088227478076,0.17996771159691152,
0.340788777130757,0.33986236103758605,0.19007834032818058,0.33986236103758605,0.17853679684576743,
0.34335673599152206,0.34295933236190224,0.15376660145698737,0.34295933236190224,0.1788309301216549,
0.34125412541254124,0.33887788778877886,0.12452265533128581,0.33887788778877886,0.17403470182201627,
0.3436106008921543,0.3413802151666229,0.15605252466662414,0.3413802151666229,0.18340833028928832,
0.3318326271186441,0.3295815677966102,0.1531579222713946,0.3295815677966102,0.169238852911426,
0.3488465128683825,0.3453793839178557,0.13973584687870852,0.3453793839178557,0.18309976974126027,
