Majority Class Accuracy,Accuracy,Precision,Recall,F Score,Support
0.06836478817473934,0.07852712155206547,0.07700934051634406,0.07852712155206547,0.07205933092243327,
0.06616481774960381,0.07461701003697833,0.07136890904442005,0.07461701003697833,0.06466394916564014,
0.06702589039295571,0.07727690892364306,0.07083874239624044,0.07727690892364306,0.06525245171893927,
0.06998813760379596,0.07539211809674443,0.07541487943013327,0.07539211809674443,0.06542292360060749,
0.06909663039202832,0.07879900354005506,0.07940644342933736,0.07879900354005506,0.06286649790042588,
0.0662057963307631,0.07232119117256049,0.06783859272040695,0.07232119117256049,0.059507819826509406,
0.06555423122765197,0.07455966097205668,0.071639682103311,0.07455966097205668,0.06768685010711509,
0.06529209621993128,0.07705524715833995,0.07610147033336602,0.07705524715833995,0.06383548242911508,
0.06279809220985691,0.07670906200317965,0.07775308339104871,0.07670906200317965,0.06852770262542902,
0.06934354774798573,0.08004226654338925,0.07683731812192951,0.08004226654338925,0.06903841843797738,
0.06567713122290818,0.07211349008275318,0.06771489072170825,0.07211349008275318,0.06171961675950635,
0.06548323471400394,0.07389875082182774,0.0749860111375907,0.07389875082182774,0.06562842777599612,
0.06580493537015276,0.0706358532445489,0.06710009650034116,0.0706358532445489,0.06016030526483226,
0.06373452725836186,0.07282064787990519,0.07446845459673096,0.07282064787990519,0.06036994965627105,
0.07165605095541401,0.07059447983014862,0.0681858676067401,0.07059447983014862,0.06266505633191113,
0.062400635930047695,0.07485426603073662,0.07026506338736577,0.07485426603073662,0.05968591237413412,
0.06725570354740867,0.07424502175919821,0.06464150169677312,0.07424502175919821,0.05933118699547333,
0.06568187813241888,0.0776839883935637,0.07516491956429576,0.0776839883935637,0.07014327448596099,
0.06724023825281271,0.07293183322303111,0.07471331385204216,0.07293183322303111,0.06921362017480583,
0.06853459615890554,0.0702446724546172,0.0668453944699892,0.0702446724546172,0.06287528467056404,
0.06499339498018494,0.07450462351387054,0.06920527565566437,0.07450462351387054,0.06573408941195256,
0.06557159888726984,0.07272486422042655,0.0642074189955728,0.07272486422042655,0.06207478360683051,
0.06318572372769332,0.07957699933906147,0.07849107952039544,0.07957699933906147,0.06602122260129953,
0.07198111970630654,0.07761898518421398,0.0710280954529029,0.07761898518421398,0.06244618911732719,
0.06918990703851262,0.07277556440903055,0.13576245760774994,0.07277556440903055,0.058205686327590905,
0.06617257808364214,0.07517204870301747,0.06606999615532405,0.07517204870301747,0.05928763335631089,
0.06747978257987539,0.07516903088956649,0.0737830019863434,0.07516903088956649,0.06853003868201953,
0.0656452252014265,0.07581561220446441,0.07379624744901932,0.07581561220446441,0.06568988077129237,
0.07124884121308436,0.07667858561779897,0.07283557550629417,0.07667858561779897,0.0595513085440147,
0.0666140073723012,0.08175355450236967,0.0750065208862424,0.08175355450236967,0.07057214798383218,
