Majority Class Accuracy,Accuracy,Precision,Recall,F Score,Support
0.012973259200423616,0.010722795869737888,0.00712216567664481,0.010722795869737888,0.006049097101034963,
0.012747311114061877,0.014340725003319612,0.014529106856316575,0.014340725003319612,0.009710603983434957,
0.013396375098502758,0.014578408195429472,0.008347053657835779,0.014578408195429472,0.00876609267738595,
0.013659049120042028,0.012739690044654584,0.011551341097154132,0.012739690044654584,0.008632042210659444,
0.013762074897446077,0.0111155220325526,0.00698804651770182,0.0111155220325526,0.00645596609176674,
0.009805220617463892,0.011527759374585929,0.01261009697124332,0.011527759374585929,0.007517282143362664,
0.013406940063091483,0.01629863301787592,0.0205526304347578,0.01629863301787592,0.01160422194356406,
0.013597359735973598,0.012409240924092409,0.01532344870122266,0.012409240924092409,0.007954961019252459,
0.013064133016627079,0.012932172077065188,0.009946838734436879,0.012932172077065188,0.008335754480694393,
0.011801730920535013,0.013768686073957514,0.016840858509240893,0.013768686073957514,0.008301064574874948,
0.011784957627118644,0.011122881355932203,0.01164321534138061,0.011122881355932203,0.006911598588349894,
0.014090071108770082,0.01435343692388728,0.008312492992045508,0.01435343692388728,0.008539986411133845,
0.010692328254477412,0.012830793905372895,0.02139354869620243,0.012830793905372895,0.009258484538241886,
0.014830508474576272,0.014830508474576272,0.011726928860797289,0.014830508474576272,0.009259832981706576,
0.011842980705256155,0.012242182302062542,0.009764611183056254,0.012242182302062542,0.008156304113849537,
0.01545983086680761,0.013477801268498943,0.010546584729872,0.013477801268498943,0.007818104629575355,
0.01107109510470855,0.013738828864879284,0.012964211483169077,0.013738828864879284,0.009075960687798805,
0.012643224022125641,0.013433425523508494,0.008968939840328058,0.013433425523508494,0.008371741134134232,
0.01526413591717547,0.01247677196708256,0.009793173930670657,0.01247677196708256,0.007651722089891395,
0.011578387010912962,0.011711471919084376,0.011471195472729791,0.011711471919084376,0.008119482556879562,
0.011498810467882634,0.01282051282051282,0.010426309804196947,0.01282051282051282,0.008553217428753477,
0.013749338974087784,0.011898466419883659,0.012005262246769932,0.011898466419883659,0.008289710431534925,
0.012258494337108594,0.01385742838107928,0.012008963293787193,0.01385742838107928,0.00854173790095428,
0.011903187409072874,0.01428382489088745,0.014716225171256512,0.01428382489088745,0.009130529469944087,
0.010552697533306952,0.014509959108297058,0.013400461582487191,0.014509959108297058,0.008957351774372492,
0.010928242264647794,0.014746543778801843,0.011380447353532415,0.014746543778801843,0.00878145458534335,
0.01335978835978836,0.012830687830687831,0.008931941546753424,0.012830687830687831,0.008122447385715967,
0.012918534141840231,0.014632217242288427,0.013057410293995325,0.014632217242288427,0.008827841745379577,
0.01129267968646207,0.016075461671316595,0.024111289316689214,0.016075461671316595,0.011008729425913879,
0.012521418215368393,0.01542111506524318,0.010990733328337835,0.01542111506524318,0.009977459890254793,
