Majority Class Accuracy,Accuracy,Precision,Recall,F Score,Support
0.22195704057279236,0.1703792097586847,0.09033499471898482,0.1703792097586847,0.11266526062932176,
0.22014826581943342,0.1675933280381255,0.09012113035934419,0.1675933280381255,0.1108853884316333,
0.21449352023274265,0.16675482676540598,0.0897292605550001,0.16675482676540598,0.1087982890493932,
0.223001588141874,0.1810481736368449,0.10002009943012043,0.1810481736368449,0.11853474500068188,
0.21857349270983845,0.16156574280835412,0.0925860658799488,0.16156574280835412,0.1116203046392949,
0.21713147410358566,0.17290836653386454,0.09249661051662662,0.17290836653386454,0.11197061420750792,
0.22107081174438686,0.1692573402417962,0.09315381602597568,0.1692573402417962,0.11093238556755709,
0.2174831638716493,0.1715304370790968,0.09226714781733514,0.1715304370790968,0.11093912650333711,
0.21702464092765844,0.1695875609434708,0.087806746950615,0.1695875609434708,0.10798679827628294,
0.21883324453915823,0.16728822589238146,0.09094578403579312,0.16728822589238146,0.11135217436698615,
0.22454377148902407,0.17508595609627084,0.10279763179591916,0.17508595609627084,0.11359457524991838,
0.22286541244573083,0.17510853835021709,0.09924715869813389,0.17510853835021709,0.1153708799127176,
0.22053583212353173,0.16589679292596013,0.0968612709078038,0.16589679292596013,0.11262297918154071,
0.22075172048703018,0.16291688724192693,0.09253517913501619,0.16291688724192693,0.11130820081849363,
0.2199424986931521,0.17603240982749607,0.0971696400797055,0.17603240982749607,0.1161348057201291,
0.22335766423357664,0.1654943596549436,0.09490370379800124,0.1654943596549436,0.11184356025331227,
0.2264125975916369,0.17850999073706497,0.09919031011462098,0.17850999073706497,0.11810167325106782,
0.22737481833795745,0.17228167525432686,0.09676908315148514,0.17228167525432686,0.11640954276543315,
0.22091503267973855,0.16797385620915034,0.09851776900424122,0.16797385620915034,0.11315043587922217,
0.21022347116285295,0.164324902984076,0.09001206086993685,0.164324902984076,0.1079968781322528,
0.23073883840379297,0.17647833530883708,0.09757805100557236,0.17647833530883708,0.12012780242353285,
0.21342672128981102,0.17430950178406238,0.0970971637844017,0.17430950178406238,0.11230960901410568,
0.22038640906062626,0.1758827448367755,0.0966598754666851,0.1758827448367755,0.11748923247985167,
0.21947693520830594,0.16138783020107766,0.0905312427107229,0.16138783020107766,0.10890279920527275,
0.22314594879915545,0.1700976510952758,0.0939929669430428,0.1700976510952758,0.11321239329763194,
0.21312557771028653,0.16426779347682557,0.10194316368842703,0.16426779347682557,0.10934540625989139,
0.22054740182467275,0.1733439111463705,0.09953068492334004,0.1733439111463705,0.11768991796095739,
0.21868839532133,0.1736101984492049,0.09623006095100692,0.1736101984492049,0.11346142571073906,
0.22175066312997346,0.17228116710875332,0.0987770705555367,0.17228116710875332,0.11700414438189888,
0.2193421052631579,0.1731578947368421,0.09401688109687628,0.1731578947368421,0.11323444878323899,
