Majority Class Accuracy,Accuracy,Precision,Recall,F Score,Support
0.018802507000933458,0.01600213361781571,0.01597560086027479,0.01600213361781571,0.014620107365061934,
0.017422529591701024,0.015826572682537572,0.015488683682471664,0.015826572682537572,0.014303312950684904,
0.015767854776732475,0.01457532794487876,0.014600396520563332,0.01457532794487876,0.0133825801214565,
0.015627069262349358,0.015229770891272679,0.015036008370154964,0.015229770891272679,0.013756296388934667,
0.01516764236295902,0.013437998935604045,0.014100448128786658,0.013437998935604045,0.012296387120163512,
0.016978152145301396,0.015003948407475652,0.015016294080348828,0.015003948407475652,0.013913244832719163,
0.016917543625949116,0.011455974423871054,0.011483930813090938,0.011455974423871054,0.010254816694440772,
0.01551814834297738,0.013545502367175171,0.013580596891991642,0.013545502367175171,0.011769737850152548,
0.013797634691195795,0.013403416557161629,0.014179955895647427,0.013403416557161629,0.012055939160037136,
0.016313642941718196,0.011972108933035127,0.010842605960187384,0.011972108933035127,0.01052910655837707,
0.018773795457529212,0.012734672443219115,0.011964811986548892,0.012734672443219115,0.01106846623168548,
0.014336446139681705,0.014862554254899381,0.013882142909844408,0.014862554254899381,0.012609676483690596,
0.016875411997363216,0.012788398154251812,0.01221598671435359,0.012788398154251812,0.01121651595185843,
0.014888010540184453,0.014888010540184453,0.01361757086490572,0.014888010540184453,0.012822270132130775,
0.016784683975872017,0.012588512981904013,0.011970095101834166,0.012588512981904013,0.011201296978791651,
0.0175322963353546,0.015423147904033747,0.014625227987135126,0.015423147904033747,0.01331348481277349,
0.014361001317523056,0.013043478260869565,0.013595737604271243,0.013043478260869565,0.01184322237538893,
0.014211714703147828,0.015274272811794396,0.014745678002956949,0.015274272811794396,0.013668172737761998,
0.015087347803070408,0.015749073583906828,0.014279017127661112,0.015749073583906828,0.01348964010679774,
0.0167457805907173,0.01529535864978903,0.014457406735812478,0.01529535864978903,0.013480038994593734,
0.01832425972646395,0.013145664586376312,0.017216886727912332,0.013145664586376312,0.012972551594074507,
0.0164,0.0144,0.015392983739198823,0.0144,0.013313171644882247,
0.017033542976939202,0.014281970649895177,0.013713398367679035,0.014281970649895177,0.012434773079541507,
0.012541254125412541,0.012805280528052805,0.011474113579138476,0.012805280528052805,0.011041702625579283,
0.017397078353253652,0.0150066401062417,0.014396606455660715,0.0150066401062417,0.0133174362066086,
0.01538057052714605,0.01459182332062574,0.012707966065240436,0.01459182332062574,0.01236080333014934,
0.014812855442401799,0.01745800819997355,0.0204590908314439,0.01745800819997355,0.01633814422806982,
0.01689100026392188,0.014251781472684086,0.011638351294030059,0.014251781472684086,0.011683936747590662,
0.016317936570601394,0.01381760757994473,0.012758583888924391,0.01381760757994473,0.012088777271980176,
0.016009526329716858,0.01680338713945488,0.01693748989994444,0.01680338713945488,0.01497491689554415,
