Majority Class Accuracy,Accuracy,Precision,Recall,F Score,Support
0.23632529326479504,0.19678397258468433,0.10793283161029152,0.19678397258468433,0.1267260253194356,
0.23964106624439166,0.19015571390868302,0.10145287384833493,0.19015571390868302,0.1230204810369863,
0.2423882957690787,0.20192434427309872,0.10464961830057277,0.20192434427309872,0.12622378746891616,
0.2435813034891376,0.17129690585911783,0.10432506913381091,0.17129690585911783,0.12393234802691731,
0.23738441215323647,0.18863936591809777,0.10484339909056475,0.18863936591809777,0.12420566717163482,
0.2220312086749537,0.19240941549854537,0.09857643696850371,0.19240941549854537,0.11627886019537317,
0.2338763077738048,0.1950735001986492,0.10119511846231277,0.1950735001986492,0.1215354724335082,
0.22842438638163104,0.18751649511744523,0.09550796570516383,0.18751649511744523,0.11764231176282071,
0.23132848645076007,0.1891606080634501,0.10242714118117367,0.1891606080634501,0.11901687637820697,
0.2415656299420137,0.16750131787032155,0.10244079057406703,0.1675013178703216,0.12168631141371859,
0.23468712792697446,0.1758169069982802,0.10122097808548407,0.1758169069982802,0.12053184376335124,
0.23898619957537154,0.1823248407643312,0.09907771179225267,0.1823248407643312,0.11982395451944995,
0.23647214854111406,0.1956233421750663,0.10373842165722116,0.1956233421750663,0.12445557717846532,
0.2393638170974155,0.20304837640821735,0.10296773497211358,0.20304837640821735,0.12585210880607856,
0.23931287699973774,0.18056648308418569,0.10774029586154867,0.18056648308418569,0.1251531148350579,
0.22842573221757323,0.1905073221757322,0.09819762105284491,0.1905073221757322,0.11772065659472944,
0.24493578710446182,0.19939097047530782,0.1038933315439004,0.19939097047530782,0.12628784984127428,
0.22949953783177077,0.19358246401690216,0.10337031635155117,0.19358246401690216,0.1230752045852494,
0.23698123182659264,0.17988369019296854,0.10043631510326434,0.17988369019296854,0.12105101026363316,
0.24214832409606757,0.1920031670625495,0.10515562357119786,0.1920031670625495,0.12225286004006039,
0.23702535803442387,0.1955065037445802,0.10259077427959755,0.1955065037445802,0.12290269318252427,
0.2330508474576271,0.18273305084745764,0.0985739388598686,0.18273305084745764,0.11725604610148783,
0.22754254056193116,0.18150639757287956,0.09621309039792311,0.18150639757287956,0.11612216929784047,
0.23874833555259653,0.1692410119840213,0.10303443657704053,0.1692410119840213,0.12096551578381098,
0.22896023252741446,0.1839080459770115,0.09698632559398145,0.1839080459770115,0.11919005342207935,
0.23605996843766439,0.19700157811678065,0.10414627467169592,0.19700157811678065,0.12316529670407941,
0.2302016075899328,0.19040716826986429,0.102868938920901,0.19040716826986429,0.11714135069937426,
0.23513694054776219,0.1925183700734803,0.10194772647793972,0.1925183700734803,0.1209207683025153,
0.22806318863666533,0.1837249435815744,0.09736912008279026,0.1837249435815744,0.1165236946722338,
0.23004508088040307,0.16971625563511006,0.09742795035990148,0.16971625563511006,0.11616875439998929,
