Majority Class Accuracy,Accuracy,Precision,Recall,F Score,Support
0.06483326690580576,0.07200743988308755,0.06904792667308474,0.07200743988308755,0.06292266588345671,
0.06003702724147051,0.07008727849775191,0.0708281495988643,0.07008727849775191,0.06233044202515838,
0.0661764705882353,0.07208508403361344,0.06990467391859279,0.07208508403361344,0.06303965973214039,
0.07065931179406357,0.06671920147097452,0.0678235352381874,0.06671920147097452,0.060501851627314474,
0.07117248705351215,0.07462488381357057,0.07398969668429538,0.07462488381357057,0.06689322575294798,
0.06704500461924244,0.06915665830803748,0.06403485773828234,0.06915665830803748,0.058216629223731414,
0.06839963240120782,0.06734935013784955,0.06588787760176658,0.06734935013784955,0.05949967831104911,
0.0657964135021097,0.07608122362869198,0.0742186675668649,0.07608122362869198,0.06760118546094394,
0.06776071995764955,0.07120169401799895,0.0687106540412646,0.07120169401799895,0.06318315928827313,
0.0669328010645376,0.07624750499001996,0.0759884370969014,0.07624750499001996,0.06762688745963413,
0.06879639448568399,0.0714475079533404,0.06531970253996146,0.0714475079533404,0.06086154573504984,
0.06391671059567738,0.0716921454928835,0.07078360225819641,0.0716921454928835,0.06414062405167698,
0.06377921563449096,0.07605968572560412,0.07279933885940562,0.07605968572560412,0.06493137555716509,
0.061699035539701415,0.07002246003435064,0.06702505537588063,0.07002246003435064,0.06193613955481183,
0.06695721077654516,0.06973058637083994,0.0663396265811047,0.06973058637083994,0.06021237751104823,
0.06658755274261603,0.06790611814345991,0.06733720239408464,0.06790611814345991,0.06014710976535142,
0.06552856204858831,0.06815495732107682,0.06513544139242722,0.06815495732107682,0.05892411520526681,
0.06845868644067797,0.07282838983050847,0.07421138608602888,0.07282838983050847,0.06706103423234826,
0.06845355406648272,0.06608855603731441,0.0663588165677587,0.06608855603731441,0.05901064358193427,
0.07054438972447757,0.06734992679355783,0.06773403400465282,0.06734992679355783,0.060737489073192735,
0.0667981591058514,0.06877054569362262,0.06645548291445832,0.06877054569362262,0.05850443109437884,
0.07499668742546707,0.071551609911223,0.06990730355143197,0.071551609911223,0.06408695033162033,
0.06625231420259191,0.06929383760909812,0.06336979278064978,0.06929383760909812,0.05937978046891205,
0.06689401888772298,0.0676810073452256,0.06872565090137957,0.0676810073452256,0.06048704496488261,
0.06496915605722536,0.07074419215120094,0.06644635230737002,0.07074419215120094,0.062376911798326586,
0.06320243289699855,0.07510247256379743,0.07455659448995912,0.07510247256379743,0.06597761569681784,
0.06469574439878033,0.07211984621503381,0.06965338688223785,0.07211984621503381,0.060900489624120785,
0.06658755274261603,0.07238924050632911,0.06929083921759684,0.07238924050632911,0.06494082349696588,
0.06539833531510107,0.07055093143083631,0.06730392382091067,0.07055093143083631,0.06153502372137877,
0.06902911342379134,0.07192728230799632,0.06861137330063771,0.07192728230799632,0.0617650842759111,
