Majority Class Accuracy,Accuracy,Precision,Recall,F Score,Support
0.049030029231995745,0.05979271857560457,0.05001958828114126,0.05979271857560457,0.04466973508533698,
0.043783068783068785,0.06097883597883598,0.07279230826892173,0.06097883597883598,0.04719599135289445,
0.04880622609154465,0.060546102097348634,0.05450483225293602,0.060546102097348634,0.04574420686364013,
0.05243151133831433,0.06186918337921091,0.058696379783798394,0.06186918337921091,0.04655034120026588,
0.0518401266323704,0.05751220155652289,0.045792294766236745,0.05751220155652289,0.043322189801112805,
0.05210950932416347,0.06149980161354318,0.05902496308386407,0.06149980161354318,0.051332440064344516,
0.04798312681254943,0.06274716583179542,0.05963565137305314,0.06274716583179542,0.04944338930370035,
0.04826585783990505,0.06395885533430042,0.05956179051499679,0.06395885533430042,0.04970393019468148,
0.05340969632392115,0.05913692061800746,0.052336255536901306,0.05913692061800746,0.047244896109231646,
0.047587310050653156,0.060250599840042655,0.05466183060125537,0.060250599840042655,0.04502063511878881,
0.04689146469968388,0.0673076923076923,0.06323564703890502,0.0673076923076923,0.052974299218493476,
0.050410161418364643,0.061391902619740674,0.06086877175157968,0.061391902619740674,0.048390637035582426,
0.05152722443559097,0.06294820717131475,0.05626579865239552,0.06294820717131475,0.04797161357675366,
0.046671970299655266,0.06231768761601697,0.05850900989948344,0.06231768761601697,0.047384413629575135,
0.04695331047217093,0.06264837773674492,0.05988833209231714,0.06264837773674492,0.04754125765830649,
0.04580354778925073,0.05771776542229282,0.04969039119073224,0.05771776542229282,0.04439277252261223,
0.04946949602122016,0.05822281167108753,0.054393137492428904,0.05822281167108753,0.043253806607218816,
0.04756242568370987,0.062359624785308494,0.0561761006393382,0.062359624785308494,0.04908479078381761,
0.04719725013220518,0.06147540983606557,0.0596327147502831,0.06147540983606557,0.048154896163226366,
0.048741721854304636,0.06251655629139073,0.05827983516384409,0.06251655629139073,0.04662200309309101,
0.051176937318169795,0.06810367627611742,0.06530148451463966,0.06810367627611742,0.0598014532938135,
0.047196075831897125,0.05965796102346547,0.05555303992975009,0.05965796102346547,0.044651806202454666,
0.0481560095516052,0.05969753250198992,0.05562600839118416,0.05969753250198992,0.04772543129248511,
0.05030609528879425,0.06414692573862124,0.06465358256858579,0.06414692573862124,0.05164408034413619,
0.05059288537549407,0.06534914361001318,0.06224850045570103,0.06534914361001318,0.05272336077871634,
0.05225933202357564,0.062475442043222,0.05989303859863035,0.062475442043222,0.049663333090079045,
0.05047276601411639,0.06125982154747636,0.05419500510284489,0.06125982154747636,0.0479299392552596,
0.0483955812730142,0.063387690689111,0.054695192135516275,0.063387690689111,0.048479198164582855,
0.05058776911900674,0.06221106855105006,0.055399736912876626,0.06221106855105006,0.04899849608033488,
0.052666227781435156,0.06451612903225806,0.06032814152622313,0.06451612903225806,0.049478698372591064,
