Majority Class Accuracy,Accuracy,Precision,Recall,F Score,Support
0.03411344704482348,0.035039005685574505,0.031243089235144482,0.035039005685574505,0.02487850378167063,
0.02963354941129779,0.03968778939013097,0.03994863450784266,0.03968778939013097,0.03050864472542083,
0.034707446808510636,0.03829787234042553,0.03810356235661077,0.03829787234042553,0.030028964771739598,
0.031706022817723535,0.036216503051207216,0.03766312988601235,0.036216503051207216,0.02789426961781382,
0.03139968068121341,0.036721660457690264,0.03216796304096504,0.036721660457690264,0.027575077596111993,
0.0337624802942722,0.040987913820283765,0.04109166620586058,0.040987913820283765,0.031115887864548733,
0.034413497589716124,0.03253883235136583,0.02935849079350912,0.03253883235136583,0.02382143266751081,
0.036721660457690264,0.03712080894092602,0.04020116979556837,0.03712080894092602,0.02954092726451501,
0.029894179894179893,0.039947089947089946,0.0388120319085943,0.039947089947089946,0.030355659798722106,
0.03536892303616373,0.037223473307722875,0.03873119714265597,0.037223473307722875,0.03026833113565943,
0.03653389606963862,0.03415985228171986,0.03704411466499407,0.03415985228171986,0.02674001304138052,
0.034877599368254804,0.030007896814951304,0.025633063308145163,0.030007896814951304,0.022425225715091236,
0.03756238508011558,0.0365116889939585,0.033032806970129745,0.0365116889939585,0.026542112124761104,
0.031906407870247275,0.035229992023398035,0.03729627379892812,0.035229992023398035,0.026186794271072105,
0.03759200841219769,0.03719768664563617,0.038113357585360316,0.03719768664563617,0.02803169476835543,
0.03578030102983892,0.036044362292051754,0.03231426954634233,0.036044362292051754,0.025335542237997645,
0.03840550920407893,0.03694874851013111,0.033762019407566984,0.03694874851013111,0.02744401962292723,
0.032908704883227176,0.036756900212314224,0.03720598178985747,0.036756900212314224,0.029291022741203536,
0.03365321414486657,0.0333902984093598,0.03135816722415429,0.0333902984093598,0.025171087047042212,
0.033965768873557116,0.03171022953429747,0.03213840437699307,0.03171022953429747,0.024338045153135052,
0.03374031771038467,0.03623473808586058,0.03343254268022761,0.03623473808586058,0.02583074781517425,
0.03238598810310641,0.03780568407138136,0.03570411856309782,0.03780568407138136,0.027956859957736953,
0.031142781736605965,0.0332541567695962,0.03471667083725594,0.0332541567695962,0.02623601765351142,
0.02952807803849196,0.03572370155549697,0.0322495020294157,0.03572370155549697,0.025522479886510442,
0.033130135170951494,0.037503313013517094,0.03666223178624281,0.037503313013517094,0.02809973694749091,
0.03181999733723872,0.03714551990414059,0.03598954389935602,0.03714551990414059,0.0270556980399409,
0.0335741037988229,0.03838951310861423,0.039497589282828725,0.03838951310861423,0.029526803407620452,
0.033544638140517696,0.036318013734812464,0.0347073104719114,0.036318013734812464,0.026925143445819637,
0.0345146786564401,0.03081195450938905,0.025583195752014305,0.03081195450938905,0.022061764882382706,
0.029447035309793472,0.03664223850766156,0.03483040778810505,0.03664223850766156,0.026940546533776945,
