Majority Class Accuracy,Accuracy,Precision,Recall,F Score,Support
0.2868765004001067,0.236062950120032,0.13146660617895387,0.236062950120032,0.15533310399538822,
0.2819429778247096,0.2394403379091869,0.13187895150237472,0.2394403379091869,0.15420062359204206,
0.2939162496707927,0.25164603634448246,0.13593904719123764,0.25164603634448246,0.16091478434287207,
0.28778113902406943,0.2471392871235039,0.13395298617745308,0.2471392871235039,0.1582423742764723,
0.2908707680147543,0.24370965617178236,0.1359179854399676,0.24370965617178236,0.1613452648569556,
0.29224887951489587,0.21737411020300554,0.1342111689247352,0.21737411020300554,0.1568949933668661,
0.29678613939955034,0.20830577965877528,0.1270077332724257,0.20830577965877528,0.15356561536684726,
0.29369797859690844,0.23873695336239925,0.1389007745777657,0.23873695336239925,0.1652863057085153,
0.29998678472313994,0.24963657988634863,0.138845597116886,0.24963657988634863,0.16575231932954632,
0.29152363348296806,0.23501452336942172,0.1337198194109311,0.23501452336942172,0.15746110333776395,
0.29766767690077744,0.21728818026090393,0.13799543503834033,0.21728818026090393,0.1587414200187264,
0.2892605867516262,0.23762113367848134,0.13623814419482522,0.23762113367848134,0.15576603361982078,
0.2851856746398837,0.23430685872869036,0.13314177209390793,0.23430685872869036,0.15600513183629847,
0.2959724430312666,0.24112347641759407,0.13215012202634413,0.24112347641759405,0.1606930622752832,
0.28090332805071316,0.23137876386687797,0.13976404243886445,0.23137876386687797,0.1569305103153926,
0.28766404199475065,0.2368766404199475,0.1319409275494543,0.2368766404199475,0.1604230681875829,
0.2908176766340302,0.22294257740142895,0.1293918349304113,0.22294257740142895,0.1562764542739363,
0.3009927200529451,0.24884182660489743,0.1407314888554377,0.24884182660489743,0.16762860572225746,
0.28910392364793214,0.24443266171792152,0.14195180931171392,0.24443266171792152,0.1646303125451655,
0.29120148856990963,0.24308878256246677,0.1432157819957811,0.24308878256246677,0.16358353118200925,
0.2903863906105763,0.2448898852696822,0.13341506563691896,0.2448898852696822,0.1600845832824589,
0.28661666008685355,0.23805763916304776,0.13172018416848186,0.23805763916304776,0.1584128089214232,
0.29345104756884965,0.24799051258400318,0.14286127435749943,0.24799051258400318,0.16777204122824854,
0.29124290054154006,0.245806366398098,0.13577574886447785,0.245806366398098,0.16100693730419005,
0.2883144289105777,0.21643365866525982,0.13912578515070018,0.21643365866525982,0.1572913540601596,
0.30500133014099495,0.2532588454376164,0.14621709318568432,0.2532588454376164,0.17158469901697762,
0.2924007362608467,0.2356034709439916,0.13642601878378888,0.2356034709439916,0.15913779864233907,
0.2938538644157214,0.24940648905302032,0.1380070350652284,0.24940648905302032,0.16220080231701528,
0.2825392600479106,0.22970455150385946,0.12702976264262578,0.22970455150385946,0.15291459384442785,
0.2888977317946677,0.2124950258654994,0.13207705303315773,0.21249502586549943,0.1540492567022759,
