Majority Class Accuracy,Accuracy,Precision,Recall,F Score,Support
0.16096207215541167,0.15461873926258754,0.053492718134293966,0.15461873926258754,0.06688628934770975,
0.17607491427064098,0.16618306515431286,0.07163153830333253,0.16618306515431286,0.07474026473638734,
0.17765422292824992,0.1664019062748213,0.0728979015365439,0.1664019062748213,0.07711674263284986,
0.1679672001058061,0.15910593836794074,0.05653073307451683,0.15910593836794074,0.06869314846492043,
0.16943521594684385,0.16292358803986712,0.06326545692336433,0.16292358803986712,0.06928662573132868,
0.17084826762246116,0.16155582105402894,0.0629304532881722,0.16155582105402894,0.07136279984413472,
0.1734258271077908,0.16688900747065102,0.056134642823457676,0.16688900747065102,0.0717885842541642,
0.16290726817042606,0.15472892758211318,0.059638222927151895,0.15472892758211318,0.06713306404379883,
0.17039473684210527,0.16855263157894737,0.07350713568057933,0.16855263157894737,0.07178296666726326,
0.17305151915455746,0.16367239101717304,0.05586290715434186,0.16367239101717304,0.069073664194228,
0.17885963751819023,0.16708559333245138,0.056130734434419946,0.16708559333245138,0.07189331418276344,
0.16567342073897498,0.15905178122103034,0.05903352088090623,0.15905178122103034,0.06879500653939444,
0.1742683891378856,0.16227260743474822,0.061989964593491195,0.16227260743474822,0.07260207367646303,
0.16554366494913464,0.15669176905799972,0.05749654042273581,0.15669176905799972,0.07327936287485651,
0.17544323895210373,0.16327070653612066,0.06945893579034154,0.16327070653612066,0.07021440130001524,
0.16911278593150866,0.16197276213142933,0.05944061331869481,0.16197276213142933,0.07278080956133172,
0.16312524745941664,0.15441467599313713,0.05556744078366895,0.15441467599313713,0.06665993653509465,
0.16261781494756405,0.15199787601221293,0.06165004780359638,0.15199787601221293,0.0655361595114743,
0.16843783209351754,0.16418703506907545,0.056008891504884493,0.16418703506907545,0.06977792392497315,
0.17214955740520543,0.16646848989298454,0.0656093515257974,0.16646848989298454,0.07400449450728477,
0.1711166644745495,0.16125213731421806,0.06344586004558708,0.16125213731421806,0.0673570892430396,
0.17416027505950807,0.1619941814334832,0.05716405349292499,0.1619941814334832,0.07225779427217678,
0.1713683100448194,0.16266807276562087,0.056350211131604176,0.16266807276562087,0.07306181574352916,
0.17088438998401706,0.16249334043686733,0.060504585836976744,0.16249334043686733,0.07147410217083462,
0.17871723956275518,0.16976162254708285,0.07708561822162202,0.16976162254708285,0.07634569990971386,
0.17446019340309976,0.16770433169956286,0.07336614952519012,0.16770433169956286,0.07140766110424128,
0.16895156025590807,0.15720067893980938,0.06093422274810221,0.15720067893980938,0.07101779427271113,
0.16719702996552638,0.15990453460620524,0.05433161095238583,0.15990453460620524,0.06913035405734522,
0.16528381403924666,0.158172000526801,0.05641307858975541,0.158172000526801,0.06841553905106075,
0.17497376705141657,0.16710388247639035,0.0616154851566847,0.16710388247639035,0.07747857102870397,
