Majority Class Accuracy,Accuracy,Precision,Recall,F Score,Support
0.10648272167157782,0.11264398607018483,0.1142599933139289,0.11264398607018483,0.10444929665300577,
0.08887417218543046,0.10251655629139073,0.1042298096002455,0.10251655629139073,0.09728612938463058,
0.09945630552977058,0.10873889404588251,0.11019347423793673,0.10873889404588251,0.09333259524181012,
0.09509243250432238,0.11504189386886554,0.09716808297486966,0.11504189386886554,0.09589113701460489,
0.09849086576648133,0.11702409319565793,0.11583542973247646,0.11702409319565793,0.10585253069431202,
0.10018552875695733,0.11264245958123509,0.11089344826771684,0.11264245958123509,0.10335567514168217,
0.10252012138804592,0.11122839424726218,0.11146439529021314,0.11122839424726218,0.09917829491148263,
0.09919108871502454,0.11245192945232728,0.11292346527331823,0.11245192945232728,0.10786893689964311,
0.1042904290429043,0.11075907590759076,0.10758538288936956,0.11075907590759076,0.10055647831684895,
0.10182010023740438,0.1113162753890794,0.10932398416392225,0.1113162753890794,0.09906244477803086,
0.09960629921259842,0.11167979002624671,0.10605641406311468,0.11167979002624671,0.10270548324743527,
0.09784477059367976,0.11093481422715853,0.10677975035613615,0.11093481422715853,0.09394998854223569,
0.10346194503171248,0.11456131078224102,0.11388112939804369,0.11456131078224102,0.1052200471647164,
0.095953604850402,0.11229735073151444,0.11287684075576392,0.11229735073151444,0.09871105266511473,
0.10091743119266056,0.10490626246509772,0.10124551761834329,0.10490626246509772,0.09236253023465427,
0.10650887573964497,0.11518737672583826,0.11300094488377066,0.11518737672583826,0.10487905761447738,
0.0987852089173675,0.11587238018956081,0.11120274947183488,0.11587238018956081,0.10274068851770865,
0.09854689564068692,0.10766182298546896,0.10454941145660543,0.10766182298546896,0.09724009051429622,
0.09767750497677505,0.10524220305242203,0.10553119575288027,0.10524220305242203,0.09550244958253791,
0.10385126162018592,0.10424966799468792,0.09553426097814194,0.10424966799468792,0.0867062072939938,
0.09906836373179373,0.10759742815903425,0.10370524473477481,0.10759742815903425,0.09687705799102984,
0.09584158415841584,0.11036303630363037,0.10893105297899996,0.11036303630363037,0.09371953460271912,
0.10584329349269589,0.11328021248339973,0.10535711871614807,0.11328021248339973,0.09214249872703822,
0.10328389830508475,0.11771716101694915,0.10650793126842759,0.11771716101694915,0.09591668427576197,
0.10079681274900398,0.1047808764940239,0.10081254694942748,0.1047808764940239,0.08726341226207647,
0.1023944966265379,0.11350707765577457,0.109273548152393,0.11350707765577457,0.10372270793750424,
0.09556585043017869,0.11303772336201191,0.10400444270141371,0.11303772336201191,0.09135781028258087,
0.09609012591119948,0.11530815109343936,0.1185726980760399,0.11530815109343936,0.1117302350914479,
0.09429214673553171,0.11746788504833797,0.11177590279265308,0.11746788504833797,0.09254857322124782,
0.10038405509204079,0.12157330154946365,0.1094642550401856,0.12157330154946365,0.10094844753258597,
