Majority Class Accuracy,Accuracy,Precision,Recall,F Score,Support
0.2750230172300408,0.2750230172300408,0.0756376600063153,0.2750230172300408,0.11864516794471121,
0.26446934739617667,0.26446934739617667,0.06994403571215958,0.26446934739617667,0.11062986359644049,
0.26610978520286394,0.26610978520286394,0.0708144177807144,0.26610978520286394,0.11186141771958277,
0.2662893247334474,0.2662893247334474,0.0709100044669954,0.2662893247334474,0.11199652888477424,
0.2765448504983389,0.2765448504983389,0.0764770543371486,0.2765448504983389,0.11981882862524322,
0.27075434697346057,0.27075434697346057,0.07330791640502508,0.27075434697346057,0.11537700670412282,
0.2714153316562955,0.2714153316562955,0.07366628225809688,0.2714153316562955,0.11588075182659707,
0.26649041639127563,0.26649041639127563,0.07101714202839547,0.26649041639127563,0.11214793433771247,
0.265715795034337,0.265715795034337,0.0706048837307298,0.265715795034337,0.1115651459952183,
0.2704626334519573,0.2704626334519573,0.07315003609376781,0.2704626334519573,0.11515495878066528,
0.26377273330678347,0.26377273330678347,0.06957605483613152,0.26377273330678347,0.11010849182365101,
0.27402700555996823,0.27402700555996823,0.07509079977616286,0.27402700555996823,0.11787944752891402,
0.26306068601583116,0.26306068601583116,0.06920092452711969,0.26306068601583116,0.10957656317434036,
0.26584623527854967,0.26584623527854967,0.07067422081177799,0.26584623527854967,0.11166320022467204,
0.26235791699709227,0.26235791699709227,0.06883167661105316,0.26235791699709227,0.10905255266238678,
0.2694484664999342,0.2694484664999342,0.07260247609916616,0.2694484664999342,0.11438428264731756,
0.26476793248945146,0.26476793248945146,0.07010205807473874,0.26476793248945146,0.11085362978290629,
0.27173340358271864,0.27173340358271864,0.07383904262264865,0.27173340358271864,0.11612346174855487,
0.27151706867009356,0.27151706867009356,0.07372151857920031,0.27151706867009356,0.11595836248790148,
0.26787830896878706,0.26787830896878706,0.07175878841597694,0.26787830896878706,0.11319507228472273,
0.26692861820563196,0.26692861820563196,0.07125088721716803,0.26692861820563196,0.11247813995721656,
0.2731713757591761,0.2731713757591761,0.07462260053416099,0.2731713757591761,0.11722318291936853,
0.2695525162661001,0.2695525162661001,0.07265855902538618,0.2695525162661001,0.1144632586591744,
0.2692307692307692,0.2692307692307692,0.07248520710059171,0.2692307692307692,0.11421911421911422,
0.2637623762376238,0.2637623762376238,0.0695705911185178,0.2637623762376238,0.11010074746114536,
0.26814382380257396,0.26814382380257396,0.07190111024346582,0.26814382380257396,0.11339582923310358,
0.27573432124900765,0.27573432124900765,0.07602941591465097,0.27573432124900765,0.11919318097550964,
0.2678950159066808,0.2678950159066808,0.07176773954764075,0.2678950159066808,0.11320770039673851,
0.2676074914270641,0.2676074914270641,0.07161376946788617,0.2676074914270641,0.1129904484664474,
0.2762810353935552,0.2762810353935552,0.0763312105181349,0.2762810353935552,0.11961505091956075,
