Majority Class Accuracy,Accuracy,Precision,Recall,F Score,Support
0.3755296610169492,0.3748675847457627,0.19109874652267655,0.3748675847457627,0.20967762431789855,
0.36799576102795073,0.36799576102795073,0.17166216261393324,0.36799576102795073,0.20101807600210175,
0.3736626601505746,0.373134328358209,0.17594549377008764,0.373134328358209,0.20446479733534953,
0.37654972302822476,0.37615404906357164,0.18314074276024936,0.37615404906357164,0.21159606355166033,
0.38396288933068257,0.38396288933068257,0.1731088786263315,0.38396288933068257,0.21369424388274139,
0.3804347826086957,0.3793871136720796,0.16379512310179012,0.3793871136720796,0.2109107225106308,
0.37819667809122065,0.37832849986817824,0.1771704480522445,0.37832849986817824,0.2101531597698569,
0.37817460317460316,0.3768518518518518,0.16748251713764364,0.3768518518518518,0.2090889619700792,
0.38380374571353204,0.38419941967818516,0.18512160062080601,0.38419941967818516,0.2158699588583046,
0.37212643678160917,0.37212643678160917,0.18216413396730996,0.37212643678160917,0.20393355100411645,
0.3789320644990748,0.3795929156753899,0.19740068846001327,0.3795929156753899,0.21037532864156724,
0.37988679742003423,0.37909701197841256,0.1644340579059984,0.37909701197841256,0.2104429207964241,
0.368281000532198,0.36748270356572643,0.1648724571627307,0.36748270356572643,0.20020657061968944,
0.3710383238297308,0.3656013791274367,0.15956556029808872,0.3656013791274367,0.20360032303586215,
0.37758189711880014,0.37771345875542695,0.16707913174907046,0.37771345875542695,0.20997066496877356,
0.37430975545621875,0.37352090454904024,0.16819549275001244,0.37352090454904024,0.20769067537822858,
0.3865280884094198,0.38600184186291275,0.18698281581090953,0.38600184186291275,0.2200029935367232,
0.3818278005554821,0.38209231583123926,0.1739177494583423,0.38209231583123926,0.21451673692927495,
0.3806460084033613,0.3794642857142857,0.16741404240413665,0.3794642857142857,0.21126279566482586,
0.3877984084880637,0.3870026525198939,0.18911236730330913,0.3870026525198939,0.21850067406767537,
0.3741926980361144,0.3735336760247792,0.16417896153237435,0.3735336760247792,0.20599237764013162,
0.3783570300157978,0.3776987888362296,0.17381546209524829,0.3776987888362296,0.20883801855609388,
0.38587173018191473,0.38587173018191473,0.1869685954052506,0.38587173018191473,0.21628747043703073,
0.38170347003154576,0.38104626708727657,0.1616004719978211,0.38104626708727657,0.21134557427989653,
0.3649926735047289,0.3653923005195151,0.20744926034841546,0.3653923005195151,0.19732064321429013,
0.3758105068148736,0.3750165409554056,0.2018308805654257,0.3750165409554056,0.20831754247797477,
0.38627347262628936,0.38587675218196243,0.16918565462090007,0.38587675218196243,0.21576632670559961,
0.3758575197889182,0.37532981530343007,0.1666242470901231,0.37532981530343007,0.20604206624578356,
0.37743345252284466,0.37637399019997353,0.16633287115259704,0.37637399019997353,0.20913075001802087,
0.3804691618344755,0.3798102266736953,0.16413241902424686,0.3798102266736953,0.2108344482803414,
