Majority Class Accuracy,Accuracy,Precision,Recall,F Score,Support
0.19612495057334914,0.22037696059048373,0.22196036704930214,0.22037696059048373,0.21344012698564396,
0.20189898457075037,0.22550441777660557,0.21843403987637156,0.22550441777660557,0.21200034691519482,
0.1999734431018457,0.2245385738945691,0.2253842444150854,0.2245385738945691,0.20515564713475137,
0.1938046068308181,0.22239872915011913,0.22300037780235585,0.22239872915011913,0.21622339468426202,
0.20842105263157895,0.2206578947368421,0.21739228266651633,0.2206578947368421,0.21415984321877188,
0.2079768329603791,0.22166644728182178,0.21670902127681252,0.22166644728182178,0.21216767382782228,
0.19552850906204525,0.22476518057944173,0.2222908335828258,0.22476518057944173,0.2148815936390852,
0.2041705160353702,0.21842417843473672,0.21526819194908214,0.21842417843473672,0.2081014464836219,
0.20720957768714643,0.21536639915800554,0.21563827159047882,0.21536639915800554,0.2114675812104535,
0.20318725099601595,0.21686586985391768,0.2158623301045597,0.21686586985391768,0.20549982747844725,
0.19477938253610705,0.2277726248840599,0.22580887802455357,0.2277726248840599,0.21175421711264084,
0.20922220749966874,0.2302901815290844,0.2287267649286562,0.2302901815290844,0.21460487524296828,
0.19931180518793012,0.22048703017469562,0.21754481088616495,0.22048703017469562,0.21289533773820477,
0.20283894932342797,0.22220748209074026,0.21739930024515178,0.22220748209074026,0.20078507608740762,
0.19905337891138575,0.22732053641861688,0.22594640398205246,0.22732053641861688,0.21726087369913022,
0.19648287716514612,0.230728546872934,0.2255835302921289,0.230728546872934,0.22175411980290755,
0.20495823942728358,0.22219276150072914,0.21888709171783854,0.22219276150072914,0.2084837565995971,
0.20637873754152825,0.22631229235880398,0.22167461560441543,0.22631229235880398,0.2115398377875499,
0.19699960521121201,0.22252928016844323,0.2222739841549546,0.22252928016844323,0.21667502051925952,
0.20034496484012207,0.22117553403210827,0.22150602887828083,0.22117553403210827,0.2077665397195418,
0.19924272098185142,0.22457239848544197,0.2258508421759842,0.22457239848544197,0.2215611660071505,
0.202113606340819,0.22179656538969617,0.21760957767158787,0.22179656538969617,0.21159584501956613,
0.19888104435859863,0.2212601571866258,0.21778829715442768,0.2212601571866258,0.2111417839720428,
0.19575533878196677,0.2231742683891379,0.2220681789457651,0.2231742683891379,0.21204414314358247,
0.2102310671831174,0.22919727527714706,0.22595686956801747,0.22919727527714706,0.22567457760177664,
0.20661813368630047,0.22700198544010589,0.2246012865013978,0.22700198544010589,0.21448640254960918,
0.2075446898002103,0.23186119873817035,0.2246885874940512,0.23186119873817035,0.21667802827286556,
0.19840319361277445,0.2190286094477711,0.21675314090154155,0.2190286094477711,0.21695776631468874,
0.19532710280373833,0.22269692923898532,0.21985322734481497,0.22269692923898532,0.2174364334229108,
0.20031712473572938,0.23150105708245244,0.22777958248639285,0.23150105708245244,0.2188421222333243,
