Majority Class Accuracy,Accuracy,Precision,Recall,F Score,Support
0.026617472657794176,0.026090393991303203,0.026891683933608673,0.026090393991303203,0.024809563819858313,
0.022763578274760384,0.027156549520766772,0.026975448199629336,0.027156549520766772,0.025881668918579116,
0.025215660252156602,0.027471798274717983,0.025594454637704614,0.027471798274717983,0.025073319662696728,
0.026252665245202558,0.02638592750533049,0.026542477005540424,0.02638592750533049,0.025039326939353318,
0.023616823669895183,0.028525938702401485,0.028069630804216435,0.028525938702401485,0.026308064388310803,
0.026308866087871613,0.025388055774796105,0.025817624773234966,0.025388055774796105,0.023913906888074286,
0.02722967640094712,0.025914233096553538,0.025714622441438722,0.025914233096553538,0.024114940365144354,
0.024580414959693406,0.026694859257301442,0.02718662454616864,0.026694859257301442,0.02551718399126535,
0.025580168776371308,0.024393459915611815,0.024727633417689694,0.024393459915611815,0.023008787572843997,
0.02544831223628692,0.031118143459915613,0.031095415181085113,0.031118143459915613,0.028755969793673456,
0.023594909862142098,0.030222693531283137,0.03007632821670835,0.030222693531283137,0.028115631795038846,
0.027817871670384464,0.024668678651095656,0.02421466357062691,0.024668678651095656,0.02255942526805198,
0.026779795837200054,0.028105528304388176,0.02655208684224985,0.028105528304388176,0.025789338877888188,
0.025843881856540084,0.028744725738396624,0.02955675656186151,0.028744725738396624,0.027175354433097758,
0.02157511581733951,0.02898742554599603,0.02894134459323837,0.02898742554599603,0.026453783715903036,
0.026361336706164293,0.02476367993609373,0.02441169818788229,0.02476367993609373,0.023334156177349182,
0.029825026511134677,0.02545068928950159,0.025210419763156435,0.02545068928950159,0.024057665853329434,
0.025282767797737856,0.026480372588157018,0.027486430342920434,0.026480372588157018,0.025298928899735718,
0.02501654533421575,0.025678358702845797,0.025201761231291506,0.025678358702845797,0.024127041583158187,
0.024252010017134572,0.02926057730328193,0.02878581641510638,0.02926057730328193,0.027539395116613716,
0.02576019120966671,0.024697915283494888,0.02402963151989377,0.024697915283494888,0.02277567821594077,
0.023952897096213035,0.026763013515321826,0.02643379151955832,0.026763013515321826,0.025452733860041092,
0.025651249335459862,0.029239766081871343,0.028421717373352803,0.029239766081871343,0.02705662639863381,
0.02328658375231543,0.027785128340830908,0.027111008651026138,0.027785128340830908,0.025887592969920683,
0.02811881188118812,0.027194719471947196,0.025392956966947964,0.027194719471947196,0.02472740301924375,
0.027055424218544784,0.02311531389545574,0.02294043245834327,0.02311531389545574,0.021538030945519416,
0.028211920529801326,0.026490066225165563,0.025446441582632814,0.026490066225165563,0.02470058585480118,
0.02486514932245757,0.02894356005788712,0.02762577264812328,0.02894356005788712,0.02707969923862534,
0.02413793103448276,0.025729442970822282,0.025121083884389717,0.025729442970822282,0.024047865486738148,
0.023418893887271766,0.02474199523683514,0.02198813804006941,0.02474199523683514,0.021514797101079834,
