Majority Class Accuracy,Accuracy,Precision,Recall,F Score,Support
0.22905846317752032,0.22905846317752032,0.05246777955324743,0.22905846317752032,0.08537881821764762,
0.2340933191940615,0.2340933191940615,0.05479968209129276,0.2340933191940615,0.08880962442464288,
0.23074884029158382,0.23074884029158382,0.05324502729591086,0.23074884029158382,0.08652460283171386,
0.23670531787285087,0.23670531787285087,0.05602940750928737,0.23670531787285087,0.09061076506998235,
0.23511470627237768,0.23511470627237768,0.055278925105546425,0.23511470627237768,0.08951221263064754,
0.2327143421572501,0.2327143421572501,0.054155965045681674,0.2327143421572501,0.08786458175039763,
0.23978779840848807,0.23978779840848807,0.05749818826558971,0.23978779840848807,0.09275488650460985,
0.23710792131844763,0.23710792131844763,0.05622016635195515,0.23710792131844763,0.09088967160122702,
0.2455422005019152,0.2455422005019152,0.06029097222732272,0.2455422005019152,0.09681080609396826,
0.23487544483985764,0.23487544483985764,0.05516647458872101,0.23487544483985764,0.08934743146645882,
0.234279649774476,0.234279649774476,0.05488695429845113,0.234279649774476,0.08893763144920994,
0.23176361957525393,0.23176361957525393,0.05371437535862303,0.23176361957525393,0.08721539507254683,
0.23175279701651572,0.23175279701651572,0.053709358924978336,0.23175279701651572,0.08720801617836015,
0.2394590294351631,0.2394590294351631,0.0573406267780303,0.2394590294351631,0.09252524757379216,
0.2412338518323227,0.2412338518323227,0.05819377126985903,0.2412338518323227,0.0937676187028782,
0.23459061637534498,0.23459061637534498,0.055032757291364275,0.23459061637534498,0.08915142649137552,
0.23012496676415847,0.23012496676415847,0.052957500328205044,0.23012496676415847,0.08610100885523794,
0.2300908253257865,0.2300908253257865,0.052941787899101596,0.2300908253257865,0.08607785182867304,
0.23794424626767077,0.23794424626767077,0.05661746433188995,0.23794424626767077,0.09147013607856458,
0.24161605492474253,0.24161605492474253,0.058378317997396206,0.24161605492474253,0.09403602307789853,
0.23675474704554508,0.23675474704554508,0.05605281024860004,0.23675474704554508,0.09064498904492309,
0.2302910052910053,0.2302910052910053,0.05303394711794183,0.2302910052910053,0.08621366309249333,
0.2378064856314263,0.2378064856314263,0.05655192460836977,0.2378064856314263,0.09137441961216039,
0.23472926113630302,0.23472926113630302,0.055097826033594734,0.23472926113630302,0.08924681348021025,
0.227662663323215,0.227662663323215,0.05183028827141954,0.227662663323215,0.0844373455670922,
0.24007411328745368,0.24007411328745368,0.05763557987075714,0.24007411328745368,0.09295505688440577,
0.23282442748091603,0.23282442748091603,0.054207214031816324,0.23282442748091603,0.08793987663365868,
0.23632993512511585,0.23632993512511585,0.055851838236241465,0.23632993512511585,0.0903510246730203,
0.2391850773911893,0.2391850773911893,0.05720950124662922,0.2391850773911893,0.0923340706572585,
0.2298472075869336,0.2298472075869336,0.05282973883551095,0.2298472075869336,0.0859126865672484,
