Majority Class Accuracy,Accuracy,Precision,Recall,F Score,Support
0.15017064846416384,0.11564715148332896,0.05985281232190009,0.11564715148332896,0.07203047194307119,
0.15798519301956637,0.11991010047593866,0.060931963091932495,0.11991010047593866,0.07383107814286557,
0.15789473684210525,0.12218520986009328,0.0651337254384885,0.12218520986009328,0.07686894065852962,
0.15888345019182432,0.11562375975658155,0.05757442037939701,0.11562375975658155,0.07180238872129266,
0.16236601826121477,0.12332936350403599,0.060947203751952686,0.12332936350403599,0.0768426486869423,
0.15518849074197416,0.11296123617956574,0.06234559867122289,0.11296123617956574,0.07476562319793241,
0.1581598833355429,0.12316054620177648,0.06680041497616426,0.12316054620177648,0.08152654116625381,
0.1592838196286472,0.12082228116710875,0.06288602298009782,0.12082228116710875,0.0779468511565481,
0.1447385750032925,0.11220861319636508,0.05377033593066967,0.11220861319636508,0.06783249892702276,
0.14614667908957807,0.11513376813523227,0.058045272278888,0.11513376813523227,0.0720917734854449,
0.14926944846649992,0.11701987626694747,0.0638921254802612,0.11701987626694747,0.07510086760797545,
0.16289233214143822,0.11468679645080122,0.06037151236386434,0.11468679645080122,0.0732850242114344,
0.15745526838966203,0.12286282306163022,0.05957819832229456,0.12286282306163022,0.07379099818637422,
0.15600685744428328,0.1201371488856653,0.0665410860618648,0.1201371488856653,0.07539105226931565,
0.15920529801324504,0.11655629139072848,0.060613439096468165,0.11655629139072848,0.07379771892271457,
0.1550879978827577,0.11750694720127035,0.060488426867218496,0.11750694720127035,0.07253514532370728,
0.16213002114164904,0.11733615221987315,0.061133309899935546,0.11733615221987315,0.07461722651273116,
0.15687830687830687,0.12156084656084656,0.05977447585109436,0.12156084656084656,0.07506086534696814,
0.1517974284964576,0.11506166360535293,0.05885925890915851,0.11506166360535293,0.07162115148656194,
0.15357190017166247,0.11488181698138122,0.060115730906750736,0.11488181698138122,0.07420267079006976,
0.14801539891145626,0.11681932828886234,0.059483982837313695,0.11681932828886234,0.07069937006235937,
0.15580139602265244,0.1110233109442908,0.05960584974481862,0.1110233109442908,0.07065369293506527,
0.14816283372984404,0.11644197726671954,0.06053942804435419,0.11644197726671954,0.07349589488996938,
0.15701603286073937,0.1144825758579568,0.06076407146394416,0.1144825758579568,0.07211490527441153,
0.1501248849743657,0.11752333377152623,0.058611967789041756,0.11752333377152623,0.07195114095070423,
0.15878467635402907,0.11875825627476883,0.06154468064876939,0.11875825627476883,0.07468390074987864,
0.1551111695829496,0.11498487041178793,0.060705190125576465,0.11498487041178793,0.07206851582188718,
0.15509383378016087,0.11742627345844504,0.06373553802734076,0.11742627345844504,0.07399346747685644,
0.15427435387673957,0.11822398939695163,0.06089975678503557,0.11822398939695163,0.07505773951908197,
0.15260039499670836,0.1206056616194865,0.0632621635965227,0.1206056616194865,0.07496688913279642,
