Majority Class Accuracy,Accuracy,Precision,Recall,F Score,Support
0.05114312144839434,0.058279370952821465,0.05595519787034334,0.058279370952821465,0.05338785350237219,
0.04893168029543656,0.060142442627275125,0.057202334105767104,0.060142442627275125,0.0543288677488182,
0.0541299117882919,0.06428762363004545,0.06015540528535004,0.06428762363004545,0.05703919105578329,
0.05498873724658805,0.06148138333112495,0.05628591501652971,0.06148138333112495,0.053159391459797714,
0.052666141318623585,0.056474914630943,0.05435348150638152,0.056474914630943,0.05114760784462501,
0.046870908614820635,0.06218905472636816,0.05997885774134652,0.06218905472636816,0.05622378468309564,
0.05152471083070452,0.05612513144058885,0.05302575446840339,0.05612513144058885,0.05015897302725739,
0.04982908230344465,0.05745464107283724,0.053146137502457294,0.05745464107283724,0.05049429436243074,
0.05080284285338247,0.05962095288233746,0.05460581012937615,0.05962095288233746,0.050051448680464926,
0.04629875298487662,0.05757495356858583,0.05424603135352302,0.05757495356858583,0.05146642938430445,
0.04704954658956499,0.056512025233276385,0.05491676406640839,0.056512025233276385,0.051660131791291974,
0.048864692603903866,0.05842517593945027,0.0556870448228767,0.05842517593945027,0.052423841829583644,
0.048314308468277146,0.058534642951951155,0.055206118494902125,0.058534642951951155,0.05159090595165076,
0.051109350237717906,0.059429477020602216,0.05478493405384659,0.059429477020602216,0.051054942003915145,
0.047675647120972005,0.055071315372424726,0.0541975051719813,0.055071315372424726,0.04945675905943121,
0.0475244903362457,0.05559968228752978,0.05178142970884471,0.05559968228752978,0.04970161630973066,
0.04687915006640106,0.055378486055776895,0.05379310201855373,0.055378486055776895,0.050444062573175144,
0.04997355896351137,0.059227921734531994,0.056526402218626426,0.059227921734531994,0.0538427085730488,
0.05286226590516669,0.05857351573914198,0.05436367199023735,0.05857351573914198,0.049114651293110725,
0.046007403490216814,0.05962453728186145,0.05675886792319583,0.05962453728186145,0.053409966607085996,
0.05221309302941956,0.06453750331301351,0.060490024494961894,0.06453750331301351,0.05677293072640791,
0.050575327803050574,0.056596200160556595,0.05575426886826081,0.056596200160556595,0.05107581709216409,
0.05179230363732209,0.06088560885608856,0.05930926894097528,0.06088560885608856,0.05467097609201102,
0.04965662968832541,0.056920232435287904,0.053911114439281996,0.056920232435287904,0.05104351632775053,
0.04946808510638298,0.05625,0.05209665818383838,0.05625,0.048973351267482555,
0.04732783834086679,0.05915979792608349,0.05509023661872592,0.05915979792608349,0.05198371743785386,
0.049310710498409335,0.06071049840933192,0.05774129949094387,0.06071049840933192,0.05477075767613203,
0.04748750328860826,0.05774796106287819,0.05374214782435964,0.05774796106287819,0.05036619398756295,
0.05374785930707417,0.0612567514161507,0.05896012770048292,0.0612567514161507,0.05538880202483061,
0.05100422832980973,0.05628964059196617,0.055273373031442405,0.05628964059196617,0.0528490396098507,
