Majority Class Accuracy,Accuracy,Precision,Recall,F Score,Support
0.017478813559322032,0.016022245762711863,0.01594581073556034,0.016022245762711863,0.011407529965453859,
0.015724101479915435,0.017970401691331923,0.01844695328803887,0.017970401691331923,0.012723646495034609,
0.015494636471990465,0.01615680042378493,0.012701178651525542,0.01615680042378493,0.01190460864155592,
0.014095639573178765,0.016993808457383745,0.010453465175954427,0.016993808457383745,0.010792636319547912,
0.01601588352084712,0.019457313037723363,0.02199097632247806,0.019457313037723363,0.014418257308530783,
0.016710526315789474,0.019342105263157893,0.01502176593965113,0.019342105263157893,0.01388542266959062,
0.016960381608586192,0.016032860739366637,0.013577928225617299,0.016032860739366637,0.01115918046143852,
0.015565228861627754,0.01912676427911885,0.018961621608747432,0.01912676427911885,0.014100570732903155,
0.013658665959421827,0.017902134995358705,0.013609881679754266,0.017902134995358705,0.012707222217923404,
0.01693135582097388,0.016668854180338626,0.01444695430265902,0.016668854180338626,0.012240661254951503,
0.01728916457700937,0.01808103471030751,0.012287196169086233,0.01808103471030751,0.011993622552581197,
0.014251781472684086,0.015703351807864873,0.015387407172642472,0.015703351807864873,0.011301307677503635,
0.01400819347165323,0.016122637769261264,0.013343384148807787,0.016122637769261264,0.012035699161303245,
0.016165363720683716,0.016032860739366637,0.013205818528141896,0.016032860739366637,0.011919825629732199,
0.013508196721311476,0.017311475409836064,0.013693304263978532,0.017311475409836064,0.01209976551939478,
0.017321168848340604,0.01943673145577152,0.01407268139583428,0.01943673145577152,0.014156045720053327,
0.01693345680645588,0.019447016801164174,0.01646808717880215,0.019447016801164174,0.014704908915176725,
0.01825584449697925,0.017073811400052534,0.017282855371202104,0.017073811400052534,0.012450564990331165,
0.014797199101598626,0.017043202536662704,0.013169346167523502,0.017043202536662704,0.012007906049827165,
0.016322232460181652,0.018165065157298935,0.017850617033214094,0.018165065157298935,0.013436577798035018,
0.018601583113456464,0.020448548812664908,0.01749204128830918,0.020448548812664908,0.014192705876053667,
0.015101337925553054,0.02132732812293019,0.01183690327798099,0.02132732812293019,0.012054833308797036,
0.017129199309520646,0.016598061346434736,0.01578506110175032,0.016598061346434736,0.012819015159336141,
0.017348695537014965,0.014435174149119321,0.01309167305940498,0.014435174149119321,0.010248132766676032,
0.017068007409367557,0.01587721619476052,0.013796911371756333,0.01587721619476052,0.012379105932271135,
0.01842523860021209,0.01683457051961824,0.010886648333958466,0.01683457051961824,0.011005220744030523,
0.01407154129405576,0.01643871646501841,0.011697423393565727,0.01643871646501841,0.011723892843959333,
0.01449466332850178,0.01831598366056134,0.016290570500863865,0.01831598366056134,0.014070899912890318,
0.01548438327157226,0.018528321863419798,0.015489525704618153,0.018528321863419798,0.01317143423649196,
0.015059445178335535,0.015852047556142668,0.01042896586262951,0.015852047556142668,0.010405666252372395,
