Majority Class Accuracy,Accuracy,Precision,Recall,F Score,Support
0.016352367137017012,0.01991296320717394,0.01456779212593789,0.01991296320717394,0.014200752881329512,
0.018034743402731732,0.01922821906908898,0.02557189679664946,0.01922821906908898,0.013973356909190179,
0.018567289965762443,0.019620753226231236,0.02464227729322753,0.019620753226231236,0.01421720002463305,
0.01816735181010476,0.025328205808248242,0.025514839248704076,0.025328205808248242,0.01911390872861376,
0.018954850598920627,0.020402790575227064,0.019925837509916746,0.020402790575227064,0.016611549535957924,
0.01793898127536991,0.019903103312819168,0.01754694355947938,0.019903103312819168,0.015239029498641036,
0.01595043501186396,0.018850514104930133,0.013678845029168328,0.018850514104930133,0.013282536891677006,
0.0169177901136664,0.019957705524715832,0.025372679727734136,0.019957705524715832,0.015419101128783384,
0.015745965096444037,0.01758299435769584,0.012892920760105281,0.01758299435769584,0.013364296517287511,
0.019659585697321548,0.020451246866341206,0.021453119640256733,0.020451246866341206,0.014207643826728664,
0.01629139072847682,0.02,0.015041530966701971,0.02,0.013996694784059658,
0.018376520359598095,0.020624008461131677,0.01569003694690483,0.020624008461131677,0.015009566949683036,
0.01972386587771203,0.020512820512820513,0.01902983828953775,0.020512820512820513,0.01502614042860659,
0.016655651024454727,0.02154659616655651,0.017360062063907476,0.02154659616655651,0.01628823329459688,
0.018912842216638012,0.018251554027245074,0.013768708977003927,0.018251554027245074,0.01299206579141561,
0.01633513371097352,0.018442892899486234,0.02110839024931421,0.018442892899486234,0.01224163647370483,
0.0164257555847569,0.019842312746386332,0.02126130309969117,0.019842312746386332,0.01658975329360948,
0.01851111998934612,0.0253029697696098,0.020651847320964697,0.0253029697696098,0.018625214641733806,
0.01765564848002124,0.0229656179476968,0.018856287256445028,0.0229656179476968,0.016729380751270322,
0.019399415360085038,0.020861015147488705,0.015164696698631188,0.020861015147488705,0.015240678893421677,
0.02120047701073274,0.016562872664634954,0.017599472749201685,0.016562872664634954,0.01306553340389802,
0.020204670690107583,0.020467069010758333,0.018147091152746188,0.020467069010758333,0.014557864363236878,
0.0183377308707124,0.01899736147757256,0.017536638690345722,0.01899736147757256,0.012386221215571078,
0.018036857927068356,0.02169651026009672,0.015651668291524038,0.02169651026009672,0.016041024795284468,
0.021077591885127124,0.018311157950204188,0.0151901955181095,0.018311157950204188,0.013688621579069502,
0.01814809908597165,0.023181878394489337,0.026898231606867416,0.023181878394489337,0.016905559691830347,
0.020316622691292877,0.02071240105540897,0.019785703378294137,0.02071240105540897,0.014722346565953455,
0.018857971778979295,0.021231702492417247,0.01928272647276434,0.021231702492417247,0.016157325331132174,
0.018852894317578334,0.018720127456186935,0.015978175528793048,0.018720127456186935,0.013490027501182025,
0.019161676646706587,0.02155688622754491,0.01925065931476519,0.02155688622754491,0.015530879705808407,
