Majority Class Accuracy,Accuracy,Precision,Recall,F Score,Support
0.012209688122096881,0.013934970139349702,0.010299609127690039,0.013934970139349702,0.007596067582697309,
0.014364786505007908,0.014760147601476014,0.01630570708145884,0.014760147601476014,0.009177391734665063,
0.013914656771799629,0.012987012987012988,0.009758581820662457,0.012987012987012988,0.008651774646044955,
0.012105893308500731,0.012504988692297459,0.01157173829951298,0.012504988692297459,0.008395528148801205,
0.01326155462184874,0.01483718487394958,0.019801138768974654,0.01483718487394958,0.008162767021317519,
0.013361555761344093,0.014419896811747586,0.013724428283698627,0.014419896811747586,0.007932119730673851,
0.012054576765134455,0.013776659160153663,0.010490376586373116,0.013776659160153663,0.007807227541968356,
0.011279193205944798,0.011279193205944798,0.006693578440601983,0.011279193205944798,0.006257096275165627,
0.011649457241196717,0.015223722531109346,0.02015304955953465,0.015223722531109346,0.009576179200550336,
0.01185926999604691,0.013045196995651601,0.010147129368069151,0.013045196995651601,0.007168360716558209,
0.011741424802110817,0.009366754617414248,0.0053809197568859,0.009366754617414248,0.004611391504897346,
0.012248701903874318,0.015843429636533086,0.013024232007108285,0.015843429636533086,0.009679769699866166,
0.010333863275039745,0.014970853206147324,0.011137422343588627,0.014970853206147324,0.008275403296345202,
0.015439429928741092,0.013591976774874637,0.009986463826033954,0.013591976774874637,0.007776483801119051,
0.015249966847898156,0.013923882774167883,0.014266043135851817,0.013923882774167883,0.008210754483367685,
0.01373299881156741,0.012676614287600687,0.008566851369651155,0.012676614287600687,0.007186752737837181,
0.012643224022125641,0.013960226524430396,0.01798949449197765,0.013960226524430396,0.007426849846590505,
0.011510981741201376,0.012701772955808415,0.008301633911229997,0.012701772955808415,0.00740006089285938,
0.016103484688489968,0.014519535374868005,0.01088605324414334,0.014519535374868005,0.008390257882327562,
0.011271714626707334,0.013791274366794854,0.009257958484891686,0.013791274366794854,0.008338284797838632,
0.012217795484727756,0.0150066401062417,0.008972257303990637,0.0150066401062417,0.007872647383231852,
0.014134742404227213,0.014927344782034346,0.026323727329175366,0.014927344782034346,0.00881803328768764,
0.012214551248008496,0.014471587891662242,0.009478436907740565,0.014471587891662242,0.008357188764023723,
0.013669542136695422,0.014863968148639682,0.010111847872049811,0.014863968148639682,0.007960471643420694,
0.011230017175320385,0.013872374157748711,0.00804264631603326,0.013872374157748711,0.007231771022870988,
0.011887465328226127,0.015321621978602562,0.010320487949204748,0.015321621978602562,0.008694993225935978,
0.0130074891604257,0.014189988175009854,0.008230942082421006,0.014189988175009854,0.007663844249276207,
0.012793458190451069,0.01424426272751253,0.00872995691622892,0.01424426272751253,0.007831484908561483,
0.011474544974940649,0.01292534951200211,0.013999596852689805,0.01292534951200211,0.008907661367786437,
0.011428571428571429,0.015282392026578074,0.010165770646610582,0.015282392026578074,0.009723710216816714,
