Majority Class Accuracy,Accuracy,Precision,Recall,F Score,Support
0.016406456734585868,0.017729558084149246,0.010806126544169865,0.017729558084149246,0.009684200659601086,
0.013863216266173753,0.017428043306047004,0.020830374719861943,0.017428043306047004,0.010676332933889244,
0.012440444679724723,0.018395976707252515,0.021009697518900302,0.018395976707252515,0.011248775874134169,
0.01415718444032813,0.018920349298756283,0.01245641068281144,0.018920349298756283,0.010824939436385487,
0.016814510790414405,0.014828544949026877,0.01461399663985017,0.014828544949026877,0.009928680373123375,
0.017018469656992084,0.021767810026385226,0.016646066037521248,0.021767810026385226,0.012084802069280526,
0.01839926402943882,0.01839926402943882,0.010334936868443233,0.01839926402943882,0.010393756061020533,
0.01574282312475195,0.016007408387352824,0.013227922109453371,0.016007408387352824,0.009789055373142308,
0.015254012468497148,0.017111022682053324,0.011739206046384733,0.017111022682053324,0.009591216235416936,
0.014270751505629746,0.015972767740246138,0.02617408444315737,0.015972767740246138,0.009913323332346225,
0.016310834106882378,0.01776952658798568,0.014911178156398594,0.01776952658798568,0.011986431348009701,
0.018071494525788153,0.01701622477245746,0.015685876034047055,0.01701622477245746,0.009997138456919574,
0.014799154334038054,0.018763213530655392,0.03110254184115786,0.018763213530655392,0.011407997740057806,
0.01643655489809336,0.0210387902695595,0.01708901942902782,0.0210387902695595,0.013029248058815739,
0.0157543391188251,0.01789052069425901,0.014192608493393993,0.01789052069425901,0.010740081385943515,
0.01683010866684336,0.018420355155049032,0.02093399244141622,0.018420355155049032,0.011864852593454246,
0.016101359377062162,0.01755312128810875,0.012846008546361126,0.01755312128810875,0.009933840551698022,
0.018270241850683492,0.01840168243953733,0.013116243536248547,0.01840168243953733,0.011542424196575902,
0.01611411966715097,0.01981244221371021,0.014791360776733159,0.01981244221371021,0.012105160392226779,
0.0174271650924571,0.01849141944924837,0.01235752607848034,0.01849141944924837,0.011504474945405909,
0.016538766869542205,0.01799417835406192,0.012027861538218922,0.01799417835406192,0.00905118870587373,
0.017218543046357615,0.016556291390728478,0.009017652668804011,0.016556291390728478,0.008871261266478785,
0.014373170082512644,0.01703486824594091,0.013825519746229718,0.01703486824594091,0.010013012936847898,
0.01672593177927038,0.01909653628341894,0.01021005025090928,0.01909653628341894,0.010831154585460495,
0.01563949635520212,0.01855533465871438,0.01816428493725982,0.01855533465871438,0.010673123548404046,
0.015645717316361708,0.017369398037655793,0.013361069550547399,0.017369398037655793,0.010753102821119229,
0.014190981432360743,0.017374005305039786,0.015497747578948761,0.017374005305039786,0.010605797506291594,
0.016282764098490866,0.019857029388403495,0.0142049947253911,0.019857029388403495,0.011763928811642028,
0.01576367730825275,0.017750695456351835,0.013351679692761407,0.017750695456351835,0.010535287456522826,
0.01549053356282272,0.016946908513173573,0.014096889391222705,0.016946908513173573,0.010860227828452116,
