Majority Class Accuracy,Accuracy,Precision,Recall,F Score,Support
0.19001588983050846,0.1472457627118644,0.07667991944494686,0.1472457627118644,0.09666884406211912,
0.18179423000922146,0.14596232380450533,0.07531653236072995,0.14596232380450533,0.08905636108775533,
0.19094878920206432,0.15177980680164085,0.08157845959064478,0.15177980680164085,0.09649930144111356,
0.1806849494816953,0.14473166251148142,0.07611733192813472,0.14473166251148142,0.09184950440224789,
0.18023641917917385,0.1459689201753221,0.0791702200688776,0.1459689201753221,0.09266631867866637,
0.18684071729957805,0.13844936708860758,0.07564004757939825,0.13844936708860758,0.08989645336468341,
0.191222983658408,0.13956246705324196,0.07377672841640343,0.13956246705324196,0.09199858252396419,
0.18133756278086174,0.13639968279143536,0.07647410465453265,0.13639968279143536,0.09103081247666303,
0.19400422609614368,0.14976228209191758,0.07916436727755205,0.14976228209191758,0.09672209146284391,
0.1910067648229208,0.14696909404430294,0.08337897157176868,0.14696909404430294,0.09814350843305944,
0.18984987378769763,0.1490633718612993,0.0790313913630404,0.1490633718612993,0.09388858892682547,
0.18616101131071192,0.13652694610778443,0.07536011466906027,0.13652694610778443,0.08831384975131523,
0.18630173211688483,0.13975935475340473,0.07482816037492643,0.13975935475340473,0.09071401951691287,
0.18657505285412262,0.14125264270613108,0.07819639501824503,0.14125264270613108,0.09197606937070107,
0.1880727852304423,0.1422499667950591,0.08088828478632293,0.1422499667950591,0.09355395203164601,
0.1852584388185654,0.14016350210970463,0.07526109845551493,0.14016350210970463,0.09218860607934945,
0.18869656438499868,0.14293207448203515,0.07753769881838429,0.14293207448203515,0.09487203734334966,
0.1892356519439302,0.13938111610685003,0.07183590766030973,0.13938111610685003,0.08943204446391968,
0.18823529411764706,0.14315928618638465,0.0743306644016399,0.14315928618638465,0.0896950800801013,
0.19251691654504444,0.14090486931139712,0.07660413574041892,0.14090486931139712,0.09316160727758652,
0.185460334306182,0.15229503847174317,0.07770046544662236,0.15229503847174317,0.09469863835611861,
0.18076769823349714,0.13109310665427015,0.07069932491777753,0.13109310665427015,0.08381930642131756,
0.19311714096624752,0.14387822634017208,0.07781339502264949,0.14387822634017208,0.09418044838227634,
0.18790439720058102,0.14076323781856595,0.07838516182492823,0.14076323781856595,0.0933625604774776,
0.1875829132395861,0.1382329530379411,0.07347006266866296,0.1382329530379411,0.09122369410848159,
0.1932450331125828,0.14913907284768213,0.077229875911545,0.14913907284768213,0.09571594978107174,
0.18338412614283822,0.15171591360805617,0.07771324110553854,0.15171591360805617,0.0941370096203088,
0.18531192419057646,0.14161621479336667,0.07274762741777738,0.14161621479336667,0.09121955274397178,
0.1831453218314532,0.13642999336429992,0.07644816194316596,0.13642999336429992,0.09069698088746468,
0.18543919810076498,0.14732260617251386,0.07776310861301305,0.14732260617251386,0.093110486291586,
