Majority Class Accuracy,Accuracy,Precision,Recall,F Score,Support
0.020655176950401262,0.01762925930798579,0.01529918381748007,0.01762925930798579,0.012177721764000239,
0.015343562374916611,0.015076717811874583,0.009625651766870927,0.015076717811874583,0.009775822403135716,
0.016816737288135594,0.01972987288135593,0.025396823646610184,0.01972987288135593,0.01602296230339453,
0.019486504279131008,0.017774851876234364,0.018537159702689664,0.017774851876234364,0.012826556879109344,
0.021358450517378617,0.014990713717166357,0.010076267962532914,0.014990713717166357,0.010108564575365733,
0.015205606240909691,0.02023006743355811,0.019484587309064813,0.02023006743355811,0.0142699440142651,
0.017328042328042328,0.01626984126984127,0.013962753777445666,0.01626984126984127,0.010686775530797648,
0.018691588785046728,0.014742661576938265,0.015947235078773634,0.014742661576938265,0.01118649042778452,
0.018455048774057473,0.016873187450566835,0.015751494363514897,0.016873187450566835,0.01210644704740727,
0.019205298013245033,0.016026490066225165,0.01982806429640264,0.016026490066225165,0.012357938859567224,
0.018491612732796196,0.018227446836613394,0.01888957327319256,0.018227446836613394,0.013220987926364893,
0.021640998406797663,0.01858736059479554,0.01922933582642604,0.01858736059479554,0.013640336537318961,
0.019986763732627397,0.017339510258107215,0.019359990037887798,0.017339510258107215,0.013015692269569308,
0.0163259888505442,0.019511547650650385,0.016299398369228252,0.019511547650650385,0.013701271993750574,
0.01854287217254077,0.019068911099421357,0.020537025936553762,0.019068911099421357,0.01494198286491097,
0.016522423288749016,0.014686598478888015,0.01648303881585545,0.014686598478888015,0.010796992721341934,
0.017328042328042328,0.018518518518518517,0.018603732921573347,0.018518518518518517,0.013594511732082025,
0.017795484727755644,0.01859229747675963,0.023257416857921504,0.01859229747675963,0.013998147869612912,
0.019040063466878223,0.016660055533518445,0.01426379949282817,0.016660055533518445,0.011281147652914283,
0.01776952658798568,0.016310834106882378,0.01919396444590742,0.016310834106882378,0.013282744094759737,
0.015333773959021812,0.018241903502974225,0.018556495012908337,0.018241903502974225,0.013583022888822512,
0.016129032258064516,0.018620508785733018,0.018912919358884586,0.018620508785733018,0.013543014907772937,
0.019638855937788323,0.0166073546856465,0.015198447563203236,0.0166073546856465,0.011429708132505574,
0.016655651024454727,0.017580964970257767,0.018367843608968745,0.017580964970257767,0.013124019671947512,
0.018825401034071324,0.017101948826726766,0.01598714185153194,0.017101948826726766,0.012315659381721153,
0.021646746347941566,0.019787516600265603,0.020124287962675496,0.019787516600265603,0.014019505817093294,
0.017555526000797978,0.01915148290996143,0.021060998850083962,0.01915148290996143,0.014605105822312583,
0.019479670545169303,0.01869525428160544,0.016064739118019766,0.01869525428160544,0.012888233306441075,
0.01657098121085595,0.01865866388308977,0.01901882496830742,0.01865866388308977,0.012773229980512335,
0.02123730378578024,0.013454689354966362,0.01084156423929518,0.013454689354966362,0.009238698417956371,
