Majority Class Accuracy,Accuracy,Precision,Recall,F Score,Support
0.18586769189977462,0.14821688983163198,0.07819029093803508,0.14821688983163198,0.09302839073807063,
0.18075491759702286,0.14965443912812335,0.07607993481375558,0.14965443912812335,0.09119343194757548,
0.19144173798551678,0.16010533245556288,0.08198946043233242,0.16010533245556288,0.09818937835843251,
0.1873592155823506,0.15198091957069035,0.07765013816898468,0.15198091957069035,0.09178754656218896,
0.19490966635896084,0.15943557958591587,0.09242854769051168,0.15943557958591587,0.09901086674529261,
0.18781258225848907,0.1588575941037115,0.0860450239913495,0.1588575941037115,0.09337288486698628,
0.1892464574228579,0.15613825983313467,0.07835812033003872,0.15613825983313467,0.09352919383165159,
0.18213287178804421,0.15084542670749568,0.07594564746348109,0.15084542670749568,0.09029900986768237,
0.1888859556494192,0.1374076029567054,0.07624934331212073,0.1374076029567054,0.0901873789845933,
0.19513477975016436,0.15069033530571993,0.07645914864675801,0.15069033530571993,0.09302845208896772,
0.178335535006605,0.13870541611624834,0.0800085888745989,0.13870541611624834,0.09439529101545177,
0.18405069976234487,0.14430947979931344,0.07679870008543085,0.14430947979931344,0.09389691504056087,
0.1885646375280602,0.1559487653505876,0.08109771553646335,0.1559487653505876,0.09549800531065473,
0.19520910534674432,0.15299100052938064,0.08471378873234744,0.15299100052938064,0.10117875773890285,
0.1892390874324146,0.1553474878016616,0.07710605244036974,0.1553474878016616,0.09426159849323956,
0.18371112282551397,0.1493147074327886,0.0763241517388797,0.1493147074327886,0.09122415945433558,
0.19081272084805653,0.14762465645857872,0.07676538533667515,0.14762465645857872,0.09122859423761775,
0.1845909030632542,0.14852141625779075,0.07681470235242513,0.14852141625779075,0.09079222017306267,
0.19331490985656008,0.12988551125148046,0.07576256052609431,0.12988551125148046,0.09020139238535473,
0.19403578528827037,0.15453943008614976,0.08802681482193175,0.15453943008614976,0.09811400451614492,
0.1870188478895673,0.14069551367135652,0.0726129060672626,0.14069551367135652,0.08754017865213724,
0.18227513227513228,0.1527777777777778,0.07908653452654431,0.1527777777777778,0.09430061296426623,
0.19149776256909712,0.16227954724927612,0.0861858400973308,0.16227954724927612,0.09683147526540441,
0.18904290429042905,0.1481188118811881,0.08228340349517466,0.1481188118811881,0.0988737993188152,
0.18446859263185794,0.1522661012456931,0.08091360078273893,0.1522661012456931,0.0914266432102108,
0.18310970797158643,0.1464088397790055,0.07021662988138075,0.1464088397790055,0.0876934944024915,
0.18833135782957988,0.1480310812590544,0.07374171317596867,0.1480310812590544,0.09141869405321235,
0.18292844816142306,0.14774990043807248,0.07671236379293321,0.14774990043807248,0.0928099678406007,
0.1843774781919112,0.15252445149352367,0.08132350525459542,0.15252445149352367,0.0895206066662498,
0.19327842720510097,0.16153028692879914,0.07815969235142475,0.16153028692879914,0.09488006446961905,
