Majority Class Accuracy,Accuracy,Precision,Recall,F Score,Support
0.013245033112582781,0.015364238410596026,0.015591273383496227,0.015364238410596026,0.008539695926449835,
0.012412518156609006,0.016373960121484222,0.012965531281644918,0.016373960121484222,0.010137968811645477,
0.013972055888223553,0.015834996673320025,0.019219875239239025,0.015834996673320025,0.009523027949669052,
0.010775295663600526,0.014586070959264126,0.01573790086469866,0.014586070959264126,0.008477282350915969,
0.011744523621008182,0.01253628925837952,0.00855444775183188,0.01253628925837952,0.0071785507779937386,
0.013333333333333334,0.013861386138613862,0.007553057186750672,0.013861386138613862,0.007393326698184982,
0.01374432879637043,0.015078729650386976,0.014118515631030733,0.015078729650386976,0.008267569325699909,
0.01117979744837564,0.014336446139681705,0.010898814396839838,0.014336446139681705,0.00967892376490143,
0.013147515119642388,0.015251117538785169,0.010854033726197292,0.015251117538785169,0.010102513453834908,
0.013429888084265965,0.013693219223173141,0.011911123932420406,0.013693219223173141,0.008736238102913324,
0.014134742404227213,0.013210039630118891,0.007965859692173538,0.013210039630118891,0.008192409514829808,
0.012988734261100067,0.01418157720344599,0.006989863908993889,0.01418157720344599,0.0076828885812989444,
0.014329308743531909,0.014461987528194241,0.009072753500690475,0.014461987528194241,0.008197513163982574,
0.011812573828586428,0.012468827930174564,0.008641599436471694,0.012468827930174564,0.007163771830844171,
0.012396694214876033,0.014396161023727006,0.01545507949061035,0.014396161023727006,0.009114246613622794,
0.01282729436656969,0.01348849510711452,0.008838203097239485,0.01348849510711452,0.008266872105608121,
0.009081196581196582,0.016426282051282052,0.012010669352745348,0.016426282051282052,0.01036883489572843,
0.011910994764397905,0.01819371727748691,0.014396651381850825,0.01819371727748691,0.011772960361646899,
0.013116057233704292,0.014175940646528882,0.010767315761287968,0.014175940646528882,0.008330074064724087,
0.011539992041384799,0.013529645841623557,0.014309164220665013,0.013529645841623557,0.009031062469400273,
0.01591058514135437,0.015779092702169626,0.01201712830454364,0.015779092702169626,0.010427637134379584,
0.011660262355903008,0.01484033390751292,0.008303162136754144,0.01484033390751292,0.007356381357449159,
0.01287838555496548,0.01367498672331386,0.01143512063244724,0.01367498672331386,0.009037831604942106,
0.011803713527851459,0.01273209549071618,0.00795640273012531,0.01273209549071618,0.0067060508352073354,
0.013583699560527367,0.015980823012385136,0.009425228740304003,0.015980823012385136,0.009303575565879093,
0.009405219234335674,0.01284938402437409,0.008743623278628801,0.01284938402437409,0.008068359229629162,
0.01311131506490101,0.016389143831126263,0.013283535587973865,0.016389143831126263,0.009985020124928686,
0.011270220100769026,0.015247944842216919,0.010607963981336408,0.015247944842216919,0.008767646079464604,
0.01225457899591514,0.016339438661220188,0.0208103484886576,0.016339438661220188,0.011971758724599822,
0.011816250663834307,0.018321826872012746,0.016233076895536998,0.018321826872012746,0.011356376483927306,
