Majority Class Accuracy,Accuracy,Precision,Recall,F Score,Support
0.17682846184367146,0.14178018780584578,0.07108570692730277,0.14178018780584578,0.08674725009485464,
0.1816025303110174,0.13626779124934107,0.07146391729547436,0.13626779124934107,0.08748075588982797,
0.17257278355947833,0.13884863654327492,0.0680082304215215,0.13884863654327492,0.0863714647075358,
0.1796399258670903,0.1266878474980143,0.06715777721964343,0.1266878474980143,0.08214221820403594,
0.17052214144084601,0.12795769993390615,0.06586186810937522,0.12795769993390615,0.08002060135071783,
0.175155443841778,0.14075935970366452,0.07215380411490765,0.14075935970366452,0.08568025401948227,
0.1761122881355932,0.13877118644067796,0.07665798399193285,0.13877118644067796,0.09029784892982262,
0.1785808493801108,0.1424426272751253,0.07775850144961549,0.1424426272751253,0.09081015994582356,
0.18021108179419526,0.13944591029023748,0.0713767877190587,0.13944591029023748,0.08819817943156892,
0.17212681638044913,0.12589167767503304,0.07189976569982334,0.12589167767503304,0.082202369814313,
0.18068783068783068,0.1455026455026455,0.0741146561025648,0.1455026455026455,0.0908700976222112,
0.18267195767195768,0.1421957671957672,0.07442433736177817,0.1421957671957672,0.08942522996592463,
0.18220678600053433,0.13732300293881913,0.08231380806839668,0.13732300293881913,0.09068084419075192,
0.17432521395655037,0.13074391046741277,0.06924914233265156,0.13074391046741277,0.08452479158688926,
0.1799224702579869,0.13968720759256784,0.07956101289678658,0.13968720759256784,0.09101019495837931,
0.1793627900878458,0.1362265635243215,0.07111697560448499,0.1362265635243215,0.08663969153262234,
0.1892532595811932,0.13630975898854208,0.0752397809462556,0.13630975898854208,0.0899138880327792,
0.18346219368365876,0.1393002227755209,0.07500233955309166,0.1393002227755209,0.08800861848212106,
0.17840999734113266,0.13347513959053442,0.0709212526656538,0.13347513959053442,0.08522704890170121,
0.17297511911064056,0.13419798835362626,0.07197488346742843,0.13419798835362626,0.08629493429646196,
0.17451961042379574,0.1401684653856278,0.07463614054943449,0.1401684653856278,0.08837212441814699,
0.17796498617875478,0.13544820323812032,0.0779160717463076,0.13544820323812032,0.08766641968176217,
0.17495689083432817,0.13861254808330017,0.07649925851207547,0.13861254808330017,0.08990766731848483,
0.17140589869064937,0.1384737468588811,0.07301904149669675,0.1384737468588811,0.08757846564173084,
0.18178233438485805,0.14090431125131442,0.07549265644016503,0.14090431125131442,0.09147850086527055,
0.18382450112329854,0.14166776793973834,0.07377142764511774,0.14166776793973834,0.09028631143597118,
0.1782568686735901,0.13513868805047982,0.06711317204329552,0.13513868805047982,0.08333778265050547,
0.1827814569536424,0.14251655629139073,0.07712503001265465,0.14251655629139073,0.09184022342811893,
0.17678688524590164,0.13442622950819672,0.06966707096314469,0.13442622950819672,0.08483313328097153,
0.18261330506228465,0.1441823482639809,0.07770259253669694,0.1441823482639809,0.09454371251978552,
