Majority Class Accuracy,Accuracy,Precision,Recall,F Score,Support
0.4175531914893617,0.4175531914893617,0.17439704991707847,0.4175531914893617,0.246034344394182,
0.41733631932551707,0.4177315241733632,0.2691886100493337,0.4177315241733632,0.24712906885891692,
0.4154723991507431,0.4149416135881104,0.19175921271767946,0.4149416135881104,0.2439803520874124,
0.4244870946393117,0.4242223692918597,0.2147660292512743,0.4242223692918597,0.25313285385792533,
0.428345418589321,0.4274225444957152,0.19950426841807536,0.4274225444957152,0.2572408114784567,
0.4156034024455077,0.41586921850079744,0.226569011635484,0.41586921850079744,0.24497467714617968,
0.4221957356641504,0.42259303403522713,0.31203461530274845,0.42259303403522713,0.251553305315262,
0.426131850675139,0.4259994704792163,0.1815800179386384,0.4259994704792163,0.2546267376237299,
0.4183768039189726,0.4178472130279359,0.17495656461750064,0.4178472130279359,0.24664185918899362,
0.41891170978927716,0.41891170978927716,0.21990328992989003,0.41891170978927716,0.24763458338506844,
0.426240382064208,0.4255770761475192,0.21382578248052636,0.4255770761475192,0.2552996062062878,
0.4220316622691293,0.4218997361477573,0.22004585721330797,0.4218997361477573,0.25070111779246973,
0.42303094700491434,0.4228981272413335,0.20654554615326123,0.4228981272413335,0.25175997704122943,
0.42594296228150874,0.42581153896701274,0.18139526784859206,0.42581153896701274,0.25441150295733955,
0.4283828382838284,0.4281188118811881,0.22257957913158483,0.4281188118811881,0.25737193808911873,
0.41899219679936517,0.418727681523608,0.21208673776559084,0.418727681523608,0.2475799187835514,
0.4233306941145421,0.42399049881235157,0.23944761228152622,0.42399049881235157,0.2570488012897583,
0.42284437434279704,0.42284437434279704,0.23682140879423091,0.42284437434279704,0.2515776644153395,
0.4260995905428609,0.4258354246466781,0.18152022726085937,0.4258354246466781,0.25453864738005993,
0.4252010017134572,0.4252010017134572,0.18079589185812744,0.4252010017134572,0.25371283298392916,
0.4272715284188316,0.4268759066332586,0.18248818280667078,0.4268759066332586,0.2556757440598499,
0.4145923877255367,0.4143289872250757,0.17182290235601877,0.4143289872250757,0.24291044823252414,
0.4286273486430063,0.42849686847599167,0.18371341855176618,0.42849686847599167,0.25716857823031564,
0.42639862452056604,0.4258695939690517,0.21456888462073873,0.4258695939690517,0.25583459653538987,
0.41641377490434095,0.41496239609447155,0.20692990856767254,0.41496239609447155,0.2475179399785442,
0.42104568259836284,0.419197253762873,0.2061525359658614,0.419197253762873,0.2518418811300336,
0.4157762828122939,0.4153805566547949,0.2020490430523068,0.4153805566547949,0.24429428044267304,
0.4192780642602142,0.4188813962713209,0.19137863253403656,0.4188813962713209,0.24838367694850944,
0.4245692489806655,0.4247007760094699,0.24830186965333662,0.4247007760094699,0.2541142442873636,
0.41563406274716586,0.41563406274716586,0.1927192218883696,0.41563406274716586,0.24445175524237392,
