Majority Class Accuracy,Accuracy,Precision,Recall,F Score,Support
0.018275725069527213,0.0203946497152695,0.01587862120660791,0.0203946497152695,0.012655703836121421,
0.01876569314127131,0.02365534557948989,0.015311131558204611,0.02365534557948989,0.013777723956779559,
0.019435569755058574,0.02036741214057508,0.014501519030288899,0.02036741214057508,0.011680935392718129,
0.017883163332891774,0.020797456616770432,0.015183816887172458,0.020797456616770432,0.013465385496520503,
0.01757188498402556,0.023029818956336528,0.018226825422051104,0.023029818956336528,0.013625144361821726,
0.018131286394917945,0.021439915299100054,0.015557330161001094,0.021439915299100054,0.013729009355404621,
0.017100762957116548,0.02459878979215996,0.02318426300277018,0.02459878979215996,0.016265726279112148,
0.018083421330517425,0.02296726504751848,0.017046010939794395,0.02296726504751848,0.015264438661407588,
0.016611733684904418,0.02030323005932762,0.01444751725288149,0.02030323005932762,0.012369919842506506,
0.016026490066225165,0.019205298013245033,0.01526190644192277,0.019205298013245033,0.012572854584903904,
0.018189060010621348,0.021242697822623474,0.016564710286038876,0.021242697822623474,0.014044325366947314,
0.01774364406779661,0.024099576271186442,0.02129725741997595,0.024099576271186442,0.01618801076631798,
0.01806282722513089,0.02212041884816754,0.02106354763306909,0.02212041884816754,0.01404182114165899,
0.0158311345646438,0.02295514511873351,0.01698257626238522,0.02295514511873351,0.014335113536090084,
0.017852419994710395,0.020100502512562814,0.018752699436298606,0.020100502512562814,0.014636396855325294,
0.018559665403215266,0.021043000914913082,0.021045513524964334,0.021043000914913082,0.013673717102558736,
0.013178913738019169,0.023029818956336528,0.017136526983621163,0.023029818956336528,0.015391278309244949,
0.02300210304942166,0.020373291272344902,0.016809837467048536,0.020373291272344902,0.013593355825721971,
0.0177860366339262,0.02269710645075657,0.016241148566066132,0.02269710645075657,0.01367922624909675,
0.018164942985945374,0.021081941129673827,0.024365680374532114,0.021081941129673827,0.014292713513589248,
0.016944665078104316,0.019327508604712735,0.015584232821698322,0.019327508604712735,0.01309092796674183,
0.01744186046511628,0.02404862579281184,0.024389064970150982,0.02404862579281184,0.01723229371455375,
0.0166446499339498,0.021928665785997357,0.017332080101783505,0.021928665785997357,0.014144225035879069,
0.019245979435802793,0.023596098075402056,0.019020084411531038,0.023596098075402056,0.01364628214387453,
0.015868817773075906,0.02181962443797937,0.015185434722820346,0.02181962443797937,0.012614110053635287,
0.019770660340055358,0.019902464742322393,0.010333384769517728,0.019902464742322393,0.009963740240390012,
0.019905088320590562,0.021486949644081203,0.019776466016158005,0.021486949644081203,0.012512739688873413,
0.01662488454941285,0.024937326824119276,0.020985410830283546,0.024937326824119276,0.01687693953040904,
0.017645509612852252,0.023044508822754807,0.025254226855985426,0.023044508822754807,0.01518183005775303,
0.01839354241100966,0.023554320497551937,0.01574280035460573,0.023554320497551937,0.015145181366520842,
