Majority Class Accuracy,Accuracy,Precision,Recall,F Score,Support
0.01803713527851459,0.021220159151193633,0.019826882050994588,0.021220159151193633,0.019189372272566587,
0.020706937483513585,0.019651806911105248,0.019606934294660698,0.019651806911105248,0.01856086513327331,
0.01704095112285337,0.022589167767503304,0.024174344001343055,0.022589167767503304,0.020986967886563592,
0.018251554027245074,0.018251554027245074,0.018656494137666863,0.018251554027245074,0.016631033432313983,
0.016391275611368144,0.019563780568407137,0.019126393674649276,0.019563780568407137,0.017899311239021908,
0.01735700197238659,0.01985535831689678,0.020635502603267762,0.01985535831689678,0.018870634589529686,
0.0184404636459431,0.020021074815595362,0.021073306348414318,0.020021074815595362,0.01894349507944994,
0.02011380177319042,0.01945216355696705,0.01961164706870005,0.01945216355696705,0.018164714642964163,
0.020122601279317698,0.019323027718550108,0.02007335624208452,0.019323027718550108,0.018106769606489798,
0.017864231838030965,0.019849146486701073,0.019531548091769015,0.019849146486701073,0.01803968722346651,
0.02011723954169997,0.017985611510791366,0.01622363889921474,0.017985611510791366,0.01580952039719786,
0.018136086841408525,0.020386550172094255,0.020155409832117898,0.020386550172094255,0.019022511157187064,
0.016728624535315983,0.0201805629314923,0.0201391626947941,0.0201805629314923,0.018721666950708774,
0.01854550271559147,0.019075374221751224,0.018118927883130156,0.019075374221751224,0.017515890748185676,
0.01755775577557756,0.02283828382838284,0.02255659591727373,0.02283828382838284,0.020899298072557235,
0.01870770863738888,0.019901817699349875,0.01822130755388215,0.019901817699349875,0.01789463475959103,
0.020451246866341206,0.021506795091700753,0.020505895255810053,0.021506795091700753,0.01962899713402283,
0.020375760783276,0.01812648848901826,0.018932102187948517,0.01812648848901826,0.016771599315796498,
0.016677609980302037,0.02153644123440578,0.020491774034182328,0.02153644123440578,0.01919432595564456,
0.018452616317385002,0.02069329115592461,0.02191391063423119,0.02069329115592461,0.018968063458251326,
0.017885532591414944,0.016560678325384208,0.016104914574324187,0.016560678325384208,0.014927270713252474,
0.017923526287838557,0.019118428040361127,0.018934927208621447,0.019118428040361127,0.01708200894722042,
0.01980068187778652,0.02058746393915552,0.020155738845966005,0.02058746393915552,0.018543261290113792,
0.01778421815307601,0.021077591885127124,0.02101213280944441,0.021077591885127124,0.019285315988567076,
0.015061434799841459,0.02140309155766944,0.02106849073139701,0.02140309155766944,0.019973286949552617,
0.018363273453093812,0.02262142381902861,0.021591923665220204,0.02262142381902861,0.02026726025469783,
0.019080429309659468,0.02159798595468398,0.0203004878677763,0.02159798595468398,0.019537393487233674,
0.01834983498349835,0.02178217821782178,0.022904826419804195,0.02178217821782178,0.02063621835476264,
0.01808103471030751,0.021776428665698826,0.02040803197996173,0.021776428665698826,0.0197593462480082,
0.018410596026490065,0.021456953642384105,0.022058477423346785,0.021456953642384105,0.020366456037350652,
