Majority Class Accuracy,Accuracy,Precision,Recall,F Score,Support
0.019333333333333334,0.015866666666666668,0.012747114831933573,0.015866666666666668,0.010591130752858769,
0.022504633306857293,0.019989409584326184,0.021593887185356053,0.019989409584326184,0.013778036514936302,
0.018160284247927358,0.016975917883932098,0.016131919296153138,0.016975917883932098,0.010932181020547181,
0.01796565389696169,0.016380449141347425,0.012943751837565031,0.016380449141347425,0.010743560087520893,
0.01918496956866896,0.01799417835406192,0.01806288790899458,0.01799417835406192,0.012066235644324639,
0.018754098360655738,0.014950819672131148,0.015035698836706402,0.014950819672131148,0.010400443589170997,
0.019050138907262867,0.014816774705648895,0.017971168271584022,0.014816774705648895,0.010890157951673713,
0.014674775251189846,0.018112109994711793,0.017101017293948476,0.018112109994711793,0.01079195526763883,
0.015960955019126765,0.018731038121619838,0.017260859857475695,0.018731038121619838,0.013049114283361005,
0.018673023440603894,0.016818964375579393,0.014634470605199366,0.016818964375579393,0.010829495608374647,
0.01809775429326288,0.018758256274768823,0.014030446903935076,0.018758256274768823,0.011140431436039553,
0.016143972475850206,0.017599576551541617,0.01653343754249903,0.017599576551541617,0.011816217512605661,
0.01728688308260755,0.020058062813407232,0.018725853470100074,0.020058062813407232,0.013800705546614701,
0.017571673933148367,0.020214030915576695,0.017729663715127818,0.020214030915576695,0.013011591607089328,
0.016054744045269114,0.016449532833267534,0.013058230412005184,0.016449532833267534,0.01049510819290616,
0.01655933762649494,0.017610724142462873,0.0128864566003138,0.017610724142462873,0.01128364196025192,
0.018325642715886617,0.017402768622280816,0.018997392063850406,0.017402768622280816,0.01186840196835837,
0.02125963327132607,0.016874833909115067,0.01866665164132568,0.016874833909115067,0.011658060657959362,
0.017455699550383497,0.0170589791060566,0.015912320569227287,0.0170589791060566,0.01219314409662538,
0.01743955608402695,0.020742502312062358,0.018955962881165987,0.020742502312062358,0.014120792887843183,
0.018496498876998283,0.019949795217333862,0.017095201437082784,0.019949795217333862,0.013961033160938342,
0.014789383335534135,0.017562392710946784,0.012131533883663287,0.017562392710946784,0.01070392230329211,
0.01750691062261419,0.01842832697117283,0.018021545858963015,0.01842832697117283,0.013361780790090145,
0.017737485218762318,0.018394429115753515,0.016811986443636944,0.018394429115753515,0.012760804650808161,
0.01595043501186396,0.020827840759293434,0.02124970358612231,0.020827840759293434,0.01445119036021026,
0.018268467037331215,0.016150383902568177,0.01993186013447219,0.016150383902568177,0.011344811861175213,
0.01839354241100966,0.0166732830488289,0.01585012544307251,0.0166732830488289,0.011208159814229509,
0.021081941129673827,0.018297533810660304,0.014633166193772881,0.018297533810660304,0.012233342413180004,
0.01906527207732027,0.01827088574076526,0.013944750592218686,0.01827088574076526,0.011133724889013414,
0.019088016967126194,0.0172322375397667,0.012849503932115796,0.0172322375397667,0.011327132893983858,
