Majority Class Accuracy,Accuracy,Precision,Recall,F Score,Support
0.2708800633328935,0.26639398337511544,0.1053596537264509,0.26639398337511544,0.1309587212619505,
0.26687847498014294,0.2597299444003177,0.10650229863627411,0.2597299444003177,0.12078103062689219,
0.2653794940079893,0.2603195739014647,0.12848252876168018,0.2603195739014647,0.12453084777632757,
0.2719925808161102,0.26775304716481185,0.09624971901982458,0.26775304716481185,0.1265708825400771,
0.2710131456645864,0.24976762714114992,0.10639727120575077,0.24976762714114992,0.13827837604776244,
0.26982029598308666,0.264931289640592,0.10623020474867541,0.264931289640592,0.12315398027254501,
0.2691191983122363,0.26133966244725737,0.09802403083953212,0.26133966244725737,0.12409547915786738,
0.2731148414601652,0.27151612043698375,0.13915842862142075,0.27151612043698375,0.13215838324683835,
0.26618037135278516,0.2612732095490716,0.10139765891143807,0.2612732095490716,0.12612780130305015,
0.2644922751881685,0.26079492935428494,0.12264657521303683,0.26079492935428494,0.12791117230274127,
0.25622022233986236,0.25304393859184754,0.10964401034451288,0.25304393859184754,0.12039012608898382,
0.26402333907969766,0.26097334571011804,0.19685468880287207,0.26097334571011804,0.12560987062655835,
0.269500728380347,0.26963316117070585,0.11420450750010323,0.26963316117070585,0.13195471971907713,
0.2551823668328523,0.24901600629755968,0.09509733056180052,0.24901600629755968,0.11352559785486721,
0.26356589147286824,0.25765339639994744,0.10684372948029758,0.25765339639994744,0.12503830027129112,
0.2589451364961569,0.25536708189769414,0.09809557831665791,0.25536708189769414,0.11724864776177794,
0.25775372838854427,0.2551141612775505,0.10045855604272295,0.2551141612775505,0.11678004310773178,
0.2675049636002647,0.26247518199867637,0.09590388430180348,0.26247518199867637,0.12367541724548102,
0.2742254449571523,0.2682926829268293,0.10085180993110655,0.2682926829268293,0.13134226094454718,
0.26175115207373273,0.26043449637919686,0.12994034148880312,0.26043449637919686,0.12150500268382405,
0.2761778367617784,0.27246184472461843,0.09476632387033603,0.27246184472461843,0.12514538989449664,
0.26751088246933125,0.26579606912016884,0.12410107102118308,0.26579606912016884,0.12272535613080586,
0.2620052770448549,0.25936675461741426,0.09209809451228428,0.25936675461741426,0.1188804808600315,
0.26657022619673854,0.262493424513414,0.10280477470330589,0.262493424513414,0.12178110774385398,
0.2748777586890445,0.27104532839962997,0.11959705790208838,0.27104532839962997,0.12924961609874294,
0.2705788635156665,0.26805629314922996,0.11511620936722644,0.26805629314922996,0.13235552213008497,
0.27101564571731634,0.26889419252187746,0.10992025289567563,0.26889419252187746,0.1293282537129541,
0.2720472440944882,0.2692913385826772,0.14240222877841865,0.2692913385826772,0.13004664376080158,
0.27429777133060795,0.27047342740340236,0.1474774711588387,0.27047342740340236,0.12803979623475537,
0.2683407835919011,0.26531685511438335,0.10491301365315513,0.26531685511438335,0.12444799598159634,
