Majority Class Accuracy,Accuracy,Precision,Recall,F Score,Support
0.4705727452271231,0.421724818959842,0.27349755919343,0.421724818959842,0.31371978585197946,
0.486996699669967,0.43656765676567655,0.27824690889705445,0.43656765676567655,0.32692342633359217,
0.47943751658264794,0.4368532767312284,0.2808646544518192,0.4368532767312284,0.32519093838340446,
0.484333859926277,0.43759873617693523,0.27581207782632056,0.43759873617693523,0.32391248889034846,
0.47660972404730617,0.39894875164257554,0.276664129404898,0.39894875164257554,0.319218953404238,
0.479473893981666,0.4378902617244586,0.27366049245820473,0.4378902617244586,0.32220638584083866,
0.4775902979172159,0.4380437648299499,0.2799208350623329,0.4380437648299499,0.3247699869559573,
0.47989487516425755,0.4386333771353482,0.2834825236500137,0.4386333771353482,0.3267393710552548,
0.47548627764455104,0.3710365041300293,0.2675114414543588,0.3710365041300293,0.3026254351495315,
0.4831268125494332,0.43870287371473765,0.28150119329175477,0.43870287371473765,0.3271671731915884,
0.4779965640280164,0.4349147614642527,0.2758909990086975,0.4349147614642527,0.3220336937199419,
0.4722405380456284,0.37359883950942896,0.27200714263292003,0.37359883950942896,0.3023704117150403,
0.4712673838887431,0.42272369456835474,0.27105849518783837,0.42272369456835474,0.31530546548443344,
0.4665867944621938,0.4213258785942492,0.26874047422953756,0.4213258785942492,0.3120736990751483,
0.48599973708426447,0.43262784277639016,0.2776287560043341,0.43262784277639016,0.3249293869300716,
0.472416986373859,0.41486969175816907,0.26720635811861104,0.41486969175816907,0.3111887582216267,
0.49113991007669927,0.43229304416820946,0.28349576508509067,0.43229304416820946,0.3303970474719683,
0.47924927306370607,0.4402590536611155,0.2850356016405556,0.4402590536611155,0.3276139791142332,
0.47856483313547027,0.4243503495581058,0.2656149920115069,0.4243503495581058,0.3153181778973318,
0.4912465446886929,0.44491246544688695,0.28528379772770124,0.44491246544688695,0.3326881919088083,
0.4789307347906242,0.4386357650776929,0.27757414810295283,0.4386357650776929,0.3199378725476386,
0.481540293767368,0.43482863570199815,0.28215854221570974,0.43482863570199815,0.3271627458946541,
0.48220149743859186,0.43136739787206096,0.2834565200060998,0.43136739787206096,0.3271600978004967,
0.47318859534397073,0.4253204289824745,0.2698679286887527,0.4253204289824745,0.31362946687291743,
0.48531155315505203,0.4189171387169016,0.2746098814633849,0.4189171387169016,0.3217246358539451,
0.48182059447983017,0.3781847133757962,0.27361519281809804,0.3781847133757962,0.31220056644264516,
0.4756145655317471,0.37281451294859996,0.27326244495344687,0.37281451294859996,0.30670000177050605,
0.47434541126686064,0.43229304416820946,0.2716387155963321,0.43229304416820946,0.3189793517208609,
0.4789180588703262,0.4253513656854946,0.2708234674427806,0.4253513656854946,0.31965151939255526,
0.4783359914938862,0.4226475279106858,0.27377176500016653,0.4226475279106858,0.32094493983907013,
