Majority Class Accuracy,Accuracy,Precision,Recall,F Score,Support
0.01949677249374259,0.021999736530101437,0.020167224393491775,0.021999736530101437,0.01795159626302386,
0.024625976433205347,0.02555276049251953,0.029350287449094424,0.02555276049251953,0.01893892364671586,
0.018447753327184083,0.025299775991566742,0.022953105104064914,0.025299775991566742,0.019968849943718996,
0.0197168188434564,0.02077543998941379,0.027448662761129988,0.02077543998941379,0.01493666722969579,
0.02109982856389292,0.024132928919952525,0.017931509519153725,0.024132928919952525,0.017997117476097807,
0.018501264474910156,0.022760548382803142,0.02033910756409059,0.022760548382803142,0.016542552021817956,
0.019860581349467315,0.02275417598316454,0.022520793591979088,0.02275417598316454,0.016100573755846483,
0.019903820464867755,0.019369489714133048,0.01699674698582819,0.019369489714133048,0.013416169217276307,
0.021790808240887482,0.02548864236661384,0.02177567732925894,0.02548864236661384,0.019607051355148022,
0.022058823529411766,0.020483193277310924,0.023981439691478104,0.020483193277310924,0.01355252095500849,
0.022693899345881726,0.024429315178213857,0.018118422737345215,0.024429315178213857,0.01622846131645956,
0.019026077700904736,0.024348057477381585,0.025922164545868976,0.024348057477381585,0.018130433586191003,
0.019271383315733897,0.0236272439281943,0.019767026356105444,0.0236272439281943,0.01860420505344123,
0.018732562774013552,0.024046764979407467,0.02653438692233709,0.024046764979407467,0.017624590502701147,
0.021670606776989756,0.019043866561597057,0.01915345474882193,0.019043866561597057,0.013478142299854464,
0.022289633342126088,0.024268003165391717,0.02738341574818405,0.024268003165391717,0.01722091673025236,
0.02389169100079639,0.022166179984072207,0.0167714423240017,0.022166179984072207,0.01498116957587997,
0.021268163804491414,0.023117569352708058,0.01948680435258241,0.023117569352708058,0.018947983229509257,
0.019553441669969612,0.02285638789800502,0.02626876750128551,0.02285638789800502,0.017558938637090134,
0.02109704641350211,0.023206751054852322,0.017615155784385654,0.023206751054852322,0.017382506821013107,
0.020207321873769845,0.020600971001180947,0.020378555254593027,0.020600971001180947,0.015591557264074997,
0.01798941798941799,0.023015873015873017,0.016878428139581955,0.023015873015873017,0.016457834962958343,
0.020002649357530797,0.022254603258709763,0.02389318568265387,0.022254603258709763,0.017268266636728785,
0.02089711167309996,0.023559164115533077,0.02368780281134113,0.023559164115533077,0.016169198410761317,
0.01919004764425622,0.02501323451561673,0.018965064154383968,0.02501323451561673,0.01732335863441317,
0.02271519659936238,0.02563761955366631,0.020960313035416758,0.02563761955366631,0.017996992214498044,
0.023215934573275292,0.02123730378578024,0.024048898879086386,0.02123730378578024,0.015978669398350954,
0.017944319831112283,0.022562343317060297,0.020052045777146654,0.022562343317060297,0.01749331496776268,
0.021056813667063964,0.02728115481393193,0.019646308384916492,0.02728115481393193,0.018484889376662598,
0.019195372074677888,0.01893242177228504,0.01251304200051018,0.01893242177228504,0.012871447031670216,
