Majority Class Accuracy,Accuracy,Precision,Recall,F Score,Support
0.7974178091308399,0.7974178091308399,0.6358751623190286,0.7974178091308399,0.7075429642332437,
0.7883806519453207,0.7883806519453207,0.6215440523617289,0.7883806519453207,0.6950914523545544,
0.7903332890718364,0.7903332890718364,0.624626707815107,0.7903332890718364,0.6977770135067226,
0.788441145281018,0.788441145281018,0.6216394395720434,0.788441145281018,0.6951746119376662,
0.797299086455713,0.797299086455713,0.6356858332631146,0.797299086455713,0.7073790200569139,
0.7932455790453398,0.7932455790453398,0.6292385486749763,0.7932455790453398,0.7017873692569877,
0.7921208141825344,0.7921208141825344,0.6274553842612013,0.7921208141825344,0.7002378180038173,
0.7837480148226575,0.7837480148226575,0.6142609507384567,0.7837480148226575,0.6887306341860481,
0.7849604221635884,0.7849604221635884,0.6161628643632389,0.7849604221635884,0.690393867239224,
0.7964601769911505,0.7964601769911505,0.6343488135327746,0.7964601769911505,0.7062208465931383,
0.7843920628579039,0.7843920628579039,0.6152709082744778,0.7843920628579039,0.6896140383958584,
0.7934495509772848,0.7934495509772848,0.6295621899460547,0.7934495509772848,0.7020684686703279,
0.7880063124671226,0.7880063124671226,0.6209539484880324,0.7880063124671226,0.6945769085470724,
0.7883423447184492,0.7883423447184492,0.6214836524761822,0.7883423447184492,0.695038793116568,
0.7860703043022036,0.7860703043022036,0.6179065233057589,0.7860703043022036,0.6919173582555785,
0.7900515941262072,0.7900515941262072,0.6241815213813612,0.7900515941262072,0.6973894198687028,
0.794402440641995,0.794402440641995,0.6310752376979584,0.794402440641995,0.7033820545542442,
0.7863415912963692,0.7863415912963692,0.618333098202506,0.7863415912963692,0.692289874697229,
0.7887732244037423,0.7887732244037423,0.6221631995362764,0.7887732244037423,0.6956311633562874,
0.7930988894764675,0.7930988894764675,0.6290058484888059,0.7930988894764675,0.7015852301068095,
0.7916501519355265,0.7916501519355265,0.6267099630595421,0.7916501519355265,0.699589663062853,
0.7850132625994695,0.7850132625994695,0.6162458224570636,0.7850132625994695,0.6904663795714779,
0.7900119537787222,0.7900119537787222,0.624118887113274,0.7900119537787222,0.6973348818098746,
0.7929843210204623,0.7929843210204623,0.6288241333842837,0.7929843210204623,0.7014273644360633,
0.7894529712711531,0.7894529712711531,0.6232359938488521,0.7894529712711531,0.6965659381438016,
0.7869112020055417,0.7869112020055417,0.6192292398418063,0.7869112020055417,0.6930722009541535,
0.7881949029446719,0.7881949029446719,0.6212512050279607,0.7881949029446719,0.6948361210569703,
0.7888667992047713,0.7888667992047713,0.622310826887581,0.7888667992047713,0.6957598264602207,
0.7865628299894404,0.7865628299894404,0.6186810855209972,0.7865628299894404,0.6925937057860473,
0.7953698775944651,0.7953698775944651,0.6326132421846344,0.7953698775944651,0.704716337373605,
