Majority Class Accuracy,Accuracy,Precision,Recall,F Score,Support
0.03050397877984085,0.03368700265251989,0.03250937311226937,0.03368700265251989,0.02939931039595387,
0.032981530343007916,0.03311345646437995,0.02850964610819362,0.03311345646437995,0.02728473893736167,
0.031810982048574445,0.03299894403379092,0.03149762126731914,0.03299894403379092,0.02784472009289725,
0.02967793452222518,0.03327122704285334,0.03062521594842716,0.03327122704285334,0.026285940748038927,
0.03227520255013946,0.03546287687607916,0.03451425122287106,0.03546287687607916,0.03125460854016491,
0.030127614787527957,0.03315353242994343,0.03065847132424676,0.03315353242994343,0.02766097083154487,
0.028624192059095107,0.029019918216594116,0.026463614178349304,0.029019918216594116,0.024926175181484166,
0.024766977363515314,0.03089214380825566,0.029939006089742034,0.03089214380825566,0.026599854596265123,
0.02811298236308182,0.036069486805463465,0.0337669446737521,0.036069486805463465,0.029744662536177777,
0.03232644409114997,0.03351881293057764,0.032109512426402954,0.03351881293057764,0.02896198645454302,
0.030138797091870458,0.03357567746199604,0.03040476100593786,0.03357567746199604,0.027943936256177047,
0.02774841437632135,0.03276955602536998,0.03061748451462615,0.03276955602536998,0.027880808009421977,
0.0296794618124258,0.036142989051576306,0.03487998484213286,0.036142989051576306,0.031031006746898168,
0.03313173810149882,0.03168551143833816,0.029702046208540462,0.03168551143833816,0.02731252118849892,
0.024816176470588234,0.03164390756302521,0.029207021615448876,0.03164390756302521,0.02720518777545971,
0.027972027972027972,0.039319171394643096,0.0365234134738764,0.039319171394643096,0.033647776899363414,
0.03015873015873016,0.030687830687830688,0.027626388779013085,0.030687830687830688,0.025503399083094763,
0.02546081421562127,0.03368253547274897,0.032038040173739145,0.03368253547274897,0.02870375335828491,
0.03102719831000792,0.034988117243200424,0.03287632871956196,0.034988117243200424,0.029693542442644535,
0.030617608409986858,0.034034165571616294,0.0314171555193952,0.034034165571616294,0.028984080799194022,
0.027277542372881356,0.033236228813559324,0.031139729738757303,0.033236228813559324,0.028389151482455296,
0.02989202001580195,0.03752962865420068,0.032223170612650204,0.03752962865420068,0.02890697570971793,
0.03309755772053917,0.032964099826504736,0.030059557017709567,0.032964099826504736,0.02841271618263689,
0.029697766097240473,0.031011826544021025,0.02800122290931021,0.031011826544021025,0.02580726069808511,
0.0276191740804674,0.03412561412826982,0.03155000398259633,0.03412561412826982,0.02873675916216212,
0.030271398747390398,0.03614300626304802,0.0340794761373555,0.03614300626304802,0.030918968812691083,
0.029917924278527932,0.03521313211543553,0.03108224821999635,0.03521313211543553,0.027763439706268996,
0.03352616355508809,0.032342887194320276,0.03139137039535137,0.032342887194320276,0.027441280539531477,
0.02737733104086761,0.029625710884803598,0.027286533658207407,0.029625710884803598,0.02526532818198105,
0.028590337524818002,0.036532097948378556,0.0336011496572271,0.036532097948378556,0.030160057188506024,
