Majority Class Accuracy,Accuracy,Precision,Recall,F Score,Support
0.014171368586799633,0.01299042120456633,0.00773623457216499,0.01299042120456633,0.00823696876497433,
0.012037037037037037,0.012962962962962963,0.009934556916159229,0.012962962962962963,0.009640672962916529,
0.013405178078591143,0.013405178078591143,0.00968667177898173,0.013405178078591143,0.009278003532321943,
0.014195583596214511,0.014852786540483701,0.010089209152586346,0.014852786540483701,0.009607171587984053,
0.011892177589852008,0.013609936575052854,0.009123434169374231,0.013609936575052854,0.00913211326359707,
0.01164021164021164,0.015343915343915344,0.013583832874371673,0.015343915343915344,0.010903246968130303,
0.012027491408934709,0.01599259846682527,0.012541404900899321,0.01599259846682527,0.011526582164269964,
0.012844036697247707,0.014809960681520315,0.019386795640962212,0.014809960681520315,0.010740387308965225,
0.01382852627419992,0.01356512577373897,0.009161661037274511,0.01356512577373897,0.00910963421980531,
0.012419924173094522,0.012550660217021833,0.010201571228101024,0.012550660217021833,0.008783997356973263,
0.013398779517113293,0.013133457150437781,0.010498184657506005,0.013133457150437781,0.008270823092616971,
0.011147540983606558,0.014950819672131148,0.012238363641203814,0.014950819672131148,0.010576673014604429,
0.010842258363083432,0.014676715589051963,0.007889817067912724,0.014676715589051963,0.00939421576957301,
0.013490279063615924,0.013887051977251687,0.009649161571410438,0.013887051977251687,0.009819957147950644,
0.013142331449599158,0.01590222105401498,0.01451973872665776,0.01590222105401498,0.012251815598853643,
0.011946960745700407,0.0162793750820533,0.01151380712331384,0.0162793750820533,0.011510792242573441,
0.012303214710940601,0.01309697049874322,0.010999938426515594,0.01309697049874322,0.01020634545020985,
0.01260007875049219,0.011418821367633548,0.005993417841751803,0.011418821367633548,0.007166203296262656,
0.014525287204542454,0.012280470091113166,0.008915811307826677,0.012280470091113166,0.008394009871780114,
0.015350006616382162,0.01217414317850999,0.009495356687495278,0.01217414317850999,0.008662723780199048,
0.014873837981407702,0.013678618857901727,0.013527483751498773,0.013678618857901727,0.010024351790848882,
0.012503290339563043,0.012240063174519611,0.008041946439140833,0.012240063174519611,0.0074345670390061295,
0.013527851458885942,0.013793103448275862,0.008826894355263312,0.013793103448275862,0.009783731046951398,
0.012002110261144817,0.012661566868900026,0.011727128873657688,0.012661566868900026,0.008248292722289267,
0.0124,0.012266666666666667,0.009132603321647104,0.012266666666666667,0.00907966827760323,
0.0133881230116649,0.013918345705196183,0.01130053206553722,0.013918345705196183,0.010404944885896229,
0.012940710418592368,0.01373299881156741,0.01033437074526655,0.01373299881156741,0.009470676110363369,
0.013749338974087784,0.015996827075621365,0.011632149564676796,0.015996827075621365,0.011161414073439851,
0.01260173273825151,0.013914413231819375,0.009277442436343007,0.013914413231819375,0.009408157424263052,
0.01303660784830129,0.012114827495391098,0.010216682819199116,0.012114827495391098,0.00872483140490287,
