Majority Class Accuracy,Accuracy,Precision,Recall,F Score,Support
0.25687352710133543,0.20096884001047394,0.11374344439995535,0.20096884001047394,0.13438620792547043,
0.245260347129506,0.1945260347129506,0.10792780201685614,0.1945260347129506,0.12930970596042307,
0.24741310692491378,0.20045104802334837,0.11341597478032298,0.20045104802334837,0.1351873749629352,
0.2504630854723472,0.18721884096321778,0.11248969821238965,0.18721884096321778,0.13221913833996377,
0.25736557008851896,0.21046373365041618,0.11972444066918603,0.21046373365041618,0.14196706991741445,
0.24607675062640116,0.18871159171831728,0.11229204690801299,0.18871159171831728,0.13032459760571233,
0.25277741471703047,0.20036596523330283,0.10971276490833345,0.20036596523330283,0.13613231899316794,
0.2481222822506259,0.1950191066016603,0.11336030363150075,0.1950191066016603,0.1336748170773031,
0.2532097948378557,0.19616148246194573,0.11247325883196731,0.19616148246194573,0.1342116789228679,
0.24537770734284206,0.1916270470153196,0.1142956602276648,0.1916270470153196,0.13548338395433893,
0.24851837218490716,0.19373106808902937,0.1071835419520232,0.19373106808902937,0.1304971008586566,
0.25467967308199313,0.2007645663063538,0.11629068443902027,0.2007645663063538,0.1329414709670285,
0.2550335570469799,0.19713120147387814,0.1103713340702273,0.19713120147387814,0.13391144836912422,
0.249800796812749,0.19309428950863214,0.10897140260728314,0.19309428950863214,0.12818441474112277,
0.24800531914893617,0.20252659574468085,0.11443995361678426,0.20252659574468085,0.1379950890503237,
0.24638833664678594,0.1952286282306163,0.11363518373579237,0.1952286282306163,0.1343073520914524,
0.24730900498818587,0.20569703334208453,0.11119354441404279,0.20569703334208453,0.13320482823904753,
0.2510914142082286,0.19341182696123826,0.10575648194338076,0.19341182696123826,0.13018499784537446,
0.24914043903729172,0.20629463104998677,0.11486113617332078,0.20629463104998677,0.13581918723265377,
0.2553191489361702,0.19818754925137905,0.11783609525251029,0.19818754925137905,0.13869871178740048,
0.2566441888139627,0.19542509586143064,0.1122709900022111,0.19542509586143064,0.13591445856998882,
0.250164581961817,0.20381830151415406,0.1116989605101395,0.20381830151415406,0.1327334858342821,
0.25539280958721705,0.20359520639147802,0.11248827261989652,0.20359520639147802,0.1373991234710221,
0.24930857368629,0.18846305807981034,0.10678529592123819,0.18846305807981034,0.1271762142704875,
0.25286146559663203,0.19773713985001973,0.11913979700298469,0.19773713985001973,0.13594960041621704,
0.25451167728237795,0.20382165605095542,0.11366828124588907,0.20382165605095542,0.1347016822086772,
0.2439635835862251,0.20411663807890223,0.11311581928463774,0.20411663807890223,0.13289360719145266,
0.25205080709182326,0.19423127811590368,0.10990702974924654,0.19423127811590368,0.13012235557961183,
0.2553838023516977,0.18945699564011098,0.10796871655343446,0.18945699564011098,0.1307113066807558,
0.2524387028737147,0.20155549696809913,0.11364169961093695,0.20155549696809913,0.13746448925670582,
