Majority Class Accuracy,Accuracy,Precision,Recall,F Score,Support
0.5561967213114755,0.5561967213114755,0.30935479279763506,0.5561967213114755,0.39757800355334016,
0.5569020021074815,0.5569020021074815,0.3101398399513214,0.5569020021074815,0.3984063730812914,
0.5441059602649007,0.5441059602649007,0.29605129599578967,0.5441059602649007,0.3834598189686416,
0.540249734325186,0.540249734325186,0.29186977543843406,0.540249734325186,0.3789901974127695,
0.5518385769281826,0.5518385769281826,0.3045258149861217,0.5518385769281826,0.39247099474601455,
0.5495555260713811,0.5495555260713811,0.30201127623559254,0.5495555260713811,0.3898037484352531,
0.5520242648028485,0.5520242648028485,0.3047307889311254,0.5520242648028485,0.39268817613471385,
0.5520085129023676,0.5520085129023676,0.30471339831668337,0.5520085129023676,0.39266975120754644,
0.5596620908130939,0.5596620908130939,0.3132216558932838,0.5596620908130939,0.40165322698840866,
0.5395597064709806,0.5395597064709806,0.2911246768470508,0.5395597064709806,0.37819212288216414,
0.5464840663681854,0.5464840663681854,0.29864483479430726,0.5464840663681854,0.38622426352656153,
0.5580386486131195,0.5580386486131195,0.31140713334595665,0.5580386486131195,0.3997425014111867,
0.5490846378349695,0.5490846378349695,0.3014939395063596,0.5490846378349695,0.38925431463542665,
0.557540725170783,0.557540725170783,0.3108516602239626,0.557540725170783,0.39915702389082375,
0.5564377398438534,0.5564377398438534,0.3096229583225359,0.5564377398438534,0.3978610263634422,
0.5552471583399419,0.5552471583399419,0.30829940684458046,0.5552471583399419,0.3964635526788639,
0.5541803818301514,0.5541803818301514,0.30711589560541236,0.5541803818301514,0.3952126782655214,
0.550857598723574,0.550857598723574,0.3034440940715021,0.550857598723574,0.3913242509450903,
0.5497568029446562,0.5497568029446562,0.3022325423839296,0.5497568029446562,0.39003867162856093,
0.5502304147465438,0.5502304147465438,0.3027535093121536,0.5502304147465438,0.39059162616371773,
0.5456211546013876,0.5456211546013876,0.2977024443485513,0.5456211546013876,0.3852204577587166,
0.557060215619248,0.557060215619248,0.3103160838257631,0.557060215619248,0.3985922711439253,
0.5517150395778364,0.5517150395778364,0.3043894848963736,0.5517150395778364,0.3923265253382949,
0.5646465985943508,0.5646465985943508,0.31882578130417,0.5646465985943508,0.4075371161648862,
0.5607636603028308,0.5607636603028308,0.3144558827162286,0.5607636603028308,0.40295131250712946,
0.551394422310757,0.551394422310757,0.30403580895541343,0.551394422310757,0.39195165920805736,
0.5446071904127829,0.5446071904127829,0.2965969918493052,0.5446071904127829,0.38404196703246246,
0.55093940195819,0.55093940195819,0.3035342246300481,0.55093940195819,0.3914198378696303,
0.5523556735235567,0.5523556735235567,0.305096790073662,0.5523556735235567,0.39307588496281837,
0.5586606907461112,0.5586606907461112,0.3121017673849222,0.5586606907461112,0.40047429082916436,
