Majority Class Accuracy,Accuracy,Precision,Recall,F Score,Support
0.01586042823156225,0.01731430081945546,0.016195836624922032,0.01731430081945546,0.014346635666515024,
0.014052764152194088,0.018162534800477265,0.016918231746063793,0.018162534800477265,0.01493200166421795,
0.015693576273440618,0.015693576273440618,0.01352395002495658,0.015693576273440618,0.012327163498804762,
0.016655737704918034,0.018098360655737705,0.016949100136402807,0.018098360655737705,0.015091577999528089,
0.015774125132555675,0.018027571580063628,0.017268586705198947,0.018027571580063628,0.014666647706281614,
0.011778718898888301,0.016807834833245102,0.016197237205462886,0.016807834833245102,0.014015569841004839,
0.018599707718878703,0.016739736946990835,0.015531498037294934,0.016739736946990835,0.01334945613369559,
0.016088286132163277,0.01688605238665071,0.01460939173963105,0.01688605238665071,0.013334299302143552,
0.015394824153948241,0.014863968148639682,0.013752800668624512,0.014863968148639682,0.012136302486301303,
0.014544025157232705,0.01611635220125786,0.014859415650794176,0.01611635220125786,0.013038815849843215,
0.013343799058084773,0.014913657770800628,0.01493557535087235,0.014913657770800628,0.012098893712419335,
0.016633663366336635,0.01887788778877888,0.01587520931089564,0.01887788778877888,0.014501182747468271,
0.014129143008054932,0.015317575597517497,0.012966369582535359,0.015317575597517497,0.012294585506952269,
0.01707252514557967,0.019322392800423506,0.01596564609352033,0.019322392800423506,0.014712140511833297,
0.014561821551495897,0.018003706645485836,0.015261926441715264,0.018003706645485836,0.013857421759734105,
0.014300708475465758,0.01600629755969562,0.015162449004954028,0.01600629755969562,0.012856563727225224,
0.016765676567656766,0.015181518151815182,0.013527719518639446,0.015181518151815182,0.01231063631110345,
0.015015806111696523,0.0172550052687039,0.01583187825258175,0.0172550052687039,0.01412816679901332,
0.016107736994982837,0.013467124372854503,0.011290896376665084,0.013467124372854503,0.01054698009390427,
0.01544350580781415,0.018083421330517425,0.01664875838198853,0.018083421330517425,0.014287004907754463,
0.01567689650591205,0.016739736946990835,0.014044788994033176,0.016739736946990835,0.012422518736554188,
0.013751156948300938,0.017321168848340604,0.016321380938954345,0.017321168848340604,0.014133765990223632,
0.015384615384615385,0.015649867374005304,0.014628118349635878,0.015649867374005304,0.012525717375384156,
0.017921146953405017,0.015797159166334795,0.015472561459456568,0.015797159166334795,0.013013628877036974,
0.013368630046326936,0.018663136995367306,0.016747676377476574,0.018663136995367306,0.014936095830973075,
0.015053479466525816,0.017562392710946784,0.016723484846113114,0.017562392710946784,0.014893975031945065,
0.012306470821754664,0.013365091967712055,0.010220893654276255,0.013365091967712055,0.009870780743267369,
0.014219269102990033,0.015016611295681064,0.014635471928234245,0.015016611295681064,0.01216159384390709,
0.015522230991844252,0.015916863983162326,0.014902605041382733,0.015916863983162326,0.01297985723864001,
0.014091996809359212,0.014490826907737304,0.013841974717545636,0.014490826907737304,0.012238040827120059,
