Majority Class Accuracy,Accuracy,Precision,Recall,F Score,Support
0.09659540775930324,0.1087358141989971,0.10889076901215416,0.1087358141989971,0.10302756343948159,
0.10060734090308952,0.10153155532083444,0.10013150630950197,0.10153155532083444,0.09534272127327864,
0.10770440251572327,0.10731132075471699,0.10406472769361674,0.10731132075471699,0.09997245050138737,
0.10295889677332977,0.09987950194135761,0.09527525297735068,0.09987950194135761,0.08963961251396861,
0.09780887011615629,0.10388067581837382,0.10442413016859288,0.10388067581837382,0.09817735255529485,
0.09333510355815189,0.10740839086563994,0.10261269924379832,0.10740839086563994,0.09998418735347875,
0.0992487149070779,0.10333465137735601,0.10031688871116508,0.10333465137735601,0.09534967937882355,
0.09763821084575802,0.10344372608523551,0.09983610254340358,0.10344372608523551,0.09466007415939465,
0.10505319148936171,0.10678191489361702,0.10419976870667806,0.10678191489361702,0.10070923870314255,
0.10147796252309317,0.10715228292425442,0.10300159988092891,0.10715228292425442,0.09809188521115367,
0.09818950707017313,0.10545790934320073,0.10523810265393824,0.10545790934320073,0.09979264306589149,
0.09857497712119231,0.10158190613152046,0.09939861536066062,0.10158190613152046,0.095207520563644,
0.09760296649450403,0.10157595020527083,0.10058161071931908,0.10157595020527083,0.09548161480489467,
0.10260134689026806,0.09890400105638453,0.09726940216012034,0.09890400105638453,0.08980664716081535,
0.10206254158349967,0.10578842315369262,0.10768722990445555,0.10578842315369262,0.10161338524080248,
0.09783769353977576,0.10624666310731447,0.10466948058507403,0.10624666310731447,0.10020113060330883,
0.09342331613073972,0.10030435357946275,0.09862899840534933,0.10030435357946275,0.09573075157496332,
0.09832802547770701,0.09726645435244162,0.09823790632743606,0.09726645435244162,0.09158821580447297,
0.10030516120472337,0.104152845959931,0.10359296618936419,0.104152845959931,0.09679254490043633,
0.0958256760304542,0.10370175899186138,0.1016605276243153,0.10370175899186138,0.09602982678929124,
0.10190073917634636,0.1042766631467793,0.10426854743382595,0.1042766631467793,0.09670734803104915,
0.10096471521078366,0.10188978459098719,0.10219614039488792,0.10188978459098719,0.09633693237577513,
0.10088824075301604,0.10340713244067347,0.10379629356891829,0.10340713244067347,0.0979805202721114,
0.09929549381895521,0.10554300146218264,0.10566018892325137,0.10554300146218264,0.09755612559799891,
0.0969273374653831,0.10457602531979428,0.10103276384610829,0.10457602531979428,0.097056785389268,
0.09679555084745763,0.10195974576271187,0.10145533717563676,0.10195974576271187,0.09521372357401918,
0.10340262147491062,0.10631537137561234,0.10192074291557567,0.10631537137561234,0.09849928806248813,
0.10133615557613442,0.113639370287075,0.11076404359620755,0.113639370287075,0.1032916628170736,
0.0995528669121515,0.11020515518148342,0.10785422886399797,0.11020515518148342,0.10059856728914267,
0.10138248847926268,0.10954575378538513,0.10997605773332259,0.10954575378538513,0.10146781369717724,
