Majority Class Accuracy,Accuracy,Precision,Recall,F Score,Support
0.306214389823771,0.24844308996952433,0.14920418773433974,0.24844308996952433,0.1725190445299132,
0.3127829560585885,0.2559254327563249,0.15055369016009376,0.2559254327563249,0.17883594143078588,
0.31476545842217485,0.26652452025586354,0.15091764690595766,0.26652452025586354,0.18157039999840668,
0.3093298291721419,0.2536136662286465,0.154307917075179,0.2536136662286465,0.18091651539560769,
0.31801324503311257,0.25629139072847684,0.15200070416562492,0.25629139072847684,0.17850483664812386,
0.32147125215774797,0.25308723941043687,0.15022239905603066,0.25308723941043687,0.18228555971488256,
0.31764083575773605,0.25443004496165034,0.1500058216565912,0.25443004496165034,0.1797700984125577,
0.31643055739441284,0.2597643320534887,0.14172321507278932,0.2597643320534887,0.1731887444310284,
0.3063767731671749,0.2606390030491847,0.15044424494949726,0.2606390030491847,0.17953090401959695,
0.3109432962374139,0.26073131955484896,0.15267572887521058,0.26073131955484896,0.1786690064707946,
0.3166887417218543,0.26304635761589407,0.15473747149310624,0.26304635761589407,0.18326547764229267,
0.30591191641317284,0.24547017590265838,0.14328702045801275,0.24547017590265838,0.16815052573806952,
0.3081802563763711,0.2411788026959165,0.138396536111748,0.2411788026959165,0.16947706157610407,
0.32269174725129157,0.26255133130215924,0.1571810199461561,0.26255133130215924,0.18853731238174784,
0.32329448736414823,0.26109728951158834,0.14796446819060705,0.26109728951158834,0.17962860457377844,
0.31940772078265467,0.2675832892649392,0.15795848308184207,0.2675832892649392,0.18694590724661028,
0.31375661375661373,0.25555555555555554,0.14741010017144413,0.25555555555555554,0.17761617156797974,
0.3199096225412015,0.2522594364699628,0.15234369327465364,0.2522594364699628,0.18314998199831267,
0.3127724210804385,0.24276845859199578,0.14697166556719868,0.24276845859199578,0.17546052857452485,
0.30782380013149246,0.24115713346482578,0.1411612147123901,0.24115713346482578,0.16989710774840108,
0.31236730360934184,0.26048301486199577,0.15380782482262131,0.26048301486199577,0.18023674487964103,
0.31764083575773605,0.2508595609627083,0.1516930245136486,0.2508595609627083,0.17992947372886792,
0.3160258950984278,0.2437574316290131,0.15203963656709407,0.2437574316290131,0.1791032829768324,
0.31112582781456954,0.2547019867549669,0.149219293032914,0.2547019867549669,0.17902466719316243,
0.32432432432432434,0.24907260201377848,0.15498954913020394,0.24907260201377848,0.1799890732158688,
0.31585879873551104,0.25922023182297155,0.14680892364591527,0.25922023182297155,0.1785736324187927,
0.3233824302998422,0.26841136244082064,0.1614595272618849,0.26841136244082064,0.1898519002209523,
0.311178247734139,0.24274267699986865,0.14505420889911502,0.24274267699986865,0.17350687181353094,
0.31789919301494907,0.24831326895091943,0.1476273033356076,0.24831326895091943,0.1790161897965591,
0.3122954039544324,0.2635851774256907,0.15309266217614165,0.2635851774256907,0.1807742337174494,
