Majority Class Accuracy,Accuracy,Precision,Recall,F Score,Support
0.02600187642407184,0.027878300495912077,0.021010402365173965,0.027878300495912077,0.01607621304821824,
0.02310014437590235,0.027825173907336923,0.028806117202472566,0.027825173907336923,0.019209977400542935,
0.0241989097194522,0.02725701369498737,0.020858447804124654,0.02725701369498737,0.01642003421410515,
0.022122728469844616,0.029365288385567553,0.03224526922642266,0.029365288385567553,0.01848736050813444,
0.026336791699920193,0.030194200585262038,0.025036252328931384,0.030194200585262038,0.020331957310928163,
0.024390243902439025,0.02518557794273595,0.017528117546360227,0.02518557794273595,0.016377546502299365,
0.023504555658259606,0.024957084378713853,0.021076588398338564,0.024957084378713853,0.01607917081206688,
0.024477374966922465,0.025535856046573168,0.01920243844522504,0.025535856046573168,0.017631103551013882,
0.023812656229443493,0.027759505328246285,0.029653254810429606,0.027759505328246285,0.02303805445051187,
0.025775907417148868,0.026564965807469754,0.027249526347331375,0.026564965807469754,0.015918266625225396,
0.02386951332714494,0.027582548733589708,0.024720813160295178,0.027582548733589708,0.019926046460606063,
0.021265354642715624,0.028265750891559898,0.023620815691963542,0.028265750891559898,0.02051561039573908,
0.02423841059602649,0.02847682119205298,0.021975622159888474,0.02847682119205298,0.018138532325192167,
0.022808174027686222,0.027422544495715226,0.0249042804738311,0.027422544495715226,0.019169509231954773,
0.022122728469844616,0.02488806952857519,0.0218236974846883,0.02488806952857519,0.018293333925570893,
0.025786828881248346,0.025786828881248346,0.0201584705312699,0.025786828881248346,0.017631023742374696,
0.02472746609944164,0.028981653815474608,0.024965749828048348,0.028981653815474608,0.01896824951083216,
0.025423728813559324,0.029335071707953065,0.0228360384518428,0.029335071707953065,0.020983311125384835,
0.021407932755450484,0.030601523509324928,0.02623037835151852,0.030601523509324928,0.02079588120299766,
0.022664015904572565,0.030351225977468522,0.024590366410397628,0.030351225977468522,0.02085508631648885,
0.02314202591906903,0.026183549325575244,0.02297036369997736,0.026183549325575244,0.017681228682079636,
0.022642514651038892,0.02903569525839105,0.032616127573174405,0.02903569525839105,0.020829783086260618,
0.01814569536423841,0.025562913907284768,0.02187589218336617,0.025562913907284768,0.017631382608456692,
0.0205970538391344,0.027897275453004824,0.022068660071692545,0.027897275453004824,0.020018881567697044,
0.023694200811624558,0.031155910459484227,0.024924975258751616,0.031155910459484227,0.022308633819133044,
0.02178217821782178,0.026534653465346534,0.02437927759122739,0.026534653465346534,0.017177418499896728,
0.024004220522289635,0.027433394882616723,0.03252354776892783,0.027433394882616723,0.018368854720649575,
0.019899177500663306,0.028920137967630672,0.021830618654880625,0.028920137967630672,0.019640157454821134,
0.02399257688229056,0.031150583244962886,0.026701013533439937,0.031150583244962886,0.021481408979198893,
0.025822852555525824,0.02675943270002676,0.022197485374017983,0.02675943270002676,0.016732942809681822,
