Majority Class Accuracy,Accuracy,Precision,Recall,F Score,Support
0.6486020935471049,0.6486020935471049,0.42068467575368734,0.6486020935471049,0.5103531985071658,
0.6456080189923503,0.6456080189923503,0.41680971418722695,0.6456080189923503,0.5065722934948392,
0.6435234541577826,0.6435234541577826,0.4141224360511636,0.6435234541577826,0.5039446623089161,
0.6563660477453581,0.6563660477453581,0.4308163886328617,0.6563660477453581,0.5201946625497281,
0.6559608776103621,0.6559608776103621,0.4302846729553565,0.6559608776103621,0.5196797566573912,
0.645531241761139,0.645531241761139,0.41671058408967804,0.645531241761139,0.5064754451500917,
0.6455463728191001,0.6455463728191001,0.4167301194598966,0.6455463728191001,0.5064945313524859,
0.6525177959398892,0.6525177959398892,0.42577947401825095,0.6525177959398892,0.5153100015798423,
0.6411242211321755,0.6411242211321755,0.4110402669223387,0.6411242211321755,0.5009252336045239,
0.6364357482813326,0.6364357482813326,0.4050504616904198,0.6364357482813326,0.495039859787742,
0.6458003169572107,0.6458003169572107,0.4170580493820339,0.6458003169572107,0.5068148852384465,
0.6373015873015873,0.6373015873015873,0.40615331317712267,0.6373015873015873,0.4961252298625056,
0.6411311736590547,0.6411311736590547,0.41104918183743694,0.6411311736590547,0.5009339758271296,
0.6453834945025831,0.6453834945025831,0.41651985497636573,0.6453834945025831,0.5062890886750802,
0.6510395974043173,0.6510395974043173,0.4238525573883755,0.6510395974043173,0.5134371798892474,
0.6462468778756408,0.6462468778756408,0.41763502716401346,0.6462468778756408,0.5073783680646251,
0.6552544613350958,0.6552544613350958,0.4293584090995466,0.6552544613350958,0.5187823614179955,
0.6431875247786442,0.6431875247786442,0.413690192030879,0.6431875247786442,0.5035215832552133,
0.6541064083852992,0.6541064083852992,0.4278551934907158,0.6541064083852992,0.5173248725979827,
0.6467694762031375,0.6467694762031375,0.4183107553480808,0.6467694762031375,0.5080380240136052,
0.6483661860034396,0.6483661860034396,0.4203787111526469,0.6483661860034396,0.5100550044306352,
0.6516002612671457,0.6516002612671457,0.42458290048341246,0.6516002612671457,0.5141472914973539,
0.6498477022910872,0.6498477022910872,0.42230203617300555,0.6498477022910872,0.5119285078090168,
0.6456796628029505,0.6456796628029505,0.4169022269573318,0.6456796628029505,0.5066626712117918,
0.6492616033755274,0.6492616033755274,0.4215406296177607,0.6492616033755274,0.5111871018581863,
0.6459602649006623,0.6459602649006623,0.4172646638305338,0.6459602649006623,0.507016691384973,
0.6458333333333334,0.6458333333333334,0.4171006944444445,0.6458333333333334,0.5068565400843882,
0.6451062713198635,0.6451062713198635,0.4161621012962174,0.6451062713198635,0.5059394746119736,
0.6465778715547936,0.6465778715547936,0.4180629439843272,0.6465778715547936,0.5077961403545015,
0.6491621585961208,0.6491621585961208,0.42141150815317513,0.6491621585961208,0.5110613361537587,
