Majority Class Accuracy,Accuracy,Precision,Recall,F Score,Support
0.2876730388925511,0.28582729070533947,0.11067834113060344,0.28582729070533947,0.13525367530985166,
0.2913959962879491,0.28649078615935303,0.12393753006819896,0.28649078615935303,0.1425033174565422,
0.29146981627296586,0.28805774278215224,0.1102388032904289,0.28805774278215224,0.1412973696206644,
0.29265715795034336,0.28975171685155837,0.11240065882373675,0.28975171685155837,0.14155809718438722,
0.3006207898560296,0.29903579447893275,0.11424493992706754,0.29903579447893275,0.1446505525504926,
0.2959008830894952,0.2911559246078819,0.11495860222071759,0.2911559246078819,0.14077850458912322,
0.2937384898710866,0.2845303867403315,0.1126034535681885,0.2845303867403315,0.14323263942334147,
0.2916282135794331,0.2891232696110745,0.11685142906966973,0.2891232696110745,0.13797890891593775,
0.2911694510739857,0.28957836117740654,0.12626681817188076,0.28957836117740654,0.1417657129121073,
0.2958541065337182,0.29113093676200474,0.11270598616281417,0.29113093676200474,0.14488948632995322,
0.2872818614489688,0.2855631940772078,0.13958444760173747,0.2855631940772078,0.1362500556694389,
0.28590198397056893,0.28445670739718826,0.15267802379277115,0.28445670739718826,0.13461254541899545,
0.2909428457764222,0.28656676833311234,0.12630496845832756,0.28656676833311234,0.14139975684897227,
0.2821258593336859,0.28040719196192493,0.13074810426380304,0.28040719196192493,0.12956791646451135,
0.2806081621765804,0.27660709522539345,0.11523595459799846,0.27660709522539345,0.1315388593239242,
0.29628154050464806,0.2921646746347942,0.10532688863127473,0.2921646746347942,0.14185944687206958,
0.28385554965480614,0.2823951141795008,0.11610910776698995,0.2823951141795008,0.13332416621960402,
0.29134792930625164,0.2871274070166183,0.11210231004959383,0.2871274070166183,0.14025046276705394,
0.29625215203284333,0.2933386306449477,0.11227017409523418,0.2933386306449477,0.1377672997009279,
0.2916499665998664,0.2879091516366065,0.11154725990587191,0.2879091516366065,0.13910742037460788,
0.2911928061359429,0.2892092039143084,0.13613851089166562,0.2892092039143084,0.13919756000924433,
0.2966101694915254,0.2942266949152542,0.11576495507307126,0.2942266949152542,0.14110981688157445,
0.2832172427388619,0.28058877644894203,0.1274873500692353,0.28058877644894203,0.13388512841164082,
0.29674689235651946,0.29555673102353874,0.11619736124404689,0.29555673102353874,0.143591563515975,
0.29819237366407175,0.29172714078374457,0.11899402813407585,0.29172714078374457,0.1427498332909669,
0.29061419835150226,0.28888593459186385,0.12304889788072358,0.28888593459186385,0.14037406099870717,
0.2928249933809902,0.2900450092666137,0.13367262541483635,0.2900450092666137,0.13958420661963716,
0.2972581070392829,0.2915897706301081,0.12181170932730871,0.2915897706301081,0.14547179539450325,
0.2925862296815118,0.2919254658385093,0.22016859194057417,0.2919254658385093,0.1413621889254237,
0.2949478960559293,0.29019918216594115,0.10790663515782276,0.29019918216594115,0.13835325212427074,
