Majority Class Accuracy,Accuracy,Precision,Recall,F Score,Support
0.01332629634516427,0.014909618683203589,0.01365250701009448,0.014909618683203589,0.01210542080167343,
0.011705240755520084,0.013168395849960097,0.013317002072933142,0.013168395849960097,0.0110032063302322,
0.014565017714210734,0.013777719459388531,0.014497941073159213,0.013777719459388531,0.011465446074763326,
0.01428382489088745,0.013225763787858748,0.013441646363228555,0.013225763787858748,0.011443976215310932,
0.013110846245530394,0.014037875778042644,0.01486939850108806,0.014037875778042644,0.011878112786277019,
0.01160643629649169,0.012134001582695859,0.01087597825134894,0.012134001582695859,0.009328933918695383,
0.013077939233817702,0.014002642007926024,0.013772934511369496,0.014002642007926024,0.01175784172709473,
0.012285336856010569,0.013738441215323647,0.012677194755393245,0.013738441215323647,0.011148078862070756,
0.012860892388451443,0.013254593175853018,0.013050792101637749,0.013254593175853018,0.011166744969558889,
0.013569243049088733,0.015032592789676733,0.013424372529696405,0.015032592789676733,0.012142800420695637,
0.012172774869109948,0.015183246073298429,0.014964833363831262,0.015183246073298429,0.012415505630510519,
0.012882871039831734,0.01459182332062574,0.0153056582167749,0.01459182332062574,0.013074985468909313,
0.011803713527851459,0.013527851458885942,0.012246513743120625,0.013527851458885942,0.010711289702209869,
0.013558420842748903,0.012362089591918118,0.010940507861492742,0.012362089591918118,0.009378399191455795,
0.012741363457244187,0.01628792854328123,0.016868493820072494,0.01628792854328123,0.013789599085859427,
0.014272739068379395,0.01699753470870637,0.014680359227756888,0.01699753470870637,0.013233999126966465,
0.013009425195805124,0.01500066374618346,0.013818619630778805,0.01500066374618346,0.012065898907339417,
0.011846781624325392,0.012241674345136238,0.01155198397831902,0.012241674345136238,0.01002669190962004,
0.012344040350411468,0.014202282983806743,0.013097086519466951,0.014202282983806743,0.011534617549943336,
0.014445173998686802,0.014313854235062377,0.0127867096191984,0.014313854235062377,0.011521395623822131,
0.013944223107569721,0.016600265604249667,0.016208782103031557,0.016600265604249667,0.013306263342505637,
0.013855898653998416,0.013064133016627079,0.012801598429272336,0.013064133016627079,0.010423283470509456,
0.011719778772715302,0.01435343692388728,0.014060681165411707,0.01435343692388728,0.011728192285169069,
0.01246684350132626,0.01206896551724138,0.01062112088619776,0.01206896551724138,0.009288805442908821,
0.01544350580781415,0.012803590285110876,0.013453486488483057,0.012803590285110876,0.01087861011252686,
0.012904924940742692,0.013695022386094284,0.01154251428467961,0.013695022386094284,0.010739846325537202,
0.01389624139756485,0.015352038115404976,0.015748500224295574,0.015352038115404976,0.012946899681741977,
0.011646373742721016,0.014425622022233986,0.01379615243970692,0.014425622022233986,0.011765970514183354,
0.013290802764486975,0.014752791068580542,0.013726718221865539,0.014752791068580542,0.01154327832007907,
0.015099337748344372,0.011258278145695364,0.008708202828345047,0.011258278145695364,0.008395557111407347,
