Majority Class Accuracy,Accuracy,Precision,Recall,F Score,Support
0.4819563780568407,0.48089887640449436,0.25046139174174414,0.48089887640449436,0.3145099970006336,
0.4798568778160615,0.4798568778160615,0.23026262318737858,0.4798568778160615,0.3111958009442032,
0.48278154500731285,0.4826485839648983,0.23304481494368962,0.4826485839648983,0.3143210489420762,
0.48136851876408965,0.48136851876408965,0.23171565085713375,0.48136851876408965,0.31283998265395135,
0.47738693467336685,0.47738693467336685,0.25058213408673247,0.47738693467336685,0.30928177252982414,
0.4709924672921898,0.47046385621778775,0.23253928790610656,0.47046385621778775,0.3019097915510907,
0.47843397478433974,0.47843397478433974,0.22889906822794226,0.47843397478433974,0.3096507143801696,
0.47891048525717306,0.4786460399312442,0.27433997474628635,0.4786460399312442,0.3108310070676988,
0.47654584221748403,0.47654584221748403,0.22715648250729445,0.47654584221748403,0.3076598540837196,
0.4807414223741291,0.48087288024188246,0.31688362400560677,0.48087288024188246,0.31247550931159046,
0.4736772486772487,0.47275132275132276,0.26529317310484063,0.47275132275132276,0.30736354570104,
0.47771789141580123,0.47771789141580123,0.22821438377875924,0.47771789141580123,0.30887408903211844,
0.4875694260777572,0.4875694260777572,0.23772394524579357,0.4875694260777572,0.3196139166056877,
0.47860076851729166,0.47860076851729166,0.2290586956253422,0.47860076851729166,0.30983170102777263,
0.4749003984063745,0.4749003984063745,0.22553038840653322,0.4749003984063745,0.30582456774737893,
0.4793848601352247,0.4795174333819435,0.31557679201125116,0.4795174333819435,0.31123708773278025,
0.4739915074309979,0.4739915074309979,0.2246679491167097,0.4739915074309979,0.3048429356398136,
0.47106024730334123,0.47106024730334123,0.2219269498215057,0.47106024730334123,0.30171109740534163,
0.4802051821649349,0.47994212810732606,0.2646513699706649,0.47994212810732606,0.313595922694393,
0.48436460412508314,0.48436460412508314,0.23460906972924853,0.48436460412508314,0.31610706571318736,
0.4833732375631817,0.4833732375631817,0.23364968679231207,0.4833732375631817,0.3150248108508971,
0.47426227338891097,0.47426227338891097,0.22492470396001812,0.47426227338891097,0.30513526394863244,
0.4840587379282974,0.4840587379282974,0.2881408328478285,0.4840587379282974,0.3160351111551053,
0.4733782534020346,0.47284978200554895,0.26282015361067645,0.47284978200554895,0.30531584311147514,
0.47721250662427134,0.47668256491785904,0.2516412135277202,0.47668256491785904,0.3087238666001642,
0.4817421325189218,0.4817421325189218,0.2320754822438784,0.4817421325189218,0.31324678856145677,
0.4803097049793085,0.4803097049793085,0.2306974126973104,0.4803097049793085,0.31168803652548505,
0.47949360411446657,0.47936173018594225,0.22988119901821236,0.47936173018594225,0.3107433144867331,
0.47892923403127485,0.47892923403127485,0.2294340206507194,0.47892923403127485,0.3102438164167462,
0.48432746991138736,0.48432746991138736,0.23457309811076585,0.48432746991138736,0.3160665053578367,
