Majority Class Accuracy,Accuracy,Precision,Recall,F Score,Support
0.1745377145137688,0.16482639350804842,0.06360412299185705,0.16482639350804842,0.07814693002890316,
0.15511507250232806,0.15045895969136625,0.05001787038806335,0.15045895969136625,0.06478292501760775,
0.1651388161341016,0.14837611314824514,0.068478095742067,0.14837611314824514,0.06971032663154866,
0.1626832166908755,0.14406443945596198,0.05521504400014537,0.14406443945596198,0.0711943009809353,
0.17084826762246116,0.16646754281162884,0.08705242323805755,0.16646754281162884,0.0725769767019929,
0.16500994035785288,0.1565275016567263,0.054433070046046465,0.1565275016567263,0.06996981830857169,
0.16087243886318572,0.15280898876404495,0.057767401057872654,0.15280898876404495,0.07167337838013123,
0.16199580932425353,0.15413829229963333,0.060979336709000145,0.15413829229963333,0.06580097135406662,
0.1566296883254094,0.1576862123613312,0.08158405469040765,0.1576862123613312,0.07158393797557305,
0.1618884797475013,0.16070489216202,0.05610769253976913,0.16070489216202,0.06972082727685,
0.1651110818982516,0.15866964637833575,0.05352753738726671,0.15866964637833575,0.06880852618964531,
0.16541551428947715,0.1602792045304886,0.05912359220154952,0.1602792045304886,0.07160474811634791,
0.15912099549907333,0.15342864707439768,0.07120229365679846,0.15342864707439768,0.07141087838308924,
0.16240222723054487,0.15656900437491714,0.05253486972133023,0.15656900437491714,0.06636381291873661,
0.172322375397667,0.16662248144220573,0.058870382601873265,0.16662248144220573,0.07741753165051186,
0.17101758124667021,0.16156100159829515,0.057650828851056844,0.16156100159829515,0.0733010204472556,
0.17200159383716296,0.1652277858945411,0.057020242629330184,0.1652277858945411,0.07508753739795539,
0.17014766529200478,0.1617666622322735,0.058360982914325385,0.1617666622322735,0.07120721707883117,
0.1602952807803849,0.15291326127076194,0.0545841472001973,0.15291326127076194,0.06801494217519705,
0.162090813093981,0.1544350580781415,0.07205397841693628,0.1544350580781415,0.06751133654567472,
0.16378622706726934,0.15195426748205265,0.053999000044701685,0.15195426748205265,0.06980488520722791,
0.17243207422133863,0.16739562624254473,0.06082473803685784,0.16739562624254473,0.07609165904724462,
0.1625544267053701,0.16281831376171,0.06441876457419893,0.16281831376171,0.07048769296864406,
0.16929755327545382,0.15351223362273086,0.05725776046860811,0.15351223362273086,0.07673075158263915,
0.16323296354992076,0.1566296883254094,0.05354683469601338,0.1566296883254094,0.06853909591025921,
0.15746689392946112,0.142782221056772,0.060088186280608455,0.142782221056772,0.06789343742357835,
0.15641127431520443,0.14939790922323673,0.05197565553340052,0.14939790922323673,0.06341624095277448,
0.16427537185731209,0.15598262472028432,0.05755570187209249,0.15598262472028432,0.07131861161130922,
0.1519704758138922,0.143930407275603,0.05469646377663774,0.143930407275603,0.06169152626051737,
0.1536454936741881,0.14842832920307814,0.06067804268111977,0.14842832920307814,0.06531377868293665,
