Majority Class Accuracy,Accuracy,Precision,Recall,F Score,Support
0.038950715421303655,0.046502384737678856,0.04685464204021396,0.046502384737678856,0.04455735703432694,
0.04218852999340804,0.04060646011865524,0.040542575396254235,0.04060646011865524,0.038900267587679796,
0.039323633503735744,0.045484336085987676,0.04335336466402259,0.045484336085987676,0.04284279010806177,
0.038856691253951525,0.0399104320337197,0.04018201751228562,0.0399104320337197,0.03845153718652757,
0.04081632653061224,0.045719586535913063,0.044946031549056666,0.045719586535913063,0.04380098655792693,
0.039311714096624754,0.04129715420251489,0.04006022046185109,0.04129715420251489,0.03891374479719013,
0.04246031746031746,0.04497354497354497,0.04459017096394142,0.04497354497354497,0.04361955778008719,
0.044084747993156995,0.04066324516383735,0.04187588861722506,0.04066324516383735,0.03944619680091622,
0.03934077618288145,0.04253056884635832,0.04025484382612135,0.04253056884635832,0.039482133120057224,
0.03753315649867374,0.046816976127320956,0.04578695270973934,0.046816976127320956,0.044317987460678124,
0.04130808950086059,0.04342645306500728,0.04283654495252871,0.04342645306500728,0.04109423140736372,
0.038441284886782515,0.04265402843601896,0.04175354989930116,0.04265402843601896,0.03973288091186497,
0.04058505731980498,0.047173540650942154,0.0460446120796056,0.047173540650942154,0.043592924020313104,
0.04012102078400421,0.039857932123125495,0.03847786168811565,0.039857932123125495,0.03814107079499647,
0.04158441900250033,0.044347940518489275,0.04334574793738705,0.044347940518489275,0.04141018594950889,
0.041140904311251315,0.04547844374342797,0.04560454215327468,0.04547844374342797,0.04368438561934764,
0.03861003861003861,0.037012381839968043,0.034749652949448095,0.037012381839968043,0.034807560660133526,
0.04368421052631579,0.04447368421052632,0.04570312552659599,0.04447368421052632,0.04263787002340388,
0.04271588661832564,0.045616348055372444,0.04418524211409979,0.045616348055372444,0.042442310794834306,
0.03995780034287221,0.044837135698272454,0.04367359157639168,0.044837135698272454,0.041954792232728945,
0.040306594423153166,0.04149596934055769,0.04019513822693489,0.04149596934055769,0.039469715905124915,
0.043512868134783764,0.042318917484743965,0.04181550759390726,0.042318917484743965,0.040731223353346425,
0.04008937960042061,0.04600420609884332,0.04459643787428864,0.04600420609884332,0.04280820291589774,
0.038770934986153235,0.04114466569959119,0.038303639834167375,0.04114466569959119,0.037837066653299424,
0.04251655629139073,0.04609271523178808,0.04620996409217819,0.04609271523178808,0.04409843674497506,
0.036399474375821285,0.04152431011826544,0.04070405212460677,0.04152431011826544,0.039598790343462135,
0.042572821932252536,0.042441017529985504,0.04180811607706513,0.042441017529985504,0.04055095572019486,
0.042468480424684804,0.03954877239548772,0.03743558158326052,0.03954877239548772,0.037181380994761024,
0.04080031384856807,0.04433111023930953,0.04534050284068216,0.04433111023930953,0.04246271169130424,
0.04235482152370804,0.045551411827384126,0.04407819560391105,0.045551411827384126,0.043159801546626055,
