Majority Class Accuracy,Accuracy,Precision,Recall,F Score,Support
0.03256121773659828,0.03309066843150232,0.03314928598293871,0.03309066843150232,0.027945471598932608,
0.03128712871287129,0.037227722772277226,0.03321189903850676,0.037227722772277226,0.027673669567572223,
0.03426462836056932,0.036768581971534,0.03538692292337535,0.036768581971534,0.027874564887513692,
0.03253652058432935,0.03745019920318725,0.03414580541688341,0.03745019920318725,0.032381908928620556,
0.036680300831244225,0.03839556669745349,0.03228423263648216,0.03839556669745349,0.03016655377765811,
0.03678221751786187,0.0358560465731675,0.03230313524802273,0.0358560465731675,0.029089638001748314,
0.029961553758451543,0.0381810950550179,0.035373919847853715,0.0381810950550179,0.029982139708137696,
0.03529723991507431,0.040339702760084924,0.03709151454450012,0.040339702760084924,0.031740031856585034,
0.034210526315789476,0.03973684210526316,0.03462052802764189,0.03973684210526316,0.027546245132416793,
0.032908704883227176,0.03569532908704883,0.03111523941119188,0.03569532908704883,0.026356716075976554,
0.03286944996686547,0.039893969516235916,0.040292265455677295,0.039893969516235916,0.032691856108826994,
0.037760936045738595,0.04042015689403005,0.030858784343075714,0.04042015689403005,0.029391428937538787,
0.029617876504032793,0.03570011900039667,0.03236841238157557,0.03570011900039667,0.030580148519073626,
0.03298450125844483,0.03616373029540337,0.03169660595875164,0.03616373029540337,0.026075553649098623,
0.03480464061874917,0.04240565408721163,0.030963441121751083,0.04240565408721163,0.030204359486744485,
0.034551231135822084,0.03481599152766746,0.034524448390192176,0.03481599152766746,0.029066622022792327,
0.03388473852721451,0.03882070437566702,0.0338983660663596,0.03882070437566702,0.0306480539171164,
0.0347597103357472,0.040157998683344305,0.03951529444613144,0.040157998683344305,0.03320379015531995,
0.03357761492338441,0.03970686209193871,0.037480301033609074,0.03970686209193871,0.03174494063404337,
0.03520938917044545,0.039610562816751134,0.031619553327581366,0.039610562816751134,0.03033141287416949,
0.03399657398866781,0.037817894320727366,0.04217523319053105,0.037817894320727366,0.03093891334272418,
0.03216838760921366,0.0395816785808843,0.03827151917497719,0.0395816785808843,0.0325770268191657,
0.03354906881521596,0.04015321621978603,0.045059441232647476,0.04015321621978603,0.03234223867549489,
0.035980810234541576,0.03851279317697228,0.03806379077546257,0.03851279317697228,0.03377660219292302,
0.030927835051546393,0.03555379328575205,0.03435289715876556,0.03555379328575205,0.02894802097444997,
0.03125,0.0402162447257384,0.03988516998503173,0.0402162447257384,0.02959896010909479,
0.030034400635088648,0.038766869542206935,0.03647703120694604,0.038766869542206935,0.029143647975716867,
0.03663052102618355,0.03834964295160011,0.040966657495718775,0.03834964295160011,0.03132169154273336,
0.03163631529974744,0.035491160441313306,0.03438687847741532,0.035491160441313306,0.029005702950246102,
0.03334211913547707,0.03769109119662625,0.036595250035515385,0.03769109119662625,0.030847475223903374,
