Majority Class Accuracy,Accuracy,Precision,Recall,F Score,Support
0.25178053284093904,0.2151147454497494,0.11828630983830024,0.2151147454497494,0.13778767950413828,
0.24749340369393139,0.20712401055408972,0.11012832190560504,0.20712401055408972,0.13278799060461743,
0.2468890653958168,0.2020121789780249,0.11049697597320254,0.2020121789780249,0.13135525557049096,
0.23978165357475703,0.1846624950073226,0.1036790114237678,0.1846624950073226,0.12374575575864337,
0.2474540404708372,0.1998412908345457,0.11669856891788624,0.1998412908345457,0.14018105579262571,
0.2523154273617359,0.19052659433712624,0.11514609735212275,0.19052659433712624,0.13621342156731933,
0.2514851485148515,0.21201320132013202,0.12146952190104947,0.21201320132013202,0.13857742247338767,
0.24065234685759745,0.17899761336515513,0.10928767610451603,0.17899761336515513,0.12348415386075577,
0.25498744880433344,0.21191702999075174,0.11463132612027116,0.21191702999075174,0.13505249896444693,
0.2619707162643451,0.1883656509695291,0.1108836655370003,0.1883656509695291,0.13216487323231718,
0.2495694794012452,0.20453040137766593,0.1183196490963324,0.20453040137766593,0.13689153774363833,
0.2583079571031378,0.20362769760360122,0.11803017323679886,0.20362769760360122,0.1368205268044025,
0.24473754329869438,0.20397015720756728,0.10509575610875925,0.20397015720756728,0.12821956577624666,
0.2553219621843184,0.20600290889858522,0.105421106682123,0.20600290889858522,0.13057827121508644,
0.2540497826945871,0.21085210061899118,0.11901574371820896,0.21085210061899118,0.1375211403972982,
0.24688411561919915,0.17740652346857597,0.10668981533871831,0.17740652346857597,0.12698475978560955,
0.2468811556139199,0.20630334865397243,0.11447921062821463,0.20630334865397243,0.13445796841841487,
0.24779576260034214,0.18857744440057903,0.11078855896532101,0.18857744440057903,0.13020257196703963,
0.24816465652857891,0.1970372312532774,0.10546928074071552,0.1970372312532774,0.12919657222392084,
0.24535315985130113,0.1772437599575146,0.10460372012633477,0.1772437599575146,0.12402368829010729,
0.2605652403592182,0.20932382461701005,0.10818159545229791,0.20932382461701005,0.13268185311600703,
0.259244479914871,0.20364458632615057,0.12135998273332792,0.20364458632615057,0.1428583900228447,
0.24675496688741722,0.19933774834437087,0.11224710445326307,0.19933774834437087,0.13247738781287452,
0.2595036958817318,0.20868532206969376,0.11201021977641318,0.20868532206969376,0.13475139957670448,
0.25347084490281635,0.19370620124289303,0.12022764887903226,0.19370620124289303,0.13639932071236918,
0.25247328848436884,0.18506793299037066,0.1043906868544092,0.18506793299037066,0.1287429881813621,
0.2432040116125627,0.20190023752969122,0.1118192920808362,0.20190023752969122,0.1295709786589928,
0.2503635161929941,0.20912095175148712,0.10820911849762209,0.20912095175148712,0.13121116869122193,
0.2524824573017344,0.18707798225870514,0.11790564225071398,0.18707798225870514,0.1341864948703238,
0.24818193838423905,0.1853761734761338,0.10635788294405552,0.1853761734761338,0.12784293260375293,
