Majority Class Accuracy,Accuracy,Precision,Recall,F Score,Support
0.012519768054823405,0.01014760147601476,0.007552968464052013,0.01014760147601476,0.006138353058278852,
0.013754794339373098,0.009258034651501124,0.010059470772115825,0.009258034651501124,0.006596470706637296,
0.00909930106817882,0.010022418567849136,0.009392141578613521,0.010022418567849136,0.006690455748981382,
0.01365504441203765,0.010340713244067348,0.021972494663158454,0.010340713244067348,0.007028482959839136,
0.012448682293735929,0.011256787180505894,0.012584794107405433,0.011256787180505894,0.0074079539149289435,
0.01206896551724138,0.010079575596816976,0.008296476355592277,0.010079575596816976,0.0065666113253248825,
0.011577424023154847,0.008946191290619656,0.009709771089458299,0.008946191290619656,0.006765047368321887,
0.013653669423657607,0.0111592490481817,0.014817735360779839,0.0111592490481817,0.008027222183737727,
0.011298684035624087,0.010899906952013825,0.011731113433952793,0.010899906952013825,0.007528371450923468,
0.013305229877486497,0.011724410486101964,0.009540605781738385,0.011724410486101964,0.007764386014084658,
0.01485083453804705,0.010382441845183336,0.0048492603006632965,0.010382441845183336,0.006138607831929053,
0.012458581842279656,0.008482438701126574,0.009375153473978968,0.008482438701126574,0.005927392737294424,
0.01218074656188605,0.012311722331368697,0.010898357199357663,0.012311722331368697,0.008418767283568687,
0.010908135103167302,0.009988171901695361,0.008344533701780801,0.009988171901695361,0.007041959698270404,
0.011384696849351337,0.010722795869737888,0.012556507089731562,0.010722795869737888,0.007331792500912334,
0.015509989484752892,0.014195583596214511,0.011137803029002967,0.014195583596214511,0.009432785614351796,
0.01599471249173827,0.008460013218770655,0.005592843948855831,0.008460013218770655,0.005382210401843298,
0.012736291728113688,0.010591232068641909,0.010714264742546971,0.010591232068641909,0.00705937636837247,
0.01279514575913468,0.0110803324099723,0.01599580681923485,0.0110803324099723,0.00780035128971525,
0.010347572300344918,0.01114353940037145,0.01283793431541543,0.01114353940037145,0.0081146570257448,
0.014043837773986087,0.00918755742223389,0.008457174279174164,0.00918755742223389,0.006447398381582681,
0.012832385236142347,0.012832385236142347,0.01092917452867273,0.012832385236142347,0.008744134049402443,
0.012916831422169501,0.010939765388163965,0.012605659387734813,0.010939765388163965,0.007889721828005375,
0.011366640232619614,0.012424002114723763,0.010713032200762371,0.012424002114723763,0.008357938228058965,
0.01270513499205929,0.01296982530439386,0.012249400121867201,0.01296982530439386,0.008845838805414338,
0.013707745541655577,0.010779877561884482,0.013522767333105045,0.010779877561884482,0.007932672543389202,
0.011446825502462399,0.009583388792759218,0.009815346661439127,0.009583388792759218,0.006833204259053149,
0.013622536701494511,0.010977383943922761,0.010197102677240449,0.010977383943922761,0.006882660086290508,
0.014176949330532948,0.012470464688894723,0.02228198975261607,0.012470464688894723,0.00854982466234289,
0.011024040377208128,0.01128967990436977,0.009827890957023444,0.01128967990436977,0.007716020735865573,
