Majority Class Accuracy,Accuracy,Precision,Recall,F Score,Support
0.010903836048344719,0.012217551234892276,0.010925145030404518,0.012217551234892276,0.00814263584759245,
0.015270216438719958,0.01195060416943301,0.03209315389724602,0.01195060416943301,0.008383321078399397,
0.011955366631243358,0.011689691817215728,0.009973008903271815,0.011689691817215728,0.007294251436358704,
0.013412228796844181,0.010650887573964497,0.006463878319975276,0.010650887573964497,0.00662325924891515,
0.012470151233749005,0.010347572300344918,0.013853988228306177,0.010347572300344918,0.007122703676242076,
0.013074484944532488,0.012282091917591125,0.00799042656847212,0.012282091917591125,0.0074643758205078506,
0.012639894667544437,0.010269914417379854,0.017968190675017624,0.010269914417379854,0.006906228899887899,
0.012117177097203728,0.010252996005326231,0.006719379967748659,0.010252996005326231,0.006718139460299945,
0.012904924940742692,0.010007900974453516,0.01092167368055023,0.010007900974453516,0.0065001078729086965,
0.01244209133024487,0.008603573792190603,0.010856336301860644,0.008603573792190603,0.006154272678168562,
0.015022860875244938,0.010581319399085565,0.008235020388019643,0.010581319399085565,0.007136289676107886,
0.011845222426954462,0.013687812582258489,0.013230766704838564,0.013687812582258489,0.009149979572631658,
0.014021164021164021,0.012830687830687831,0.010794440787490386,0.012830687830687831,0.008071702326202643,
0.011964238758874573,0.011701288456481725,0.008887069827559286,0.011701288456481725,0.007254890200557902,
0.011699016219090667,0.010502525923956394,0.011817255603180527,0.010502525923956394,0.007394148459231859,
0.01484033390751292,0.009672717636146813,0.006294815133310129,0.009672717636146813,0.005788837679892868,
0.013204806549584048,0.0110920375016506,0.012717874235840738,0.0110920375016506,0.007200968214898987,
0.012674940586216002,0.010958542381832585,0.010280697253999261,0.010958542381832585,0.007016091884562945,
0.011368142762723066,0.010310641110376734,0.01074816706969367,0.010310641110376734,0.006615441648288347,
0.014672535680939042,0.011604641856742696,0.010123719783286066,0.011604641856742696,0.00796198995610121,
0.012892078681552366,0.010898458266879319,0.008293892390733684,0.010898458266879319,0.006614298426760861,
0.014384656366542355,0.007991475759190196,0.00961330135855438,0.007991475759190196,0.004981952024404089,
0.012428930318656618,0.011238926351976729,0.009856293749173597,0.011238926351976729,0.0070605706372719075,
0.012350545263434503,0.011430823807646828,0.007938573637465442,0.011430823807646828,0.007639196532504417,
0.0141384778012685,0.011760042283298097,0.011148276490923906,0.011760042283298097,0.007419364465018293,
0.013554415054612448,0.010132912225292801,0.008294591002665913,0.010132912225292801,0.005777225486014091,
0.013960226524430396,0.011853022520742789,0.01345748358770883,0.011853022520742789,0.006858712360090149,
0.011691244851866614,0.011691244851866614,0.016010866037330932,0.011691244851866614,0.007161519141665866,
0.011904761904761904,0.012037037037037037,0.009084599045043518,0.012037037037037037,0.00778623304797796,
0.012556172349986783,0.012688342585249802,0.008162741067964888,0.012688342585249802,0.007688405031222446,
