Majority Class Accuracy,Accuracy,Precision,Recall,F Score,Support
0.3426194877211513,0.3426194877211513,0.11738811336630416,0.3426194877211513,0.17486430733334402,
0.34056628737761313,0.34056628737761313,0.11598539609817098,0.34056628737761313,0.1730394046012586,
0.33222767679448056,0.33222767679448056,0.11037522922825783,0.33222767679448056,0.16570024951566167,
0.34254951482121493,0.34254951482121493,0.11734017010424974,0.34254951482121493,0.17480199993945958,
0.3530263157894737,0.3530263157894737,0.1246275796398892,0.3530263157894737,0.18422048142821315,
0.35270092226613964,0.35270092226613964,0.12439794056738548,0.35270092226613964,0.18392526909641685,
0.33718459495351927,0.33718459495351927,0.11369345107396885,0.33718459495351927,0.17004899922276004,
0.34157569380507696,0.34157569380507696,0.11667395459841969,0.34157569380507696,0.17393570133564407,
0.339565102094935,0.339565102094935,0.11530445856074364,0.339565102094935,0.17215207888055598,
0.3472075869336143,0.3472075869336143,0.12055310842426334,0.3472075869336143,0.17896738348787788,
0.35204554481662914,0.35204554481662914,0.12393606562523725,0.35204554481662914,0.18333119930815062,
0.35752259436469963,0.35752259436469963,0.12782240548126556,0.35752259436469963,0.18831716836519324,
0.3419209935262254,0.3419209935262254,0.11690996581396107,0.3419209935262254,0.17424269592318034,
0.3445234333859926,0.3445234333859926,0.1186963961520725,0.3445234333859926,0.17656277786568936,
0.34015141453048214,0.34015141453048214,0.11570298480708789,0.34015141453048214,0.1726715109241952,
0.3371969091393552,0.3371969091393552,0.11370175553313455,0.3371969091393552,0.1700598539467387,
0.3372663396526581,0.3372663396526581,0.11374858386270215,0.3372663396526581,0.17012106038988048,
0.3423862887277521,0.3423862887277521,0.11722837070876364,0.3423862887277521,0.1746566866678398,
0.35063206919494344,0.35063206919494344,0.1229428479479276,0.35063206919494344,0.1820523157297884,
0.3438708816860077,0.3438708816860077,0.11824718327151233,0.3438708816860077,0.1759799767715192,
0.3448726322664925,0.3448726322664925,0.11893713248641936,0.3448726322664925,0.176874939132305,
0.3379648008468969,0.3379648008468969,0.11422020661148269,0.3379648008468969,0.17073723694253287,
0.3426795397434202,0.3426795397434202,0.1174292669587623,0.3426795397434202,0.1749177871306544,
0.33886037636531124,0.33886037636531124,0.11482635467044038,0.33886037636531124,0.1715284979635692,
0.3474196945760927,0.3474196945760927,0.12070044417934551,0.3474196945760927,0.17915790405203882,
0.3320084790673026,0.3320084790673026,0.1102296301725835,0.3320084790673026,0.16550890163967782,
0.3447727573870412,0.3447727573870412,0.11886825423626358,0.3447727573870412,0.1767856369536075,
0.347675962815405,0.347675962815405,0.1208785751196189,0.347675962815405,0.17938818893392403,
0.3486746670183305,0.3486746670183305,0.12157402342034364,0.3486746670183305,0.1802866568097127,
0.3389920424403183,0.3389920424403183,0.11491560483785855,0.3389920424403183,0.1716449406651057,
