Majority Class Accuracy,Accuracy,Precision,Recall,F Score,Support
0.01767110642226032,0.02518792034814717,0.018985464795652728,0.02518792034814717,0.015323068781164753,
0.021358450517378617,0.02387901300079597,0.02590274531789253,0.02387901300079597,0.01665790483258055,
0.01954569466455362,0.02377179080824089,0.021248643712104474,0.02377179080824089,0.01574575074424003,
0.019373673036093417,0.0261411889596603,0.01842843189222077,0.0261411889596603,0.017062281979163277,
0.018763213530655392,0.026691331923890064,0.023159231627962188,0.026691331923890064,0.019452973061986165,
0.021358450517378617,0.028256832050941896,0.024005917554788005,0.028256832050941896,0.01718583952208114,
0.01840168243953733,0.026156677181913775,0.01723604186405083,0.026156677181913775,0.015717718304462128,
0.024429102496016993,0.02973977695167286,0.023188116153613356,0.02973977695167286,0.018886437048411205,
0.021844979602579286,0.025529674957231213,0.01918581890524727,0.025529674957231213,0.016709893943934673,
0.023070803500397773,0.022540440201538052,0.018576404260892406,0.022540440201538052,0.015562425806884479,
0.023409601904509986,0.025525724110567385,0.026294080948300772,0.025525724110567385,0.017233096271464143,
0.019978969505783387,0.028916929547844375,0.02233743413440981,0.028916929547844375,0.018659473843380337,
0.02107204003687607,0.023047543790333202,0.04184261320514676,0.023047543790333202,0.01636643994673437,
0.020747984670278843,0.026298400951499934,0.022520178493811084,0.026298400951499934,0.01819690000546452,
0.022030524220305242,0.02415394824153948,0.021861155942176788,0.02415394824153948,0.017115700657479856,
0.023466177241740955,0.024383848977451494,0.018253467203230976,0.024383848977451494,0.01668201765446762,
0.021571238348868177,0.02623169107856192,0.021145651963121972,0.02623169107856192,0.017663582403750423,
0.01862783680965499,0.024137478682933228,0.01787345334440618,0.024137478682933228,0.015701669168183448,
0.0221373039926209,0.025299775991566742,0.020507709013767916,0.025299775991566742,0.01778257238614039,
0.023179244040563676,0.02515474779402081,0.026564250156324076,0.02515474779402081,0.016759794501489834,
0.019636460130025207,0.022024678253947196,0.016450144354708363,0.022024678253947196,0.014669123920151449,
0.022251655629139073,0.023178807947019868,0.023285509264192567,0.023178807947019868,0.01730677214134891,
0.01903874317667421,0.027160165091199576,0.02306471078427611,0.027160165091199576,0.018260362080490384,
0.02253261299248913,0.026485702991171433,0.027076041638463968,0.026485702991171433,0.018374990841223456,
0.021741977734119188,0.025540275049115914,0.017611151290472905,0.025540275049115914,0.016370533700431823,
0.017639257294429708,0.026790450928381962,0.025806046132150737,0.026790450928381962,0.018387508996523732,
0.021450190814580865,0.02329253849190683,0.01946135147128094,0.02329253849190683,0.013833370387488964,
0.021593153390388413,0.025674786043449638,0.021097210762962598,0.025674786043449638,0.0175445727105718,
0.02047600053184417,0.025262598058768782,0.022807137147005496,0.025262598058768782,0.017473712280890636,
0.021644450310149135,0.02718754124323611,0.02330026998320381,0.02718754124323611,0.017182444256965742,
