Majority Class Accuracy,Accuracy,Precision,Recall,F Score,Support
0.6468866418307611,0.6134912187333688,0.44950802762780284,0.6134912187333688,0.5072348265714508,
0.643396476354484,0.6175652404291959,0.4454192964225111,0.6175652404291959,0.5063411597793067,
0.6532022322614935,0.6173266011161308,0.46215854742473117,0.6173266011161308,0.515602515628885,
0.6486198159754634,0.6207494332577677,0.44946719292475157,0.6207494332577677,0.5106973918644093,
0.64427500985934,0.623110293151045,0.462497905562612,0.623110293151045,0.5104494846030274,
0.6360284435080327,0.6056096918619963,0.43269045000563144,0.6056096918619963,0.494727725916172,
0.6482585088067806,0.619388160508542,0.4577992231228106,0.619388160508542,0.5109886140381744,
0.657487091222031,0.6302131603336423,0.4591300206205876,0.6302131603336423,0.521017163418356,
0.6486274509803922,0.625359477124183,0.45147013589868296,0.625359477124183,0.5136232990936395,
0.6390353189246178,0.6076700052714813,0.4319323916929611,0.6076700052714813,0.49572337280097867,
0.6556264964086194,0.6256983240223464,0.4587830634045492,0.6256983240223464,0.5193133604546695,
0.6463205179019685,0.6058924560708152,0.45147639791495736,0.6058924560708152,0.5069457002998523,
0.6594787670326763,0.629712924990078,0.47047705596239414,0.629712924990078,0.524884651636421,
0.6484084880636605,0.6241379310344828,0.4528459580748761,0.6241379310344828,0.5119643237791868,
0.6453273495248152,0.5810454065469906,0.4429997122908617,0.5810454065469906,0.4954922972400743,
0.6337416041090478,0.605821151060187,0.4303773602584893,0.605821151060187,0.4918327398137996,
0.6472449248615871,0.5928025309781176,0.44248945661577854,0.5928025309781176,0.5003930973415621,
0.6429228545143909,0.6165067683006965,0.44503293113755027,0.6165067683006965,0.5044207236008269,
0.645522880126599,0.6018726097850455,0.4466375877938973,0.6018726097850455,0.5045789875653464,
0.6545645882662458,0.6090502499342278,0.4552115808590126,0.6090502499342278,0.5120139049880328,
0.6511411889596603,0.6246019108280255,0.4572022878519464,0.6246019108280255,0.5157309285221056,
0.6532013201320132,0.6245544554455446,0.4576209624971267,0.6245544554455446,0.5166447832337122,
0.643281807372176,0.6202933016250496,0.4452751119542405,0.6202933016250496,0.505785675435411,
0.6418205804749341,0.6114775725593667,0.4406227179033129,0.6114775725593667,0.5010102559067159,
0.6618619412853742,0.6329013488495107,0.46457399980565645,0.6329013488495107,0.5255015691361343,
0.651018249140439,0.6204707749272679,0.45225775598187806,0.6204707749272679,0.5124233165416618,
0.6455293181215176,0.6066595914035553,0.4428301247793455,0.6066595914035553,0.5033389422462737,
0.6515647505565012,0.6223648029330889,0.45354124442439436,0.6223648029330889,0.5128480850733966,
0.6537951167728238,0.6127919320594479,0.4613894361211026,0.6127919320594479,0.5154086043872295,
0.6471898336171885,0.6186296344818552,0.4554435701805179,0.6186296344818552,0.510264218601977,
