Majority Class Accuracy,Accuracy,Precision,Recall,F Score,Support
0.22834853893957424,0.22834853893957424,0.05214305523583826,0.22834853893957424,0.08489944601693104,
0.21826399042935,0.21866276751296027,0.08622796575697109,0.21866276751296027,0.07981600373574269,
0.22182349813928762,0.22182349813928762,0.06085096381674488,0.22182349813928762,0.08086439310426845,
0.22537828510751262,0.22537828510751262,0.05079537139800324,0.22537828510751262,0.08290561700878604,
0.22790146225793703,0.2272427875115268,0.05963968978942736,0.2272427875115268,0.08472690266941517,
0.21844141980250867,0.21844141980250867,0.04771665388533583,0.21844141980250867,0.07832408371847699,
0.21276314047398384,0.21276314047398384,0.045268153944352185,0.21276314047398384,0.07465291850255286,
0.22099447513812154,0.22099447513812154,0.048838558041573825,0.22099447513812154,0.07999800004999875,
0.21250331829041677,0.2123705866737457,0.06711761669740586,0.2123705866737457,0.07628037804236104,
0.22775144813059506,0.22669826224328593,0.06482738680015922,0.22669826224328593,0.0858994847073111,
0.22089198789632944,0.21918168662018156,0.05980648918904965,0.21918168662018156,0.08116088293721913,
0.22093023255813954,0.2207980972515856,0.04880031970980187,0.2207980972515856,0.07993383535880723,
0.22003981420039814,0.21977438619774387,0.05788048905917414,0.21977438619774387,0.07960937400636188,
0.2207654615282744,0.2207654615282744,0.048743844287103766,0.2207654615282744,0.07985592369917184,
0.22470868644067796,0.22510593220338984,0.07233561451167052,0.22510593220338984,0.08545198207389808,
0.2239341213972639,0.22406694116084475,0.12028865032621835,0.22406694116084475,0.08222604666986293,
0.22073314938904218,0.22073314938904218,0.04872312323920521,0.22073314938904218,0.07982600171641177,
0.22299789251844046,0.22247102212855638,0.05735601732487912,0.22247102212855638,0.08222732398983408,
0.22383949645948073,0.2237083661159192,0.05008133520785235,0.2237083661159192,0.08184101606512519,
0.21744860305745914,0.21744860305745914,0.05830507222491439,0.21744860305745914,0.07799979369656711,
0.22283536985941402,0.22283536985941402,0.09746169144610671,0.22283536985941402,0.08169312007545189,
0.2243954010836527,0.2241310955464517,0.07329728988674082,0.2241310955464517,0.08294695987551481,
0.21929479617249967,0.21942587495084545,0.0772502483468874,0.21942587495084545,0.07943933209316115,
0.21376667987845158,0.21363456202933015,0.07088450139286036,0.21363456202933015,0.07798548811294677,
0.22299697408235758,0.22220760426259703,0.066261478893027,0.22220760426259703,0.08322234891814545,
0.22150310394928016,0.22189935279355436,0.07242299273492718,0.22189935279355436,0.08571688220598643,
0.2248062015503876,0.2248062015503876,0.05053782825551349,0.2248062015503876,0.0825237955058385,
0.21977156360771957,0.22003413417355913,0.08668773539213813,0.22003413417355913,0.08002061429562926,
0.2168018077894457,0.2168018077894457,0.04700302386077175,0.2168018077894457,0.07725666342682674,
0.22384265453572386,0.22384265453572386,0.0729728320332721,0.22384265453572386,0.08215312124744865,
