Majority Class Accuracy,Accuracy,Precision,Recall,F Score,Support
0.018764972052169284,0.017966462603140804,0.030191368937182918,0.017966462603140804,0.01300033634959289,
0.019304005252790545,0.0206172028890348,0.01317997204837374,0.0206172028890348,0.013213864692210923,
0.019190325972660356,0.020636172450052576,0.015412489464490973,0.020636172450052576,0.011618887252509714,
0.020811380400421495,0.020679662802950475,0.016643641960072623,0.020679662802950475,0.014073903650609006,
0.017763157894736842,0.01986842105263158,0.014774555003957234,0.01986842105263158,0.014115336921791765,
0.017842981760507533,0.018636003172085646,0.017490175232550042,0.018636003172085646,0.014107596489475066,
0.019891261105954117,0.019493435883835036,0.015771683168526163,0.019493435883835036,0.013660519057724661,
0.01604561729213632,0.017902134995358705,0.010962857223209966,0.017902134995358705,0.011018140508164439,
0.01875,0.021143617021276595,0.016491246052176865,0.021143617021276595,0.016663522550391073,
0.019408502772643253,0.01954053340374967,0.02161024629874749,0.01954053340374967,0.014482544584173914,
0.021943159286186384,0.021282220753469926,0.03170085062853617,0.021282220753469926,0.014200000885393369,
0.017928286852589643,0.019256308100929615,0.01669741637130858,0.019256308100929615,0.013988525941920708,
0.020145791915175612,0.021206096752816435,0.02311262166388941,0.021206096752816435,0.014170101563965356,
0.016028613061332627,0.01867797059213141,0.013410317169496496,0.01867797059213141,0.013518332333425642,
0.01952249043661786,0.019918216594116873,0.02024843642482437,0.019918216594116873,0.014904963012645928,
0.02038115404976178,0.019322392800423506,0.016885530276973402,0.019322392800423506,0.014802022739515584,
0.017921146953405017,0.020974379397318464,0.01695125868186185,0.020974379397318464,0.014756385456200468,
0.020669422589678625,0.02093612481664222,0.0186351671643742,0.02093612481664222,0.015280781990331197,
0.015031645569620253,0.019382911392405063,0.012619360316344438,0.019382911392405063,0.012435376384066901,
0.019997351344192824,0.02132167924778175,0.019225143065692313,0.02132167924778175,0.015897396696547824,
0.021307570142932768,0.022366331392271042,0.01907379601141793,0.022366331392271042,0.018360975078547538,
0.01676270298585647,0.017417496071241486,0.01528614202920595,0.017417496071241486,0.013624822413064409,
0.020880137438879346,0.019162151447072815,0.014253304350121312,0.019162151447072815,0.012211739649110785,
0.01845748187211602,0.01951219512195122,0.012345414652842873,0.01951219512195122,0.013078952773607433,
0.017467248908296942,0.02051078470292444,0.03034083452028759,0.02051078470292444,0.012908195553940818,
0.017668776371308016,0.022943037974683545,0.0198843766695848,0.022943037974683545,0.01697199576648928,
0.01877496671105193,0.018641810918774968,0.012551279130788176,0.018641810918774968,0.012723882817439082,
0.019804594665962502,0.020464747821494586,0.014080280897091213,0.020464747821494586,0.013236119206972959,
0.01728953318260407,0.020614443410027928,0.016923310436638327,0.020614443410027928,0.013702830440731069,
0.017883163332891774,0.01708835607365214,0.014114369653284655,0.01708835607365214,0.012130412461050549,
