Majority Class Accuracy,Accuracy,Precision,Recall,F Score,Support
0.19866159296680225,0.19734942920876525,0.046631341191571404,0.19734942920876525,0.0673934667108895,
0.20280646015356102,0.20280646015356102,0.041141352880727684,0.20280646015356102,0.06840587779728215,
0.18471927966101695,0.18471927966101695,0.034121212278485,0.18471927966101695,0.05760218958916255,
0.19774685222001326,0.19774685222001326,0.03910381756292376,0.19774685222001326,0.06529562985775364,
0.19540992305651367,0.19395065003979836,0.04154023305073689,0.19395065003979836,0.06437338975927674,
0.20613513156154964,0.2062673542245141,0.0785957806123478,0.2062673542245141,0.07123853777245384,
0.19355694020946573,0.19355694020946573,0.03746428910325069,0.19355694020946573,0.06277754808526491,
0.19348350764279967,0.19348350764279967,0.03743586772976132,0.19348350764279967,0.0627337830645006,
0.19429401664245147,0.19429401664245147,0.03775016490305721,0.19429401664245147,0.06321754003119798,
0.19542811839323468,0.19542811839323468,0.038192149458720154,0.19542811839323468,0.06389702378768522,
0.19301984814173437,0.19301984814173437,0.0372566617766582,0.19301984814173437,0.062457740053008734,
0.20191802417235943,0.20270625328428796,0.059266950148777614,0.20270625328428796,0.06992992026559469,
0.19960396039603961,0.19960396039603961,0.039841741005783755,0.19960396039603961,0.06642482406048462,
0.19814446653412857,0.19814446653412857,0.0392612296180944,0.19814446653412857,0.06553672067887659,
0.2039351236373305,0.20313746344057432,0.06106735576888566,0.20313746344057432,0.07038586663757407,
0.1956090464224309,0.19508001587091656,0.046215578961691435,0.19508001587091656,0.06511163165330568,
0.19726536572414707,0.19699986725076332,0.04966077724969315,0.19699986725076332,0.06522163721034535,
0.2017150395778364,0.2017150395778364,0.040694325836457566,0.2017150395778364,0.06772558092106103,
0.20224719101123595,0.20159393781029528,0.04082514596158256,0.20159393781029528,0.0678997858421099,
0.20126782884310618,0.20126782884310618,0.04050873892721788,0.20126782884310618,0.06744330940125194,
0.19955156950672645,0.19941967818517542,0.03984706459246836,0.19941967818517542,0.06642200838616849,
0.19563190837661473,0.19563190837661473,0.03827184357507618,0.19563190837661473,0.06401944161400022,
0.201984126984127,0.201984126984127,0.04079758755353993,0.201984126984127,0.06788373762622689,
0.2053747859307074,0.2049795810828613,0.046299532336573156,0.2049795810828613,0.07030513700413453,
0.1923895689196381,0.1923895689196381,0.03701374622908418,0.1923895689196381,0.06208331101490664,
0.20007923930269414,0.20007923930269414,0.04003170199994475,0.20007923930269414,0.06671509795170719,
0.19715152314387446,0.19715152314387446,0.03886872307794966,0.19715152314387446,0.06493534415071432,
0.1895784236711181,0.18984027232259754,0.04970032992042346,0.18984027232259754,0.06213683896043927,
0.20412452384079863,0.20425587810324444,0.07239278404694627,0.20425587810324444,0.06949863188969714,
0.19686711801407142,0.19766361343422276,0.0613280096827849,0.19766361343422276,0.06705663670307525,
