Majority Class Accuracy,Accuracy,Precision,Recall,F Score,Support
0.013436964826768542,0.015544724015281255,0.012040048504436301,0.015544724015281255,0.010900387865727456,
0.016180371352785147,0.01790450928381963,0.01786229333408469,0.01790450928381963,0.012273186100454754,
0.012528023209811421,0.015429249637346697,0.013180793242072818,0.015429249637346697,0.011446363708696549,
0.016721964167219643,0.01818181818181818,0.017965198913306404,0.01818181818181818,0.012766799267187939,
0.01552135845051738,0.015919342000530644,0.014249867309378406,0.015919342000530644,0.011094357439179213,
0.014190981432360743,0.014588859416445624,0.011249237266194378,0.014588859416445624,0.010372733404477167,
0.011313722880340743,0.01650472514308532,0.015173277326154509,0.01650472514308532,0.012567337629486695,
0.012105893308500731,0.014633497405880005,0.011464129555473193,0.014633497405880005,0.01059192688608374,
0.01798941798941799,0.01574074074074074,0.013950155739503011,0.01574074074074074,0.011822787988619049,
0.01756007393715342,0.017824135199366254,0.020950620130268324,0.017824135199366254,0.01220480800336722,
0.013435194942044258,0.01672813487881981,0.011549619052683872,0.01672813487881981,0.011353298198958016,
0.013246787653993907,0.017485759703271958,0.014090988372852402,0.017485759703271958,0.012370462587003958,
0.016248348745046236,0.01915455746367239,0.013608430090669428,0.01915455746367239,0.012860109889314584,
0.012339126973596922,0.016982884436778558,0.016848265394050935,0.016982884436778558,0.011882435614893357,
0.017641597028783658,0.016978379095370737,0.019628343215426936,0.016978379095370737,0.012771278406315423,
0.015045532532664644,0.016365316088161542,0.015305603529952253,0.016365316088161542,0.013091203966433684,
0.013461792266068365,0.01623333773261185,0.013621576698991378,0.01623333773261185,0.010575758452102945,
0.013747054202670856,0.016365540717465304,0.013119854655140862,0.016365540717465304,0.011627135696429473,
0.016666666666666666,0.016005291005291005,0.011982104147900775,0.016005291005291005,0.01088182263441471,
0.015061434799841459,0.015193552648962876,0.01225555608686544,0.015193552648962876,0.011383314720570477,
0.015139547130068457,0.01579778830963665,0.012464035505308273,0.01579778830963665,0.011689271627795558,
0.014955002646903123,0.01760190577024881,0.02241753424787338,0.01760190577024881,0.01330543476631126,
0.013629747254201402,0.016805610692073574,0.015493992501111345,0.016805610692073574,0.01275222194905482,
0.019976343803390723,0.01485083453804705,0.013804975060157763,0.01485083453804705,0.011368180780612263,
0.015910898965791568,0.016706443914081145,0.0121871150713615,0.016706443914081145,0.010384880137740646,
0.015441467599313712,0.01755312128810875,0.019917903633599254,0.01755312128810875,0.012362703024215842,
0.016337285902503294,0.016073781291172595,0.015084528082670252,0.016073781291172595,0.010055011815482613,
0.016137566137566138,0.01574074074074074,0.022566521309902863,0.01574074074074074,0.0121185681667456,
0.013938669852648347,0.01606265763971857,0.01854697650113392,0.01606265763971857,0.01097201196554694,
0.015772034459907224,0.013783962889330682,0.018410888395614954,0.013783962889330682,0.010660096572425014,
