Majority Class Accuracy,Accuracy,Precision,Recall,F Score,Support
0.09674418604651162,0.10724252491694353,0.10810974148315781,0.10724252491694353,0.10045707379566203,
0.09763196189972219,0.10861225029765842,0.11224060229237436,0.10861225029765842,0.09907605876185513,
0.09846972721224219,0.11017964071856287,0.10668078749841489,0.11017964071856287,0.09643922635879794,
0.09645747644951572,0.10229534297465835,0.10198195377503182,0.10229534297465835,0.09288085231362889,
0.09928514694201747,0.10669843791368812,0.1060886395260803,0.10669843791368812,0.09847503918906131,
0.099225620160126,0.1046069037931487,0.10557999342104753,0.1046069037931487,0.09381166508880409,
0.09823544903871477,0.10389781406373452,0.10317235469833594,0.10389781406373452,0.09523473347527343,
0.09759305537287913,0.10574773115875312,0.10645488112459231,0.10574773115875312,0.09788069412860685,
0.09717408691015729,0.10797120767795254,0.10647059031326371,0.10797120767795254,0.09728310813337024,
0.09836065573770492,0.09416393442622951,0.09518109721298458,0.09416393442622951,0.08770736023071711,
0.09993399339933993,0.10627062706270628,0.10391520717321993,0.10627062706270628,0.0947461787729596,
0.10068099879823741,0.10495393243423688,0.10237029814789415,0.10495393243423688,0.09215890922923173,
0.10018577494692145,0.1040339702760085,0.10736914101137661,0.1040339702760085,0.09484550834561585,
0.10025062656641603,0.10565888405223585,0.10322644023362335,0.10565888405223585,0.09150929089833308,
0.0987040188506349,0.10079853383950779,0.09716252846358613,0.10079853383950779,0.09176643395245344,
0.10214626391096979,0.10532591414944356,0.10160530885657772,0.10532591414944356,0.09318153772937768,
0.09623486045286993,0.10755660874144286,0.10543882396309485,0.10755660874144286,0.09404192688770582,
0.10293922064104269,0.10413618832291528,0.10177766580466306,0.10413618832291528,0.09703752622692,
0.10183081651743953,0.10436990511826807,0.10371509867724191,0.10436990511826807,0.09705385306499811,
0.09936658749010292,0.10781208762206387,0.10229782520636982,0.10781208762206387,0.09284116539244187,
0.10672975814931651,0.10475814931650894,0.09881913003031154,0.10475814931650894,0.08899766249136541,
0.10166578529878371,0.09968270756213643,0.0965361001792665,0.09968270756213643,0.08868078516303046,
0.10173993890290875,0.10877938637269226,0.10984878041968713,0.10877938637269226,0.10138895105666908,
0.09201965210463418,0.10503253220023902,0.10486714927635485,0.10503253220023902,0.09897165704672839,
0.10652603823335531,0.1058668424522083,0.10227450978975954,0.1058668424522083,0.09246701872155004,
0.10025029640363589,0.10143591094717429,0.10224681996898141,0.10143591094717429,0.09148445587946763,
0.0991014799154334,0.10663319238900634,0.10532650478529855,0.10663319238900634,0.09892469658002781,
0.10370272763209909,0.10620635129793121,0.10179625509639646,0.10620635129793121,0.09360496343550986,
0.09630797529890947,0.10353435816581263,0.10290213020560014,0.10353435816581263,0.0976308955562227,
0.1008649367930805,0.1019294743845642,0.10470617944225981,0.1019294743845642,0.0942050595783561,
