Majority Class Accuracy,Accuracy,Precision,Recall,F Score,Support
0.012345679012345678,0.013002364066193853,0.01351325695785784,0.013002364066193853,0.00887531396278191,
0.013524370648098553,0.009507230851633637,0.01016007955348187,0.009507230851633637,0.0064125922206132845,
0.012968109037978034,0.01005690088659521,0.009265094299351219,0.01005690088659521,0.006240440990004247,
0.011945845500398195,0.01154765065038492,0.010804681680205003,0.01154765065038492,0.007363952990091606,
0.011512504962286622,0.011380177319041947,0.010516442815180023,0.011380177319041947,0.006777505874890083,
0.012597798700437608,0.009945630552977059,0.011157820509862169,0.009945630552977059,0.0067582908615091055,
0.011774044185738854,0.010451117872734488,0.012576973423854547,0.010451117872734488,0.007511153488059934,
0.012306470821754664,0.012968109037978034,0.013719464506417665,0.012968109037978034,0.008313533634024175,
0.01327844907714779,0.010755543752489709,0.009341723461411903,0.010755543752489709,0.006693215415763834,
0.013138686131386862,0.011546118115461182,0.00821667252478312,0.011546118115461182,0.007164743076807246,
0.012703453751488685,0.011380177319041947,0.009615975491993011,0.011380177319041947,0.006908306879205778,
0.013914656771799629,0.013914656771799629,0.015363497963712851,0.013914656771799629,0.009002041756377083,
0.012455280243805485,0.012985292169073804,0.010301263380988277,0.012985292169073804,0.008287817372685382,
0.01098165260479443,0.010713807419311638,0.008001986658641193,0.010713807419311638,0.006212440220577826,
0.012717975612953979,0.01193129670905992,0.007426415715014759,0.01193129670905992,0.006942415604591465,
0.012926439232409381,0.010394456289978678,0.007609051732835469,0.010394456289978678,0.006335506227480398,
0.012068739341466614,0.010625737898465172,0.008378341128019773,0.010625737898465172,0.006983928826690689,
0.010298389226300502,0.009770266701874836,0.012815363779663117,0.009770266701874836,0.007002394686258985,
0.013980480084410446,0.010683197045634397,0.012616738693235164,0.010683197045634397,0.0071598228013625975,
0.010805112663064963,0.011595730662801423,0.02420441676943487,0.011595730662801423,0.008147351942796964,
0.011147976111479762,0.012342402123424022,0.009498893084488178,0.012342402123424022,0.007770368203675542,
0.013811420982735724,0.0099601593625498,0.010056996734840012,0.0099601593625498,0.006388047332655539,
0.014297061159650517,0.011781837437119407,0.01049320152747685,0.011781837437119407,0.0074715916106439,
0.010702959830866807,0.011627906976744186,0.0077056783910790325,0.011627906976744186,0.006670084715942553,
0.01175370642446908,0.011486576733003873,0.013310649239744815,0.011486576733003873,0.007403497385277096,
0.01434399263060929,0.011580471114620345,0.01157865501744198,0.011580471114620345,0.007460968240729396,
0.014153439153439154,0.01164021164021164,0.009440502838196543,0.01164021164021164,0.007236666369539772,
0.01321056845476381,0.011075527088337337,0.013632415747568563,0.011075527088337337,0.007150836240973906,
0.011738028544751233,0.011337868480725623,0.013460154153692947,0.011337868480725623,0.007389215673421642,
0.01383399209486166,0.009617918313570487,0.008645051214621197,0.009617918313570487,0.006063935191872152,
