Majority Class Accuracy,Accuracy,Precision,Recall,F Score,Support
0.7883882831997898,0.7883882831997898,0.621556085086712,0.7883882831997898,0.6951019428226424,
0.7911768590674944,0.7911768590674944,0.6259608223239058,0.7911768590674944,0.6989380408250558,
0.7988958990536278,0.7988958990536278,0.6382346575247043,0.7988958990536278,0.7095848713207584,
0.787366195321792,0.787366195321792,0.6199455255355143,0.787366195321792,0.6936972704957096,
0.7867036011080333,0.7867036011080333,0.6189025559963476,0.7867036011080333,0.6927870471773068,
0.7915678524374177,0.7915678524374177,0.6265796650123854,0.7915678524374177,0.6994763432040013,
0.7885304659498208,0.7885304659498208,0.6217802957310415,0.7885304659498208,0.6952974048455334,
0.7915948561580273,0.7915948561580273,0.6266224162958479,0.7915948561580273,0.6995135246588102,
0.7927392739273927,0.7927392739273927,0.6284355564269298,0.7927392739273927,0.701089740785566,
0.7998944033790919,0.7998944033790919,0.6398310565571934,0.7998944033790919,0.710965104792798,
0.7982215247809599,0.7982215247809599,0.6371576026236405,0.7982215247809599,0.708653070651295,
0.789111140548417,0.789111140548417,0.6226963921376235,0.789111140548417,0.6960958187837879,
0.7884286653517423,0.7884286653517423,0.6216197603483296,0.7884286653517423,0.695157455694294,
0.7910585141354373,0.7910585141354373,0.6257735727861657,0.7910585141354373,0.6987751297318539,
0.7915842237171877,0.7915842237171877,0.6266055832379427,0.7915842237171877,0.6994988847779184,
0.7932086483618517,0.7932086483618517,0.6291799598360357,0.7932086483618517,0.7017364771364557,
0.7915675389902194,0.7915675389902194,0.6265791687830324,0.7915675389902194,0.6994759116211617,
0.7889168099457744,0.7889168099457744,0.6223897330150171,0.7889168099457744,0.6958285925368245,
0.7923976608187134,0.7923976608187134,0.6278940528709688,0.7923976608187134,0.7006191389294334,
0.8004237849291485,0.8004237849291485,0.6406782354803037,0.8004237849291485,0.7116971469086831,
0.7905190677966102,0.7905190677966102,0.6249203965500215,0.7905190677966102,0.69803266302999,
0.7936886767435694,0.7936886767435694,0.6299417155909581,0.7936886767435694,0.7023980512990843,
0.7833619891548737,0.7833619891548737,0.6136560060526803,0.7833619891548737,0.6882012847470064,
0.7884691848906561,0.7884691848906561,0.6216836555221357,0.7884691848906561,0.6952131585763323,
0.7967609186247179,0.7967609186247179,0.6348279614477043,0.7967609186247179,0.7066359857533147,
0.7933368728431113,0.7933368728431113,0.6293833938124869,0.7933368728431113,0.7019131802210459,
0.7921132724626174,0.7921132724626174,0.6274434364114367,0.7921132724626174,0.7002274309918376,
0.7881994972880011,0.7881994972880011,0.6212584475250577,0.7881994972880011,0.6948424361680713,
0.7866649097377784,0.7866649097377784,0.6188416802127469,0.7866649097377784,0.6927339053225956,
0.7935628545046828,0.7935628545046828,0.6297420040496203,0.7935628545046828,0.70222462788853,
