Majority Class Accuracy,Accuracy,Precision,Recall,F Score,Support
0.0385577049611791,0.03842610869851296,0.03730074216780679,0.03842610869851296,0.03399593928351873,
0.04101951413779371,0.04606398513208549,0.04161203407287117,0.04606398513208549,0.0385438213234711,
0.04004758128469469,0.0429553264604811,0.042244080439983664,0.0429553264604811,0.03887016218219249,
0.04357586161362736,0.05017826488841939,0.04877149859057435,0.05017826488841939,0.04532600683887215,
0.03973249409913454,0.04878048780487805,0.04392374027808401,0.04878048780487805,0.04185861522079793,
0.04054772666843925,0.05091730922626961,0.048794099082757045,0.05091730922626961,0.04550843703903559,
0.04055311793644462,0.04121792314851749,0.03955885676611169,0.04121792314851749,0.035724646337005096,
0.03679369250985545,0.045466491458607095,0.04291763869424732,0.045466491458607095,0.03764200334921502,
0.03968148639681486,0.043795620437956206,0.041352791572653744,0.043795620437956206,0.03543956539177611,
0.04,0.04980132450331126,0.04864168741572633,0.04980132450331126,0.044529216521627835,
0.04182058047493404,0.04920844327176781,0.048191511394577606,0.04920844327176781,0.04409171390815229,
0.04312952005259697,0.046153846153846156,0.04460434889314763,0.046153846153846156,0.041947988882525496,
0.03839556669745349,0.04961076659189867,0.04751952172994093,0.04961076659189867,0.0429546540980494,
0.040436286246342115,0.0446927374301676,0.04383947555024741,0.0446927374301676,0.04055902204636404,
0.03880163653160881,0.04856803484228586,0.04569037602534597,0.04856803484228586,0.04238168944466963,
0.04099230565136641,0.0445741576014858,0.04193531184126087,0.0445741576014858,0.038893411392585335,
0.03992068737607402,0.04560475875743556,0.04032525962777495,0.04560475875743556,0.038584532001008705,
0.035666755389938784,0.04458344423742348,0.04334720769013728,0.04458344423742348,0.039347581325055024,
0.036392197931666447,0.048959287864903785,0.04936657526438835,0.048959287864903785,0.042666053697557625,
0.0420112905343311,0.05001969279243797,0.049283079231471204,0.05001969279243797,0.04379212452091615,
0.041710526315789476,0.04421052631578947,0.04103117947909406,0.04421052631578947,0.037950902530996936,
0.042477173481540294,0.04856424507079529,0.04917412184771816,0.04856424507079529,0.04479995659695309,
0.038859416445623345,0.04655172413793104,0.04542329453088187,0.04655172413793104,0.040361286283074324,
0.037144745538664904,0.04758757435558493,0.04530531643540209,0.04758757435558493,0.04158368020279775,
0.04061921143159566,0.047367028314368884,0.04281263164218305,0.047367028314368884,0.04121359682651529,
0.04088339687130275,0.047850663862232155,0.04704023492883909,0.047850663862232155,0.04277908983979546,
0.04570213896638767,0.046366414242061914,0.04260645321122247,0.046366414242061914,0.039798633466352124,
0.03822990311599895,0.04529981670594396,0.04391717046883419,0.04529981670594396,0.039907536742990704,
0.04338624338624339,0.050661375661375664,0.043959741741840065,0.050661375661375664,0.042158768714162624,
0.03766851704996035,0.046788263283108644,0.043185595322890395,0.046788263283108644,0.03938140181759122,
