Majority Class Accuracy,Accuracy,Precision,Recall,F Score,Support
0.3649257688229056,0.3633351007423118,0.16682522509694328,0.3633351007423118,0.19710690837638387,
0.37539556962025317,0.37473628691983124,0.1851303612409528,0.37473628691983124,0.2084614242066537,
0.38229805385230603,0.3818981604905359,0.1771892559806161,0.3818981604905359,0.2130305951106965,
0.37335635542568735,0.37109841944481337,0.15545906603147408,0.37109841944481337,0.20368449805615668,
0.38285714285714284,0.38232558139534883,0.17454709784374522,0.38232558139534883,0.21324197358050076,
0.3776574673181038,0.3773933711871121,0.17141347855649236,0.3773933711871121,0.207831346065507,
0.3791644632469593,0.3791644632469593,0.19264235704637314,0.3791644632469593,0.21028944544008868,
0.3832845355336705,0.38182060154378494,0.17562266254020198,0.38182060154378494,0.2143292368642837,
0.38043047669351643,0.3802984286280206,0.1631829863031187,0.3802984286280206,0.20998156980923582,
0.38083832335329343,0.38030605455755156,0.17311250218743643,0.38030605455755156,0.21103551430592107,
0.375,0.3747357293868922,0.1698257330738464,0.3747357293868922,0.20532105315615834,
0.3746247226210677,0.3739720663098812,0.1582253738472688,0.3739720663098812,0.20457674448024074,
0.387263339070568,0.3863365550112538,0.178414698995286,0.3863365550112538,0.2181783385024605,
0.38293914429976084,0.383470635131544,0.20529091121646043,0.383470635131544,0.21409170710536163,
0.38247327438300116,0.3810215124719546,0.17521814854614684,0.3810215124719546,0.21360014437507802,
0.3809964318752478,0.3812607374124488,0.1795708548828208,0.3812607374124488,0.21123551814824584,
0.3855037833532457,0.3853710341165538,0.17959524898596813,0.3853710341165538,0.2150567802199069,
0.3771225483743583,0.3763327629327366,0.17763454855532956,0.3763327629327366,0.20723989711898566,
0.3774983454665784,0.3756452680344143,0.16611680460675463,0.3756452680344143,0.20844582783782722,
0.38212025316455694,0.3802742616033755,0.168374255117094,0.3802742616033755,0.21289007663358483,
0.37617471872931835,0.37498345466578425,0.18017083166047537,0.37498345466578425,0.20799927645712385,
0.37809561647463913,0.377036154151768,0.1697079385162057,0.377036154151768,0.20845409313444724,
0.38688524590163936,0.38649180327868854,0.19033855597206148,0.38649180327868854,0.2177646294099901,
0.37608752965989983,0.3745056683364092,0.16672290084214308,0.3745056683364092,0.20659388850598778,
0.37894736842105264,0.3773684210526316,0.1568778275031668,0.3773684210526316,0.2087123737941518,
0.3828073418724416,0.38069457282450814,0.17955759739423197,0.38069457282450814,0.21531491586215815,
0.3747845684740819,0.37465199522736314,0.1774082579144123,0.37465199522736314,0.20622504544744388,
0.37649243831254975,0.376359777129212,0.17810579316003466,0.376359777129212,0.20701355171804178,
0.3759080702681284,0.3763043191124026,0.19236535067737168,0.3763043191124026,0.2088698417497872,
0.3843519494204426,0.3851422550052687,0.19985830040509983,0.3851422550052687,0.21829928930810746,
