Majority Class Accuracy,Accuracy,Precision,Recall,F Score,Support
0.37263903462749215,0.37263903462749215,0.13885985012810928,0.37263903462749215,0.20232536978054563,
0.37331733973077436,0.37331733973077436,0.13936583614366238,0.37331733973077436,0.2029623192131015,
0.3837745291716054,0.3837745291716054,0.14728288924088742,0.3837745291716054,0.21287122451814186,
0.38199416600371255,0.38199416600371255,0.1459195428608719,0.38199416600371255,0.2111724440672927,
0.36817039290911496,0.36817039290911496,0.13554943821485207,0.36817039290911496,0.19814701285361963,
0.37767157838842424,0.37767157838842424,0.1426358211224037,0.37767157838842424,0.20706795924360513,
0.37054100302751086,0.37054100302751086,0.13730063492463382,0.37054100302751086,0.20035976248990456,
0.38079513934751025,0.38079513934751025,0.14500493815068974,0.38079513934751025,0.21003106691005777,
0.3816875166356135,0.3816875166356135,0.14568536035546173,0.3816875166356135,0.21088033090174138,
0.3771443652678807,0.3771443652678807,0.1422378722533126,0.3771443652678807,0.20656929780291358,
0.3840743198407432,0.3840743198407432,0.14751308316112952,0.3840743198407432,0.2131577488961762,
0.38789708584930427,0.38789708584930427,0.15046414921038254,0.38789708584930427,0.21682320792295356,
0.37409408354196866,0.37409408354196866,0.13994638334110543,0.37409408354196866,0.203692578284551,
0.38016092863738293,0.38016092863738293,0.14452233166243736,0.38016092863738293,0.20942823211945666,
0.38846615939126955,0.38846615939126955,0.15090595699220322,0.38846615939126955,0.21737073816529073,
0.37554069996067635,0.37554069996067635,0.14103081732695474,0.37554069996067635,0.20505509917807085,
0.387332359580401,0.387332359580401,0.15002635677812107,0.387332359580401,0.2162803393751971,
0.38661710037174724,0.38661710037174724,0.14947278229985766,0.38661710037174724,0.21559345007325315,
0.37958045671800317,0.37958045671800317,0.1440813231222479,0.37958045671800317,0.2088770139075683,
0.38201199200532976,0.38201199200532976,0.1459331620358801,0.38201199200532976,0.21118942944066343,
0.38234515616728426,0.38234515616728426,0.14618781844458498,0.38234515616728426,0.2115069710229362,
0.3627307743392217,0.3627307743392217,0.13157361465273135,0.3627307743392217,0.1931028742145057,
0.3823490553573788,0.3823490553573788,0.1461908001326799,0.3823490553573788,0.21151068836934991,
0.3756059216559675,0.3756059216559675,0.1410798083830288,0.3756059216559675,0.20511660521669692,
0.3814800158290463,0.3814800158290463,0.1455270024769294,0.3814800158290463,0.21068274721237504,
0.3784929148457158,0.3784929148457158,0.14325688658840627,0.3784929148457158,0.20784566252839964,
0.3960042339243186,0.3960042339243186,0.15681935328598645,0.3960042339243186,0.22466887918405565,
0.39040105193951347,0.39040105193951347,0.1524129813554787,0.39040105193951347,0.21923599833713173,
0.38199577613516367,0.38199577613516367,0.14592077298510608,0.38199577613516367,0.21117397824931494,
0.3690192968543484,0.3690192968543484,0.13617524145087773,0.3690192968543484,0.19893838131248132,
