Majority Class Accuracy,Accuracy,Precision,Recall,F Score,Support
0.013002520896908584,0.016717526867453893,0.011051261732247707,0.016717526867453893,0.011031562294880644,
0.012839179351422899,0.014030443414956982,0.013444291616803914,0.014030443414956982,0.009003136379011374,
0.01590640199815959,0.01380307611410543,0.019079760602786676,0.01380307611410543,0.010161926989528797,
0.014931289640591967,0.012817124735729386,0.013576030856697627,0.012817124735729386,0.009534041640470439,
0.012523068810967573,0.014895860796203532,0.012208763298454576,0.014895860796203532,0.010369992068122192,
0.01513743194794848,0.014075156021776657,0.014593773901430051,0.014075156021776657,0.010663026264836228,
0.013973108357500659,0.014104930134458212,0.012573555242492509,0.014104930134458212,0.009590829667913879,
0.01702970297029703,0.015577557755775578,0.014278779034148665,0.015577557755775578,0.011006363107287169,
0.016050519668464675,0.016839889488225235,0.0224973266274632,0.016839889488225235,0.012255715122557537,
0.016436903499469777,0.014183457051961824,0.010569927792547618,0.014183457051961824,0.00898427942416507,
0.013725748977167744,0.014913554177114954,0.011677546285104916,0.014913554177114954,0.010033392302100845,
0.014090071108770082,0.013431656570977087,0.012581910326170617,0.013431656570977087,0.009298384933740567,
0.013529489031919086,0.013660843294364903,0.010490032509501973,0.013660843294364903,0.009182195513594175,
0.015988372093023256,0.012817124735729386,0.011831636124235613,0.012817124735729386,0.009666973533803698,
0.016548463356973995,0.01562910428158655,0.015277032717974618,0.01562910428158655,0.010046962225721691,
0.016094986807387864,0.014116094986807388,0.018154172377700978,0.014116094986807388,0.011101961560544138,
0.01701398048008441,0.013189132155104194,0.012661653641788017,0.013189132155104194,0.009132182395085786,
0.01581815764987372,0.012893792370065134,0.009709966074901077,0.012893792370065134,0.008440094267819899,
0.017786561264822136,0.015283267457180501,0.009537768007979551,0.015283267457180501,0.009534275355444858,
0.013098703360677429,0.01521566551997883,0.02003190552630766,0.01521566551997883,0.011377715678304427,
0.014498484249373928,0.013707657835771716,0.01382670406238792,0.013707657835771716,0.009422195351540921,
0.015988372093023256,0.012552854122621564,0.01218929706098256,0.012552854122621564,0.008607345695766315,
0.013743887934452227,0.012818818554248712,0.01043554937704255,0.012818818554248712,0.009307349787288777,
0.01817940552016985,0.016321656050955414,0.020722243865407438,0.016321656050955414,0.011985696537619732,
0.015135422198619224,0.013807753584705257,0.010737253260322379,0.013807753584705257,0.008728909427639507,
0.012199973478318525,0.014852141625779074,0.014612002980980006,0.014852141625779074,0.01022132294325909,
0.012102673227822849,0.015427583455246708,0.017856407329780607,0.015427583455246708,0.011270043408146434,
0.018584893136864462,0.014204168326032125,0.011291087126193158,0.014204168326032125,0.009371270711571431,
0.01545983086680761,0.012552854122621564,0.013285596588814156,0.012552854122621564,0.009135128052075225,
0.01488174328992825,0.01674196120116928,0.013191858853629296,0.01674196120116928,0.011148656098154828,
