Majority Class Accuracy,Accuracy,Precision,Recall,F Score,Support
0.21685155837295297,0.21024828314844163,0.07919329918481104,0.21024828314844163,0.0997073083487583,
0.21796058722391218,0.21134770532998282,0.0851839003950285,0.21134770532998282,0.09739573867935625,
0.2195218076720967,0.2159747766684183,0.09439729258434718,0.2159747766684183,0.09814846820864753,
0.21451313345715045,0.21199257097373309,0.07832111906420493,0.21199257097373309,0.09558406347928015,
0.2250296091590999,0.22437162784576917,0.09423148397079416,0.22437162784576917,0.10676868040562501,
0.2223407091442282,0.21487603305785125,0.07720685340577334,0.21487603305785125,0.09792083945733092,
0.2249869041382923,0.21856993190151913,0.08539375676057677,0.21856993190151913,0.10201146779124579,
0.21805702217529038,0.21106124604012672,0.08581055593380582,0.21106124604012672,0.0963044680328075,
0.21921604856803484,0.2119572390128019,0.08977873490588521,0.2119572390128019,0.0959292258126261,
0.22108575924468923,0.2188565434041437,0.08067510993560426,0.2188565434041437,0.09907896950691981,
0.21758154335719967,0.2101564571731636,0.15240193767725183,0.2101564571731636,0.0949915085700613,
0.22140318546794788,0.21521653284191128,0.09206130351335813,0.21521653284191128,0.09990621442501954,
0.22328168454509337,0.215070851542842,0.08146469334366786,0.215070851542842,0.10038802196261175,
0.22723054487604402,0.21980644305979052,0.07792267033712207,0.21980644305979052,0.09989897224533235,
0.2210498549195463,0.2166974413083619,0.09275855646103293,0.2166974413083619,0.10074299049297877,
0.22128110111169932,0.2163843303335098,0.08989750421435867,0.2163843303335098,0.09768155213101228,
0.22232448067315277,0.21246384433342097,0.08043982158439487,0.21246384433342097,0.1004754168932556,
0.215839745290528,0.20814539665693818,0.07280101214740752,0.20814539665693818,0.09191382619102147,
0.21917268548916613,0.21208141825344715,0.08068129292328981,0.21208141825344715,0.0987968762490239,
0.218384697130712,0.2043039319872476,0.08844778234892557,0.2043039319872476,0.1042362552434605,
0.22790636507101525,0.2227774855339295,0.08818810994441789,0.2227774855339295,0.1008992211877805,
0.2270614792192272,0.22201566856991103,0.0841761643871652,0.22201566856991103,0.10315527371109678,
0.21492338441039308,0.20426382411725516,0.07264001007030371,0.20426382411725516,0.09213695124266365,
0.22466438536456962,0.20610687022900764,0.08690659133741649,0.20610687022900764,0.10590464752399728,
0.21318796794955996,0.20911598581373966,0.07596264109577376,0.20911598581373966,0.0889934171428868,
0.21813368630046326,0.21336863004632695,0.07941919687774164,0.21336863004632695,0.09780636081599986,
0.21898867526994997,0.21872530945483276,0.08858813547244655,0.21872530945483276,0.10173588061025639,
0.22041946972694895,0.21461548608363012,0.07828914069954256,0.21461548608363012,0.09725218501458795,
0.22327790973871733,0.21905515967273687,0.11862308308975462,0.21905515967273687,0.098907412466537,
0.22586973580957365,0.21619147266544597,0.07509871136946963,0.21619147266544597,0.09876315975424614,
