Majority Class Accuracy,Accuracy,Precision,Recall,F Score,Support
0.2502321878731591,0.2502321878731591,0.06261614784778799,0.2502321878731591,0.10016723046349953,
0.2417086760413903,0.2417086760413903,0.05842308407368176,0.2417086760413903,0.09410111276654126,
0.2532330430192663,0.2532330430192663,0.06412697407679757,0.2532330430192663,0.10233846679034896,
0.25223541972507674,0.25223541972507674,0.06362270696388564,0.25223541972507674,0.10161461009919961,
0.2443628736234924,0.2443628736234924,0.05971321400553092,0.2443628736234924,0.09597395626510531,
0.2503987240829346,0.2503987240829346,0.06269952102236162,0.2503987240829346,0.10028724408423656,
0.25270234642762984,0.25270234642762984,0.06385847589002984,0.25270234642762984,0.10195315123682341,
0.2537828510751261,0.2537828510751261,0.06440573549981962,0.2537828510751261,0.10273826196392995,
0.2492753623188406,0.2492753623188406,0.06213820625918925,0.2492753623188406,0.09947879888362084,
0.2517640793502863,0.2517640793502863,0.06338515165109723,0.2517640793502863,0.10127331930469927,
0.247065030998549,0.247065030998549,0.061041129542313985,0.247065030998549,0.09789566385874388,
0.25096319914972764,0.25096319914972764,0.06298252732746586,0.25096319914972764,0.1006944526749863,
0.25728987993138935,0.25728987993138935,0.06619808231510875,0.25728987993138935,0.10530281579729442,
0.25392014758202663,0.25392014758202663,0.06447544134807819,0.25392014758202663,0.10283819344064003,
0.25305363781200213,0.25305363781200213,0.06403614360988795,0.25305363781200213,0.10220814445214581,
0.25637619553666313,0.25637619553666313,0.06572875363785333,0.25637619553666313,0.10463228111350388,
0.24967009765109527,0.24967009765109527,0.06233515766110745,0.24967009765109527,0.09976258178582308,
0.24914134742404226,0.24914134742404226,0.06207141099626733,0.24914134742404226,0.09938252564334682,
0.25444650915848155,0.25484470400849485,0.08893672960777987,0.25484470400849485,0.10578742321249057,
0.24723591314772878,0.24723591314772878,0.06112559674999129,0.24723591314772878,0.09801769834501432,
0.2610201092022906,0.2610201092022906,0.0681314974079757,0.2610201092022906,0.10805774929485469,
0.25374507227332455,0.25374507227332455,0.0643865617029947,0.25374507227332455,0.10271077131533167,
0.25197784810126583,0.25197784810126583,0.06349283593374459,0.25197784810126583,0.10142805007298977,
0.2443414956982131,0.24328259430840504,0.06510585520864819,0.24328259430840504,0.09653557837915433,
0.24298443942013565,0.24298443942013565,0.05904143780031757,0.24298443942013565,0.09499948016704211,
0.24595597984619463,0.24595597984619463,0.06049434402210171,0.24595597984619463,0.09710510644135173,
0.24355450857217642,0.24355450857217642,0.05931879864583436,0.24355450857217642,0.09540200809362666,
0.2564887528284307,0.2564887528284307,0.06578648032748383,0.2564887528284307,0.10471479379245466,
0.25497479437516585,0.25457681082515254,0.08020160500903399,0.25457681082515254,0.10468232707246768,
0.25488396486167564,0.25488396486167564,0.0649658355436079,0.25488396486167564,0.10354078522434383,
