Majority Class Accuracy,Accuracy,Precision,Recall,F Score,Support
0.012407602956705385,0.015311510031678986,0.017216110777949344,0.015311510031678986,0.009118127449750536,
0.013260840737302744,0.016973876143747513,0.013594134406007373,0.016973876143747513,0.010400024046508789,
0.012942419440042261,0.01571579503433703,0.013220608774935758,0.01571579503433703,0.009782366989285973,
0.012813738441215323,0.010568031704095112,0.007652755637729395,0.010568031704095112,0.006392196010930673,
0.011010878217033697,0.014990713717166357,0.012047406543239304,0.014990713717166357,0.009876804387213374,
0.013795821836815136,0.01524109841019577,0.013754793645824073,0.01524109841019577,0.010698015138316289,
0.012376896459941443,0.013707745541655577,0.009773930342310807,0.013707745541655577,0.008550672637916966,
0.010792313766780732,0.014609107659910503,0.010235002885939681,0.014609107659910503,0.009494206451982201,
0.011727500329424167,0.016207668994597444,0.011039773816112224,0.016207668994597444,0.010062720893728533,
0.012825598307549915,0.0144122702631231,0.01553405864068,0.0144122702631231,0.00994615378965562,
0.011074489123269611,0.015952537903757415,0.011536127023120818,0.015952537903757415,0.010283112979905746,
0.011059907834101382,0.012244897959183673,0.010336988742433958,0.012244897959183673,0.007636831209879713,
0.01348849510711452,0.01507537688442211,0.015497787053016113,0.01507537688442211,0.010697533824964512,
0.015137554297749111,0.012636567065947084,0.011768568078790002,0.012636567065947084,0.008490727483430568,
0.013854070457844044,0.015041562211373533,0.012947442195094621,0.015041562211373533,0.009400015005193801,
0.015307468989179203,0.01596727368698865,0.014574129391464822,0.01596727368698865,0.0107674329318822,
0.012683313515655966,0.01717532038578412,0.008863486424754917,0.01717532038578412,0.008311274757262094,
0.012043409211222869,0.014690312334568554,0.008818511933487398,0.014690312334568554,0.00907040161375974,
0.013397002254940974,0.01591723040191007,0.013237822871494059,0.01591723040191007,0.010432981077214817,
0.013140430050438015,0.01765330501725511,0.013018622926675189,0.01765330501725511,0.010975468241222721,
0.013029744669649908,0.016846538562779678,0.014809537951507966,0.016846538562779678,0.011271981675691108,
0.01276987888362296,0.01724591890468668,0.013969079759227773,0.01724591890468668,0.01044287650204912,
0.011488181698138122,0.0159778159249967,0.018018070013215055,0.0159778159249967,0.010658240547223832,
0.012306470821754664,0.01640862776233955,0.01678512637823496,0.01640862776233955,0.01056300831149799,
0.012122809329292397,0.014099354328633549,0.011848691146977529,0.014099354328633549,0.009982730254614474,
0.013040042149631191,0.016596417281348787,0.008996876363241148,0.016596417281348787,0.00892877920931465,
0.014661207238145556,0.01783119799233919,0.016919901014368646,0.01783119799233919,0.012542155335516971,
0.012907518296739853,0.01437125748502994,0.009651538657704383,0.01437125748502994,0.008644905086659885,
0.01486988847583643,0.016330323951141795,0.010942685804406863,0.016330323951141795,0.009742946274809485,
0.012636567065947084,0.014611030670001317,0.009464820528505669,0.014611030670001317,0.008270417495717131,
