Majority Class Accuracy,Accuracy,Precision,Recall,F Score,Support
0.01385077747288645,0.019338821377237685,0.01906875846784736,0.019338821377237685,0.017395627020166966,
0.016604675876726885,0.01726886291179596,0.0179097225553191,0.01726886291179596,0.01639970453124882,
0.0178359096313912,0.0186286167261197,0.018451192828619033,0.0186286167261197,0.01689910431347936,
0.016854678168546782,0.018049104180491042,0.018583983787897565,0.018049104180491042,0.016420174062228014,
0.01501262123023781,0.018333997608609008,0.017414640669162908,0.018333997608609008,0.016490270504460152,
0.015573006788233729,0.016105417276720352,0.015552276526601495,0.016105417276720352,0.014558480672743677,
0.01709851374457451,0.016966986715770092,0.016013788840888034,0.016966986715770092,0.015249315873498962,
0.015475409836065573,0.017573770491803278,0.016861159086118186,0.017573770491803278,0.015812192412868006,
0.01586042823156225,0.01612476870208829,0.016227196286776425,0.01612476870208829,0.01472182295174057,
0.013395225464190981,0.019628647214854113,0.01869475562334855,0.019628647214854113,0.01732683495015667,
0.015755329008341055,0.015755329008341055,0.016039394705610183,0.015755329008341055,0.014192472598706552,
0.014329308743531909,0.016850205652116226,0.019058412739218725,0.016850205652116226,0.01544880287965469,
0.016380343587694766,0.017046211213210812,0.017365106060676105,0.017046211213210812,0.015588842208551048,
0.014421804710240805,0.017200317544323895,0.015851517623148036,0.017200317544323895,0.01554549310469924,
0.014183457051961824,0.016039236479321314,0.015595667134126042,0.016039236479321314,0.013984618128353821,
0.016063199473337723,0.01803818301514154,0.016494996891035264,0.01803818301514154,0.015975066913250464,
0.016218354430379747,0.018064345991561183,0.01716040304644814,0.018064345991561183,0.0155935062173748,
0.015937829293993677,0.015806111696522657,0.01597450482963113,0.015806111696522657,0.014353655262817323,
0.015858332232060263,0.017972776529668298,0.019060153799693766,0.017972776529668298,0.016133949299544988,
0.01582446808510638,0.01768617021276596,0.01727156735803554,0.01768617021276596,0.016108527002643574,
0.016376122556788168,0.01531959852086635,0.014887857258229229,0.01531959852086635,0.013664444726117714,
0.01427061310782241,0.017045454545454544,0.01725394008153518,0.017045454545454544,0.01585149624658723,
0.015303430079155673,0.0183377308707124,0.017130045244695545,0.0183377308707124,0.01659795218662938,
0.015065415620457248,0.016122637769261264,0.015317942204175703,0.016122637769261264,0.014681408631047528,
0.01689100026392188,0.01741884402216944,0.01865470146451165,0.01741884402216944,0.016419702520818272,
0.013091774662787622,0.016530018513620737,0.017314627784611087,0.016530018513620737,0.015525166548994152,
0.016879862851114334,0.016747988922590003,0.0164504775782421,0.016747988922590003,0.014991225109860215,
0.016184664367206156,0.019103210400636773,0.018794997848989553,0.019103210400636773,0.017628589705019508,
0.01690661735569938,0.018095363888521992,0.01660062992986578,0.018095363888521992,0.015956562494477234,
0.017757752451630002,0.016300026504108136,0.01461546923017144,0.016300026504108136,0.014406110455580115,
