Majority Class Accuracy,Accuracy,Precision,Recall,F Score,Support
0.023179244040563676,0.020940339786645595,0.021020637363976406,0.020940339786645595,0.019978394194311896,
0.022679045092838197,0.02506631299734748,0.023795133791589877,0.02506631299734748,0.02293266925002111,
0.02513157894736842,0.024736842105263158,0.025291667889886866,0.024736842105263158,0.0233765033504506,
0.022865450700502245,0.027227068464181867,0.025779076675711023,0.027227068464181867,0.024827432601343492,
0.022166179984072207,0.023228032917440935,0.023598307191958115,0.023228032917440935,0.021618469296299556,
0.019197669800079437,0.02369919237389117,0.024005884596368644,0.02369919237389117,0.022614089237599645,
0.025539235146222045,0.026333201005690088,0.027750749385318955,0.026333201005690088,0.025017817763232524,
0.0219210840972499,0.02431247508967716,0.023041162934067435,0.02431247508967716,0.02184961343604812,
0.023806374818145747,0.022219283163602697,0.02234000772193956,0.022219283163602697,0.021038723824370748,
0.023938632456024334,0.027641846316624787,0.027655423108755475,0.027641846316624787,0.025990729332947583,
0.022802161592197178,0.023592988005799394,0.022833683303316133,0.023592988005799394,0.021750160849811215,
0.024390243902439025,0.023731048121292023,0.02292404144872643,0.023731048121292023,0.021760645030363818,
0.021290751829673986,0.02541583499667332,0.024986364774140808,0.02541583499667332,0.02378142077205998,
0.021538054968287527,0.02510570824524313,0.02454622167387199,0.02510570824524313,0.023627005867715975,
0.023394922238468695,0.023660773627542205,0.022755237652399184,0.023660773627542205,0.022269221073896322,
0.024013722126929673,0.02546510093679905,0.027415701999062767,0.02546510093679905,0.023929922765060566,
0.02173048893600106,0.02491056048761097,0.023262433446127318,0.02491056048761097,0.022479503529892843,
0.024152039065593243,0.02586775768773921,0.026059322361168733,0.02586775768773921,0.024304102402172015,
0.023653088042049936,0.024178712220762157,0.022872624344685594,0.024178712220762157,0.021907761487549967,
0.025948366701791358,0.023182297154899896,0.021145341570808412,0.023182297154899896,0.02077723623926092,
0.022322018227446838,0.026812838462554483,0.026818823582853164,0.026812838462554483,0.02530338969177507,
0.020370370370370372,0.02447089947089947,0.02290551731899627,0.02447089947089947,0.0215818444424521,
0.020034726859890477,0.025778015226392413,0.023138919054979855,0.025778015226392413,0.022376938097110093,
0.02603409541429893,0.024448262191092904,0.02342920191327142,0.024448262191092904,0.02263031418500378,
0.025766384778012685,0.025502114164904863,0.024267632823588434,0.025502114164904863,0.02352035690861008,
0.022365478226549138,0.024338902775950532,0.024962609535266782,0.024338902775950532,0.02329158861095264,
0.023228190576745415,0.021116536887950375,0.02063928643060624,0.021116536887950375,0.019456712995632754,
0.027269134501383217,0.020155447240152814,0.019213013829502742,0.020155447240152814,0.018312163116312837,
0.021220159151193633,0.027320954907161802,0.02543733480733414,0.027320954907161802,0.024696150277411823,
0.020816759480243967,0.022673031026252982,0.023656335026721095,0.022673031026252982,0.02147942336847808,
