Majority Class Accuracy,Accuracy,Precision,Recall,F Score,Support
0.01694017998941239,0.012175754367390153,0.013831497964270384,0.012175754367390153,0.00815378306061371,
0.017966462603140804,0.012776151184455683,0.013185248381898305,0.012776151184455683,0.008863934742632678,
0.0165016501650165,0.013597359735973598,0.011729656506301148,0.013597359735973598,0.009165544996265828,
0.016141836464673195,0.016406456734585868,0.011661809658917471,0.016406456734585868,0.00981283296833196,
0.015916863983162326,0.013154433043935806,0.02019954697268174,0.013154433043935806,0.00947761961820217,
0.01640862776233955,0.017070265978562923,0.019185183964041407,0.017070265978562923,0.011988847757248488,
0.01507537688442211,0.012695054218460724,0.012571843188940864,0.012695054218460724,0.009234565016456624,
0.016116248348745046,0.0166446499339498,0.018693541113523938,0.0166446499339498,0.011532783572888687,
0.013881544156530937,0.012956107879428873,0.011243337500565031,0.012956107879428873,0.008328264784203211,
0.01363040629095675,0.013237221494102228,0.014274700786210225,0.013237221494102228,0.008622865189581762,
0.016752407334124787,0.01279514575913468,0.01094214151028396,0.01279514575913468,0.008000649510635243,
0.017328042328042328,0.014947089947089947,0.010372349952768912,0.014947089947089947,0.00959903714061261,
0.015766653527788728,0.01524109841019577,0.013594840531604332,0.01524109841019577,0.01049604982884545,
0.01588352084712111,0.014692256783587028,0.013365825910119906,0.014692256783587028,0.009597715582602256,
0.011106703689012296,0.014676715589051963,0.01058092520595802,0.014676715589051963,0.008435501052095312,
0.014901543374135177,0.01516764236295902,0.012513149748120081,0.01516764236295902,0.009782257323792563,
0.012389613813101358,0.014234875444839857,0.012755877611800569,0.014234875444839857,0.00885153728011633,
0.013397002254940974,0.013529645841623557,0.011087583811832545,0.013529645841623557,0.00833119970158859,
0.014144649052575394,0.015612489991993595,0.013580254492058356,0.015612489991993595,0.010336813388255902,
0.017300581088219757,0.01584786053882726,0.012451026577982255,0.01584786053882726,0.01073663306951397,
0.018538135593220338,0.013903601694915254,0.0146888278809554,0.013903601694915254,0.008858991769055203,
0.016047745358090185,0.015782493368700266,0.013038629911797753,0.015782493368700266,0.00986580261178929,
0.016488589895792112,0.015433320142461416,0.015838892259774046,0.015433320142461416,0.010278680643385236,
0.01704996034892942,0.013084853291038858,0.015102828655631619,0.013084853291038858,0.008723565583529836,
0.01466544454628781,0.013879795731308105,0.013771613567883433,0.013879795731308105,0.009034235676126939,
0.015403000929491435,0.01327844907714779,0.011885650483962288,0.01327844907714779,0.00867476977415875,
0.013069306930693069,0.012937293729372938,0.011147339214183283,0.012937293729372938,0.008442777601507941,
0.017548489246602454,0.012930465760654439,0.015265737079013544,0.012930465760654439,0.008152506614378552,
0.013105639396346307,0.014032300767805136,0.01114547702456343,0.014032300767805136,0.009172459063389694,
0.0169135964337223,0.01350465451684804,0.013241540394642972,0.01350465451684804,0.009230532859470706,
