Majority Class Accuracy,Accuracy,Precision,Recall,F Score,Support
0.6448116325181759,0.621810971579643,0.4441303170481108,0.621810971579643,0.507123655443721,
0.6453966569381799,0.6010878217033696,0.4445314815795351,0.6010878217033696,0.5012568867767458,
0.6525367598357399,0.5441780368260697,0.44708120805386475,0.5441780368260697,0.4867972279135194,
0.6476228525769077,0.6197895858303369,0.44991078094707004,0.6197895858303369,0.5084520396243511,
0.6373684210526316,0.5221052631578947,0.4338779820943085,0.5221052631578947,0.4688023323729158,
0.6421908315565032,0.6188699360341151,0.4392048981695932,0.6188699360341151,0.5005925314605563,
0.6518352257723792,0.621996303142329,0.4503801276943562,0.621996303142329,0.5120731708878822,
0.646091076599105,0.6173993156093709,0.44172493945036667,0.6173993156093709,0.5061514836136849,
0.64155672823219,0.6179419525065963,0.450798670249881,0.6179419525065963,0.5031342338478315,
0.6451782660176293,0.6224181028811998,0.4474481158774691,0.6224181028811998,0.5090403149054168,
0.645949535192563,0.6232403718459495,0.4593161458437877,0.6232403718459495,0.5122379998873644,
0.6475181998676374,0.6262078093977498,0.4495354782461041,0.6262078093977498,0.510232751510484,
0.6479672650475184,0.622492080253432,0.44238913455880396,0.622492080253432,0.5085439827548691,
0.6511164274322169,0.6141679957469431,0.4513614119472373,0.6141679957469431,0.5108648364389793,
0.6493506493506493,0.6247018287834615,0.44810357812623014,0.6247018287834615,0.5101872283371042,
0.641904507868765,0.6136303014137103,0.4428265948298409,0.6136303014137103,0.5013145037929446,
0.6364237534717629,0.6116915751884672,0.4315551480307167,0.6116915751884672,0.4942171262854907,
0.6443006207898561,0.6019019944525161,0.4413226075127782,0.6019019944525161,0.5009995494618106,
0.650632577754349,0.6294148655772273,0.45901041866512843,0.6294148655772273,0.5165324267805012,
0.6515831134564644,0.6294195250659631,0.4546069682479756,0.6294195250659631,0.5133907627827587,
0.6454689984101749,0.6070482246952835,0.4405476135110145,0.6070482246952835,0.5035719601413353,
0.6487875593041644,0.6093832366895098,0.4477776844251897,0.6093832366895098,0.5054841100332721,
0.6446291897598311,0.6227236737925574,0.44047767088684364,0.6227236737925574,0.5044114139881654,
0.6466295116772823,0.6206210191082803,0.44795045178055876,0.6206210191082803,0.5082530293025905,
0.6480601741884402,0.6227236737925574,0.47155894289490263,0.6227236737925574,0.5124140812353379,
0.653104359313078,0.628665785997358,0.4616988243542628,0.628665785997358,0.5159043858008467,
0.6397941680960549,0.6157804459691252,0.43600508493051576,0.6157804459691252,0.49930765870811405,
0.6431398416886543,0.6188654353562005,0.45411274587508577,0.6188654353562005,0.5066972633551523,
0.6468733578560169,0.6200735680504467,0.44590682110766117,0.6200735680504467,0.5071037080983554,
0.6397474681046955,0.615151913718269,0.4326559192684257,0.615151913718269,0.49770843956963,
