Majority Class Accuracy,Accuracy,Precision,Recall,F Score,Support
0.17315329626687848,0.17262377548318772,0.045551194712630604,0.17262377548318772,0.05392402865055618,
0.17522540180321441,0.1749640663791977,0.04642481613091635,0.1749640663791977,0.061283924715842174,
0.17131474103585656,0.17211155378486057,0.04787781547252984,0.17211155378486057,0.055970497243748724,
0.17563146185054312,0.1744536055490119,0.046049718863458794,0.1744536055490119,0.06771663474493361,
0.16895640686922062,0.17001321003963013,0.04573365759499734,0.17001321003963013,0.06162057871902144,
0.16913037688107604,0.16806498868025035,0.04247233077140763,0.16806498868025035,0.060761113242245555,
0.17393595994202135,0.17367242060877586,0.047037402766704185,0.17367242060877586,0.06337142874796464,
0.17973509933774834,0.17947019867549668,0.04545053464527144,0.17947019867549668,0.056027204472136334,
0.1721322270512314,0.17121032529961808,0.0445524214821412,0.17121032529961808,0.05792123442520406,
0.17217667283787358,0.17217667283787358,0.05359491934460186,0.17217667283787358,0.05429396655409398,
0.16219076597433524,0.16166159544913347,0.04129203114200419,0.16166159544913347,0.05405706260450443,
0.17079634291771564,0.16907380416059362,0.04290389644740632,0.16907380416059362,0.05703562650537234,
0.16798732171156894,0.16653460116217644,0.044111036890587485,0.16653460116217644,0.05534056873747799,
0.17541528239202658,0.17514950166112958,0.04418905190408089,0.17514950166112958,0.05576855840669467,
0.167970303592735,0.1649211189182023,0.039683396934138866,0.1649211189182023,0.05755343522297284,
0.1687031927473394,0.1664695834975693,0.04462340106452491,0.1664695834975693,0.06021696038735221,
0.16987856388595565,0.1689545934530095,0.042086612937123874,0.1689545934530095,0.053140248393443355,
0.16629243164707436,0.16338660678906353,0.04077055267511829,0.16338660678906353,0.05923231026064502,
0.17126998810625083,0.17087352980044931,0.04510665462899662,0.17087352980044931,0.06214101979308719,
0.17226277372262774,0.1712010617120106,0.04192861105370842,0.1712010617120106,0.05515878563016602,
0.169433465085639,0.16693017127799736,0.04359405036726582,0.16693017127799736,0.05900902162120823,
0.1704650243709656,0.17165063891450402,0.052269732369903975,0.17165063891450402,0.05592055875342802,
0.16510615851246208,0.16721614136885138,0.04890111536872329,0.16721614136885138,0.05520885335606176,
0.1690215942415356,0.16715542521994134,0.04260759593329053,0.16715542521994134,0.059285407723655204,
0.17239092958493568,0.17265614639968174,0.04978367767561215,0.17265614639968174,0.058680667628720325,
0.16719660837307895,0.16812400635930047,0.043647046742990254,0.16812400635930047,0.052566839387606555,
0.1712077547812418,0.17160073356038774,0.044483993908623364,0.17160073356038774,0.05737088283978968,
0.1702099564241384,0.16981381222765085,0.05185634264258964,0.16981381222765085,0.053144069540589346,
0.18538583509513742,0.18604651162790697,0.09486128289295365,0.18604651162790697,0.06366230055501955,
0.17143610708162996,0.17169985493867862,0.04450909143537714,0.17169985493867862,0.05687474849276692,
