Majority Class Accuracy,Accuracy,Precision,Recall,F Score,Support
0.23432954244908755,0.2270563343030944,0.08884541095586658,0.2270563343030944,0.10212032032137155,
0.2429026266914301,0.2360042451578668,0.10072254165872584,0.2360042451578668,0.10899906917927013,
0.23376102646351243,0.23282544774124567,0.10240821342258498,0.23282544774124567,0.10399412652012208,
0.2372142196379014,0.22849213691026826,0.0981404325948977,0.22849213691026826,0.11057891952389035,
0.2358640828245288,0.23042208654101407,0.07605807247607188,0.23042208654101407,0.09793022209994949,
0.2384737678855326,0.23396926338102808,0.11478746104796328,0.23396926338102808,0.10769188299951721,
0.234296315928969,0.23071826133050624,0.10300648889794832,0.23071826133050624,0.10649527451349573,
0.22546032587097628,0.2228109683401775,0.08176531598821518,0.2228109683401775,0.10299428442124633,
0.23451561672842774,0.23266278454208575,0.0984023285698827,0.23266278454208575,0.10634874953598651,
0.23131151902101624,0.2266560255387071,0.09125878789659637,0.2266560255387071,0.10307558221747759,
0.23284410948036494,0.2272907576358588,0.09889364504324216,0.2272907576358588,0.10770410834048051,
0.243429784974781,0.23931510485797716,0.09295918071814985,0.23931510485797716,0.11490901174272135,
0.23915638678869877,0.23199363310783924,0.09164275086068445,0.23199363310783924,0.11148477176652132,
0.23364733979036753,0.22847286718853654,0.1538563331125231,0.22847286718853654,0.10167774087559105,
0.24027520508070918,0.23802593278645146,0.08855746000476371,0.23802593278645146,0.11084474123712497,
0.24198212407991587,0.2379074658254469,0.10618595763695593,0.2379074658254469,0.11063334761488006,
0.24246031746031746,0.2335978835978836,0.1125041415201796,0.2335978835978836,0.11038117510575228,
0.22887742959143198,0.2245140817136057,0.09385764740505272,0.2245140817136057,0.10087549788019334,
0.23660773627542203,0.23168948557756214,0.08386418806486415,0.23168948557756214,0.1031413059580072,
0.23716767570413266,0.23282442748091603,0.08640324408359705,0.23282442748091603,0.10201233799965041,
0.2376041253470845,0.2274229802988232,0.09388964049089935,0.2274229802988232,0.1111713195145284,
0.24198443066367595,0.23683863306504815,0.09842808983573052,0.23683863306504815,0.10934016057934313,
0.23656765676567656,0.22785478547854784,0.08484611416462294,0.22785478547854784,0.10915536016878093,
0.23323615160349853,0.2280678505168301,0.08407477642549822,0.2280678505168301,0.10338254566744577,
0.23268952831428197,0.22625147812376822,0.09131275918196395,0.22625147812376822,0.10517972989460182,
0.23645709766706208,0.21418215368393304,0.0875369300628001,0.21418215368393304,0.10980420420741753,
0.22550585729499467,0.22284345047923323,0.13998048817823425,0.22284345047923323,0.10445925445893785,
0.23914759273875297,0.23322809786898185,0.11017342773173895,0.23322809786898185,0.10826773241699365,
0.2340878828229028,0.22862849533954727,0.09450591872314473,0.22862849533954727,0.10441149625899442,
0.2415069398545935,0.2343688037012558,0.09477093482161018,0.2343688037012558,0.11094378049217439,
