Majority Class Accuracy,Accuracy,Precision,Recall,F Score,Support
0.011190100052659295,0.012111637704054766,0.019157935062421378,0.012111637704054766,0.009130097998357779,
0.013373940677966102,0.014168432203389831,0.012614204458124428,0.014168432203389831,0.009416104978924575,
0.012541254125412541,0.014389438943894389,0.01631084429823891,0.014389438943894389,0.010615959642793868,
0.014502307185234015,0.015557020435069216,0.015519808406489088,0.015557020435069216,0.009491518706349645,
0.013043478260869565,0.012121212121212121,0.013186271811546366,0.012121212121212121,0.00821480723883448,
0.012725344644750796,0.014316012725344645,0.019187930930967226,0.014316012725344645,0.009800243710534482,
0.013199577613516367,0.012275607180570221,0.014876596365138056,0.012275607180570221,0.008276660337822714,
0.013220518244315178,0.01269169751454257,0.015709946618870707,0.01269169751454257,0.008624598209699045,
0.012142008710571466,0.014913554177114954,0.011259100641106275,0.014913554177114954,0.00939898686251934,
0.012491781722550954,0.013149243918474688,0.01780873062376756,0.013149243918474688,0.00878520357229729,
0.010687425781765405,0.0137221269296741,0.015231932724014172,0.0137221269296741,0.008740051458939932,
0.015354070152217075,0.013236267372600927,0.011757136164540802,0.013236267372600927,0.008482466701842876,
0.013022888713496448,0.016443041304919758,0.016312690360543055,0.016443041304919758,0.010143130090621977,
0.013481363996827915,0.015463917525773196,0.011148745690688477,0.015463917525773196,0.010003714357799513,
0.012344057780695994,0.012606697307944845,0.010040477784785347,0.012606697307944845,0.007637330341154599,
0.012942419440042261,0.012546222926571579,0.013462703258762065,0.012546222926571579,0.008331510247660705,
0.013594562175129948,0.013594562175129948,0.01209881971528869,0.013594562175129948,0.008495541595625785,
0.010456651224354732,0.014956982131039047,0.02062058016744004,0.014956982131039047,0.010606406980928051,
0.012896433741281748,0.01394920384261087,0.01594134187502175,0.01394920384261087,0.009804508656390433,
0.013734812466983624,0.010697305863708399,0.009263277293591301,0.010697305863708399,0.00686288921529111,
0.01382852627419992,0.013696826023969445,0.014716730486537984,0.013696826023969445,0.009388957462935547,
0.01051939513477975,0.013280736357659435,0.012686993086244555,0.013280736357659435,0.008786522738418795,
0.012122809329292397,0.013308736328897088,0.014974997543162063,0.013308736328897088,0.009072933325282634,
0.01199360341151386,0.012659914712153518,0.009805775307988996,0.012659914712153518,0.007972921844669068,
0.012992125984251968,0.014829396325459317,0.014297570873988317,0.014829396325459317,0.01014106563296343,
0.01176315093840867,0.012556172349986783,0.010744127029839451,0.012556172349986783,0.007868900190533861,
0.011517077045274026,0.012576118612655547,0.010455013017573556,0.012576118612655547,0.007741616700025236,
0.015596087761036215,0.014538725878932065,0.013481157861602639,0.014538725878932065,0.0097031099016415,
0.011434649647653238,0.0120994548597261,0.006327213802596045,0.0120994548597261,0.006873985414781142,
0.017334921265052268,0.014159057827180098,0.009431022315668934,0.014159057827180098,0.008501460446187954,
