Majority Class Accuracy,Accuracy,Precision,Recall,F Score,Support
0.22764550264550265,0.21957671957671956,0.10142436535081473,0.21957671957671956,0.09811688400865173,
0.23510889530307005,0.22474416163736552,0.09145313044160334,0.22474416163736552,0.10200572821625759,
0.23730378578024008,0.2313678934177549,0.08885740728275954,0.2313678934177549,0.10297390186225931,
0.23460876472924666,0.2277240831457699,0.08172481513639634,0.2277240831457699,0.10168288889527086,
0.23632038065027755,0.22587893206449908,0.09988273976368779,0.22587893206449908,0.10899478543959608,
0.24362194315928618,0.23740912095175148,0.08820215248593546,0.23740912095175148,0.10721904412639935,
0.23955026455026454,0.22962962962962963,0.09552754405889669,0.22962962962962963,0.11387816635145388,
0.23884165781083952,0.2333953241232731,0.09285429670637337,0.2333953241232731,0.10495140711133988,
0.23622462430793567,0.229633535460058,0.08199589891966183,0.229633535460058,0.1049038750918043,
0.23645778013807753,0.2292883696229421,0.0846326409084134,0.2292883696229421,0.10819176531586464,
0.2278414328987225,0.22099301988673778,0.086916776088153,0.22099301988673778,0.10425404948589671,
0.23269611074489124,0.22926829268292684,0.10541315123899693,0.22926829268292684,0.10310296388632213,
0.23765635286372613,0.23528637261356156,0.13045874319676012,0.23528637261356156,0.10354197194165929,
0.24091803278688526,0.2340983606557377,0.08816061646920807,0.2340983606557377,0.1088893208354305,
0.23635644608489323,0.23187450566833642,0.08750541915727932,0.23187450566833642,0.10369151032216767,
0.23583399840383082,0.2309124767225326,0.09656233556399813,0.2309124767225326,0.10504042092079956,
0.23241106719367588,0.22582345191040842,0.0953979047564627,0.22582345191040842,0.10492430299965266,
0.23935252753084782,0.23006501260448453,0.1031407559644352,0.23006501260448453,0.10718943993221058,
0.23575612353567624,0.22590521831735888,0.10122111373028955,0.22590521831735888,0.10663057414098386,
0.23922556690094152,0.23511470627237768,0.1084339726807141,0.23511470627237768,0.10532828780551474,
0.2380826968659468,0.23097181985778245,0.09338774384601473,0.23097181985778245,0.1025612375748249,
0.23661599471249173,0.22815598149372107,0.0975334302193347,0.22815598149372107,0.10744044164902543,
0.24407049158606067,0.23254273221147476,0.08311536886279033,0.23254273221147476,0.10594363835090366,
0.23416230366492147,0.22984293193717278,0.08914811307935587,0.22984293193717278,0.102616451725051,
0.24396676777001186,0.23658182777264936,0.0896156531872032,0.23658182777264936,0.10918272069103041,
0.2319861738899229,0.22826375963839404,0.090075929738172,0.22826375963839404,0.10746669143984253,
0.231342290807503,0.22695224158573898,0.08888802135307472,0.22695224158573898,0.10144846763212967,
0.23199263932702419,0.23002103049421663,0.09713434147748269,0.23002103049421663,0.1038902461488219,
0.23864990072799472,0.2340172071475844,0.10093305583004615,0.2340172071475844,0.10918199466158632,
0.23712021136063408,0.23011889035667107,0.09140453826038361,0.23011889035667107,0.10696116099968771,
