Majority Class Accuracy,Accuracy,Precision,Recall,F Score,Support
0.550730411686587,0.550730411686587,0.3033039863564776,0.550730411686587,0.391175647386191,
0.5472964083673201,0.5472964083673201,0.29953335861176844,0.5472964083673201,0.3871699785406091,
0.5465666929755327,0.5465666929755327,0.29873514987021027,0.5465666929755327,0.3863204234606343,
0.5414364640883977,0.5414364640883977,0.29315344464454685,0.5414364640883977,0.38036396760331886,
0.5560982048574445,0.5560982048574445,0.30924521344567235,0.5560982048574445,0.39746233557798183,
0.5517700292786798,0.5517700292786798,0.30445016521019513,0.5517700292786798,0.3923908304269994,
0.5527678215850259,0.5527678215850259,0.305552264579855,0.5527678215850259,0.39355821305976707,
0.5519746400739665,0.5519746400739665,0.30467600328478484,0.5519746400739665,0.3926301312117627,
0.5487997889738855,0.5487997889738855,0.30118120837778123,0.5487997889738855,0.38892206794181006,
0.5455508474576272,0.5455508474576272,0.29762572716173513,0.5455508474576272,0.38513870656707055,
0.5496584340514976,0.5496584340514976,0.30212439412394454,0.5496584340514976,0.38992385352178127,
0.5504151838671412,0.5504151838671412,0.30295687463149884,0.5504151838671412,0.39080741440604977,
0.5477227722772278,0.5477227722772278,0.3000002352710519,0.5477227722772278,0.3876666295083961,
0.5554671968190855,0.5554671968190855,0.3085438067420527,0.5554671968190855,0.39672171470156564,
0.5552167572583853,0.5552167572583853,0.3082656475405167,0.5552167572583853,0.3964278883979401,
0.5544199628351474,0.5544199628351474,0.3073814951901262,0.5544199628351474,0.3954934992336112,
0.5455989410986102,0.5455989410986102,0.2976782045279247,0.5455989410986102,0.3851946279367083,
0.5592701118806607,0.5592701118806607,0.31278305804300666,0.5592701118806607,0.4011916289035439,
0.553825857519789,0.553825857519789,0.3067230804575296,0.553825857519789,0.39479724059569943,
0.556951977774838,0.556951977774838,0.31019550554730363,0.556951977774838,0.3984650907353331,
0.5500330469266358,0.5500330469266358,0.3025363527113988,0.5500330469266358,0.3903611646361473,
0.5476411960132891,0.5476411960132891,0.29991087957086565,0.5476411960132891,0.38757159003447783,
0.5460388247639034,0.5460388247639034,0.2981583981495448,0.5460388247639034,0.38570622338035637,
0.541297740187657,0.541297740187657,0.29300324353226415,0.541297740187657,0.38020329997575975,
0.5524883875248838,0.5524883875248838,0.3052434183498462,0.5524883875248838,0.3932311775117271,
0.5516379423760032,0.5516379423760032,0.3043044194688306,0.5516379423760032,0.3922363731359303,
0.5595300950369588,0.5595300950369588,0.31307392725206823,0.5595300950369588,0.4014977694222037,
0.5465162574651625,0.5465162574651625,0.2986800196737278,0.5465162574651625,0.3862617262922062,
0.5466489714664897,0.5466489714664897,0.2988250980053711,0.5466489714664897,0.38641618559644264,
0.5486479321314952,0.5486479321314952,0.30101455343216577,0.5486479321314952,0.38874497836039695,
