Majority Class Accuracy,Accuracy,Precision,Recall,F Score,Support
0.16122689736531656,0.11666011272774937,0.061129215493878696,0.11666011272774937,0.07391369621395724,
0.1634282672344956,0.12137343625232899,0.06557960811827232,0.12137343625232899,0.07852650518696755,
0.16522318454363757,0.11792138574283811,0.06530344232597081,0.11792138574283811,0.07665345327018838,
0.16572702242034876,0.12495083256850661,0.06777126233066287,0.12495083256850661,0.08275697729204777,
0.1651547491995731,0.14007470651013873,0.07496514416357512,0.14007470651013873,0.08238857723506092,
0.16607071911005164,0.12554628526023043,0.06880999003620533,0.12554628526023043,0.08213509696468091,
0.16712907913859162,0.13872374157748713,0.07468299410883307,0.13872374157748713,0.08295595132154185,
0.15907880724174653,0.12899361022364217,0.06205333159423964,0.12899361022364217,0.07644610596190908,
0.1638605329444518,0.1189182023067745,0.0623154206422593,0.1189182023067745,0.07496907050034338,
0.16906757464641173,0.13672079622839184,0.06772894331470311,0.13672079622839184,0.08249366886562247,
0.14875491480996067,0.11363040629095675,0.05983619137248526,0.11363040629095675,0.07306417203887662,
0.16142668428005283,0.11968295904887714,0.060588937907638564,0.11968295904887714,0.07500045423464242,
0.16101921024546426,0.1201974386339381,0.06477471790646099,0.1201974386339381,0.07926650096989095,
0.15406014041594912,0.12544707908332228,0.06094794086002351,0.12544707908332228,0.07268728813622173,
0.16837073429823396,0.11605364493427167,0.06613611522547116,0.11605364493427167,0.08056043053157545,
0.17071240105540897,0.12005277044854881,0.06824662663133454,0.12005277044854881,0.08094884308492767,
0.17339135021097046,0.11524261603375527,0.06629459797753597,0.11524261603375527,0.07819022977191847,
0.15878244828040586,0.12504941362498354,0.06603696842336747,0.12504941362498354,0.07627817871045196,
0.15805391190006574,0.12241946088099934,0.06332833973579893,0.12241946088099934,0.07542198413200603,
0.16973442019458324,0.1184591112279779,0.06788471270632938,0.1184591112279779,0.07838536346994002,
0.16856010568031704,0.12351387054161163,0.07240867111366327,0.12351387054161163,0.08434279139567903,
0.17179859918065282,0.14193207347693934,0.0775097695600823,0.14193207347693934,0.08889733320797183,
0.16103588799789667,0.1318522413566452,0.06287503347147438,0.1318522413566452,0.07517114919639664,
0.16682027649769585,0.13337722185648454,0.0702813510751011,0.13337722185648454,0.07760386120659858,
0.16225819186735096,0.12067377286485063,0.06516002995760184,0.12067377286485063,0.07788414870346021,
0.1608643457382953,0.12044817927170869,0.06234513510719509,0.12044817927170869,0.07729178138662847,
0.16371330335889978,0.13422375033060038,0.07379934000087589,0.13422375033060038,0.08135059048846498,
0.1590879135363121,0.1250823777514169,0.06374297446504941,0.1250823777514169,0.07557959639404407,
0.16117168002101667,0.13542624458163668,0.0655265572996327,0.13542624458163668,0.07967453062014657,
0.16521622707189718,0.12879903601553086,0.06182996361169459,0.12879903601553086,0.07576226423840078,
