Majority Class Accuracy,Accuracy,Precision,Recall,F Score,Support
0.16854230107242155,0.15900966503376143,0.05114971092755509,0.15900966503376143,0.06816360517760005,
0.16787551101147302,0.1557431095872346,0.053605775275199524,0.1557431095872346,0.06595726126465858,
0.16839309428950863,0.1598937583001328,0.05977091151125799,0.1598937583001328,0.07285230737326792,
0.15788086452293093,0.15247759620453347,0.05259723362191001,0.15247759620453347,0.06634964612333999,
0.16025895098427798,0.15523847271766417,0.057564817140084705,0.15523847271766417,0.07328762233144683,
0.16019159127195318,0.15274081958488558,0.05787151150256513,0.15274081958488558,0.06697292792948771,
0.160415844190025,0.14975654691406765,0.05839106604031398,0.14975654691406765,0.06728921075106946,
0.16419282805727045,0.15749376067253382,0.0575086673458309,0.15749376067253382,0.0665097960264368,
0.15657370517928287,0.15126162018592298,0.05798452259794503,0.15126162018592298,0.065814911146146,
0.16596417281348788,0.15331928345626974,0.05682167521501993,0.15331928345626974,0.06943582871244011,
0.15750964480510843,0.1500598643075695,0.055919873541339,0.1500598643075695,0.06436790676390379,
0.1671309192200557,0.15864172967237034,0.05741420104030474,0.15864172967237034,0.06758416287879361,
0.16387607119314437,0.15688859591298615,0.06603103460895023,0.15688859591298615,0.07232559788166389,
0.1585349728943541,0.14610604257569748,0.05187967808785053,0.14610604257569748,0.06281857089720612,
0.15722772277227723,0.15194719471947193,0.057054881788758775,0.15194719471947193,0.06635530565217926,
0.15447368421052632,0.1456578947368421,0.06003837623606186,0.1456578947368421,0.06348604245615148,
0.16246867994197547,0.15692997494395358,0.05842781289683005,0.15692997494395358,0.06711637623846449,
0.15721102863202546,0.15257158006362673,0.05141512397638658,0.15257158006362673,0.06288683541324525,
0.16848612389846113,0.15914770485334737,0.0524971256971968,0.15914770485334737,0.068657659416215,
0.17076738928048943,0.1621226226891874,0.06974271119290643,0.1621226226891874,0.07383110267591066,
0.16378162450066577,0.15752330226364847,0.07273276901177411,0.15752330226364847,0.06803600993941747,
0.16251482799525505,0.15671543429550547,0.054097565187020115,0.15671543429550547,0.06651095360128415,
0.1583698393734236,0.15027213593521838,0.05718205699599492,0.15027213593521838,0.06226940668219753,
0.15555555555555556,0.14740302432610125,0.057275104787713554,0.14740302432610125,0.06551983224268032,
0.16954099230565137,0.15322366675510746,0.055055618269876004,0.15322366675510746,0.06818628020589303,
0.16088161541507193,0.14860762834895078,0.052193588269376236,0.14860762834895078,0.06638359748915112,
0.16458055925432757,0.15499334221038616,0.05930170118179413,0.15499334221038616,0.07289936831666347,
0.16741721854304636,0.1605298013245033,0.05512748134650979,0.1605298013245033,0.06939081809673259,
0.1639257992369425,0.1539271148533088,0.06024327146822671,0.1539271148533088,0.06776377974752924,
0.16976196704159038,0.15707559508239602,0.06477983635922054,0.15707559508239602,0.0704844117017759,
