Majority Class Accuracy,Accuracy,Precision,Recall,F Score,Support
0.7930762142951165,0.7930762142951165,0.6289698816806736,0.7930762142951165,0.7015539848962087,
0.7973329812516504,0.7973329812516504,0.6357398829916446,0.7973329812516504,0.7074258244000171,
0.7933086485056863,0.7933086485056863,0.6293386117939185,0.7933086485056863,0.7018742839592379,
0.7903525046382189,0.7903525046382189,0.6246570815879058,0.7903525046382189,0.6978034548722928,
0.7950614023504555,0.7950614023504555,0.6321226335074729,0.7950614023504555,0.7042908200017791,
0.7873767258382643,0.7873767258382643,0.6199621083917852,0.7873767258382643,0.6937117390303137,
0.785704831237591,0.785704831237591,0.6173320818300914,0.785704831237591,0.6914155923543608,
0.7924151696606786,0.7924151696606786,0.627921801108362,0.7924151696606786,0.700643256916012,
0.7908514013749339,0.7908514013749339,0.6254459390566969,0.7908514013749339,0.6984900462165738,
0.7867724867724868,0.7867724867724868,0.6190109459421629,0.7867724867724868,0.6928816629142361,
0.7951568082572449,0.7951568082572449,0.6322743497178489,0.7951568082572449,0.7044224179297929,
0.8015145476285372,0.8015145476285372,0.6424255700601788,0.8015145476285372,0.713206086407517,
0.7874389761182214,0.7874389761182214,0.6200601411101129,0.7874389761182214,0.6937972701666119,
0.7884640651688346,0.7884640651688346,0.6216755820625643,0.7884640651688346,0.6952061203464849,
0.8008480190804294,0.8008480190804294,0.6413575496650477,0.8008480190804294,0.712283927205079,
0.7959238044491808,0.7959238044491808,0.6334947024888578,0.7959238044491808,0.7054806010360265,
0.7955296918397038,0.7955296918397038,0.632867490598574,0.7955296918397038,0.7049368144395726,
0.7950006612881894,0.7950006612881894,0.6320260514486584,0.7950006612881894,0.7042070402303723,
0.7894527626871605,0.7894527626871605,0.6232356645143902,0.7894527626871605,0.6965656512536249,
0.7890779580530273,0.7890779580530273,0.6226440238851352,0.7890779580530273,0.6960501872849973,
0.7900276279436916,0.7900276279436916,0.624143652914336,0.7900276279436916,0.6973564465385667,
0.7951664025356577,0.7951664025356577,0.6322896077214997,0.7951664025356577,0.704435652124946,
0.7881967213114754,0.7881967213114754,0.6212540714861596,0.7881967213114754,0.6948386204740693,
0.795123244102836,0.795123244102836,0.6322209733126181,0.795123244102836,0.7043761205694693,
0.7942615364273437,0.7942615364273437,0.6308513882479245,0.7942615364273437,0.7031877744022186,
0.7866347814534344,0.7866347814534344,0.6187942793922924,0.7866347814534344,0.6926925254291768,
0.8,0.8,0.64,0.8,0.711111111111111,
0.787062706270627,0.787062706270627,0.6194677036020433,0.787062706270627,0.6932803213098144,
0.7942343295424491,0.7942343295424491,0.6308081702237436,0.7942343295424491,0.703150262858483,
0.7897339927817136,0.7897339927817136,0.6236797793549477,0.7897339927817136,0.6969524877667286,
