Majority Class Accuracy,Accuracy,Precision,Recall,F Score,Support
0.012688342585249802,0.015199577055247158,0.012685073010808222,0.015199577055247158,0.011045720053102262,
0.013508144616607072,0.01575950205270825,0.013650790875121629,0.01575950205270825,0.011841187375053878,
0.011096433289299868,0.010964332892998679,0.010025459330486677,0.010964332892998679,0.00836334488882476,
0.011572856391372961,0.012361914781693845,0.010592678067923418,0.012361914781693845,0.009914450860621487,
0.012933878843869605,0.012010030355021777,0.011558561764985584,0.012010030355021777,0.009337768197769004,
0.010990466101694915,0.014698093220338984,0.013224438405677814,0.014698093220338984,0.011999178397086514,
0.013810338024464028,0.014994081283703801,0.012882680720375102,0.014994081283703801,0.01157930177375509,
0.013121272365805169,0.014976805831676607,0.015535591178452476,0.014976805831676607,0.012351975509855333,
0.011143156790770844,0.012585212375458836,0.014003275658116026,0.012585212375458836,0.011424885661696993,
0.013667728237791932,0.015127388535031847,0.01592900722311627,0.015127388535031847,0.013285896480909437,
0.013366860772895712,0.012043409211222869,0.012139899170031396,0.012043409211222869,0.010319324274060338,
0.012296707655692185,0.011503371677905593,0.009050311446611482,0.011503371677905593,0.008678061493813246,
0.010132912225292801,0.012106856165284906,0.011742207454072558,0.012106856165284906,0.00998194629538349,
0.01399155227032735,0.01359556494192186,0.012602229496684625,0.01359556494192186,0.010958357272643953,
0.01383946223803875,0.012916831422169501,0.014954617823447234,0.012916831422169501,0.0108153125801271,
0.01011826544021025,0.013009198423127463,0.013808942467455683,0.013009198423127463,0.011167562772448205,
0.012786712364882678,0.011732138149222252,0.010681365449160114,0.011732138149222252,0.009443465448979794,
0.012611665790856543,0.013137151865475564,0.01172767648935754,0.013137151865475564,0.010228068130286993,
0.011147976111479762,0.013271400132714002,0.012128589184424107,0.013271400132714002,0.01036964570983915,
0.013037115870693096,0.013569243049088733,0.013860113013638297,0.013569243049088733,0.011461358077555469,
0.011660262355903008,0.012322777262488406,0.011299809335093542,0.012322777262488406,0.009788455370645,
0.01262493424513414,0.015386638611257233,0.013683535677107707,0.015386638611257233,0.011826757129105222,
0.01271691614783415,0.013776659160153663,0.01362151330580453,0.013776659160153663,0.011654899966797071,
0.011667992574913817,0.013789445770352692,0.012570502213208197,0.013789445770352692,0.011214868238320201,
0.012073769404272256,0.01273716332758392,0.013762369449310254,0.01273716332758392,0.010459592249491884,
0.011045364891518738,0.013806706114398421,0.012614200739821294,0.013806706114398421,0.011163875482551579,
0.014280047600158666,0.014941160914980827,0.012457721387752963,0.014941160914980827,0.011938081471465235,
0.013763896241397565,0.012440444679724723,0.012091446578494983,0.012440444679724723,0.010031744628416111,
0.01195060416943301,0.01447350949409109,0.013158678936349881,0.01447350949409109,0.011199818570110386,
0.011947431302270013,0.011947431302270013,0.010084360317583294,0.011947431302270013,0.009135810580227681,
