Majority Class Accuracy,Accuracy,Precision,Recall,F Score,Support
0.03400370468377878,0.03836993913733792,0.03622478816583145,0.03836993913733792,0.030079244928502745,
0.03469739107402993,0.03959740431730897,0.03507437563166283,0.03959740431730897,0.02931205586046178,
0.03437334743521946,0.0411158117398202,0.033717983691623765,0.0411158117398202,0.029908309511970068,
0.03579447893276978,0.03949280147932902,0.041315855901299985,0.03949280147932902,0.027476396546128136,
0.0374950664386265,0.04420470990659124,0.03806246645987828,0.04420470990659124,0.030045872211292932,
0.034382052303199254,0.040223018717642375,0.037971748958456335,0.040223018717642375,0.02774416563795403,
0.0366754617414248,0.04525065963060686,0.037370324346517506,0.04525065963060686,0.03457690194001624,
0.032122169562927856,0.038572933122696156,0.03887782922201253,0.038572933122696156,0.029439771829914335,
0.03190507580751483,0.04205669083717864,0.035050730765899075,0.04205669083717864,0.03179844982216271,
0.0322538177988415,0.0404160084254871,0.03360391650119229,0.0404160084254871,0.030039138749431777,
0.033156498673740056,0.04217506631299735,0.038834312244743305,0.04217506631299735,0.026883126638000042,
0.03236459709379128,0.04438573315719947,0.03619961085661442,0.04438573315719947,0.030510509141541665,
0.030627062706270625,0.03881188118811881,0.03437543727311846,0.03881188118811881,0.02784610199511411,
0.0335195530726257,0.03990422984836393,0.04513178792062874,0.03990422984836393,0.030984261185501585,
0.03561103810775296,0.044152431011826546,0.03608538177415141,0.044152431011826546,0.03161256778677047,
0.03352847259180415,0.046966471527408196,0.042031141899751705,0.046966471527408196,0.035206161052131424,
0.0349973586899102,0.04410987849973587,0.034135263753030616,0.04410987849973587,0.02963303773300591,
0.03627697603601218,0.040646100887064746,0.03390503821999022,0.040646100887064746,0.030069347909162242,
0.03547701302152538,0.04251926654265214,0.03685184287619899,0.04251926654265214,0.029496183343738394,
0.031323722149410226,0.042988204456094366,0.03765869631286665,0.042988204456094366,0.029125399345124738,
0.03382914308279584,0.03975253389495854,0.037224723148776166,0.03975253389495854,0.028972741426278474,
0.0356906807666887,0.041771315267680104,0.03230929730575461,0.041771315267680104,0.028766166031032606,
0.03392525841505433,0.04320169626292075,0.03651525765824697,0.04320169626292075,0.0318736644840242,
0.033050172551101674,0.04061587470135386,0.034118396068291465,0.04061587470135386,0.027596923488204476,
0.03262599469496021,0.04005305039787799,0.03517960786020185,0.04005305039787799,0.02668421889923405,
0.03207847295864263,0.0401643690349947,0.03944010007801406,0.0401643690349947,0.031664913555178434,
0.035129424194400426,0.044770206022187,0.03508636577282065,0.044770206022187,0.031009003689283044,
0.03531278931358286,0.04258695939690517,0.04185239647352866,0.04258695939690517,0.028473782782540605,
0.03200531208499336,0.043824701195219126,0.036238130912919705,0.043824701195219126,0.029482044610481158,
0.03579447893276978,0.04054946506406023,0.03364554471381485,0.04054946506406023,0.02812482919125305,
