Majority Class Accuracy,Accuracy,Precision,Recall,F Score,Support
0.024577167019027485,0.030258985200845665,0.023878085363476315,0.030258985200845665,0.021332187925595512,
0.022251481237656353,0.033706385780118496,0.033439826679481754,0.033706385780118496,0.02467734526904891,
0.024817518248175182,0.03304578633045786,0.0317066027394954,0.03304578633045786,0.023132675613786922,
0.024575163398692812,0.030980392156862744,0.02448136171701338,0.030980392156862744,0.021582503022534956,
0.02376887721602101,0.03177938279711096,0.02628210704880466,0.03177938279711096,0.021788160250329255,
0.026308866087871613,0.03459615890555117,0.032451037196163046,0.03459615890555117,0.026568496009733034,
0.026908218995604104,0.030504862128679897,0.026070727094384055,0.030504862128679897,0.02124568587933661,
0.02424080980287693,0.03116675546084177,0.0282681143755608,0.03116675546084177,0.02224753027875031,
0.02763018065887354,0.029091392136025504,0.027727343940808797,0.029091392136025504,0.019063475177414864,
0.02754237288135593,0.03270656779661017,0.02497588493836259,0.03270656779661017,0.022538379969671552,
0.02774490466798159,0.03155818540433925,0.023815119033675322,0.03155818540433925,0.02063966841632523,
0.02639567110993797,0.033258545598521844,0.036884908524992974,0.033258545598521844,0.02351738404035371,
0.025303110173958882,0.02754348972061149,0.02193048188457861,0.02754348972061149,0.01865919321837995,
0.024848803576124113,0.03129108598474888,0.02370887137535444,0.03129108598474888,0.02118779233937167,
0.02536662703131193,0.03210463733650416,0.02764676851667433,0.03210463733650416,0.02136247503255264,
0.02683410442828817,0.03238598810310641,0.029629439935021273,0.03238598810310641,0.024481136035939727,
0.02433834286474265,0.02939220641042692,0.030726003779333468,0.02939220641042692,0.02220460151502354,
0.02913135593220339,0.03072033898305085,0.025767809522874583,0.03072033898305085,0.021527831115551652,
0.03002884867558353,0.03540519276160504,0.03806172153878184,0.03540519276160504,0.024178829802936706,
0.024545575162531513,0.03476184158153112,0.033341422479082866,0.03476184158153112,0.02604853319540173,
0.026844750066120075,0.032663316582914576,0.02473475146511797,0.032663316582914576,0.021912450021147955,
0.024309245483528162,0.030818278427205102,0.024999097609766808,0.030818278427205102,0.02118969813617337,
0.030540432877439915,0.03585181250829903,0.027172870702408494,0.03585181250829903,0.022503376220017468,
0.02375951693357837,0.028747702809136255,0.032139556898346855,0.028747702809136255,0.02129484686352604,
0.026424663018817563,0.02855998932336848,0.02238695812039449,0.02855998932336848,0.019734335199792463,
0.024684804246848043,0.036098208360982084,0.0322219095136011,0.036098208360982084,0.026875566061452527,
0.02537333157129642,0.029470067397911987,0.03220839688371974,0.029470067397911987,0.02084362244772245,
0.02645017677098337,0.03247348435249443,0.03229559335733871,0.03247348435249443,0.024006258913852756,
0.025157232704402517,0.033674004192872115,0.03414450185678849,0.033674004192872115,0.02396924214615011,
0.026692965154503617,0.030637738330046023,0.030005630944645423,0.030637738330046023,0.02190799350238178,
