Majority Class Accuracy,Accuracy,Precision,Recall,F Score,Support
0.2564814814814815,0.2564814814814815,0.06578275034293553,0.2564814814814815,0.10470946259450313,
0.2555200851290237,0.2555200851290237,0.06529051390434351,0.2555200851290237,0.10400552675767655,
0.24271716101694915,0.24271716101694915,0.05891162025212762,0.24271716101694915,0.09481098692468147,
0.2442091330244871,0.2442091330244871,0.059638100652571635,0.2442091330244871,0.09586507455961249,
0.250330076577766,0.250330076577766,0.0626651472394302,0.250330076577766,0.10023776667189957,
0.25577076147519234,0.25577076147519234,0.06541868242559974,0.25577076147519234,0.10418889248345044,
0.24841521394611726,0.24841521394611726,0.06171011851989522,0.24841521394611726,0.09886152912993686,
0.24402102496714848,0.24402102496714848,0.05954626062601771,0.24402102496714848,0.09573192000929434,
0.258286016109864,0.258286016109864,0.06671166611790492,0.258286016109864,0.10603577448019602,
0.25039619651347067,0.25039619651347067,0.06269825522841263,0.25039619651347067,0.1002854221777652,
0.2507257851675904,0.2504618632884666,0.07728285602757902,0.2504618632884666,0.10105255519731184,
0.2490740740740741,0.2490740740740741,0.06203789437585734,0.2490740740740741,0.09933421189907476,
0.25079491255961844,0.25079491255961844,0.06289808816578665,0.25079491255961844,0.10057298368294834,
0.24885155532222075,0.24885155532222075,0.0619270965862883,0.24885155532222075,0.09917447165337478,
0.25059602649006624,0.25059602649006624,0.06279836849260997,0.25059602649006624,0.10042950267299412,
0.2519518327378589,0.2519518327378589,0.06347972601996604,0.2519518327378589,0.10140921457200791,
0.25514950166112954,0.25514950166112954,0.06510126819792275,0.25514950166112954,0.10373468357636183,
0.2510559662090813,0.2510559662090813,0.06306239404776448,0.2510559662090813,0.10080397883252537,
0.24649006622516556,0.24649006622516556,0.060757352747686504,0.24649006622516556,0.09748549851132358,
0.2517556645024513,0.2517556645024513,0.06338091460907082,0.2517556645024513,0.10126723034924473,
0.24636915764457354,0.24636915764457354,0.06069776183849673,0.24636915764457354,0.09739933223829962,
0.25095810757235365,0.25095810757235365,0.06297997175629702,0.25095810757235365,0.10069077673355156,
0.25184113624408205,0.25184113624408205,0.0634239579047103,0.25184113624408205,0.10132908412804226,
0.24596935376415724,0.24623584277148566,0.09883996681061943,0.24623584277148566,0.09772707229790022,
0.24734466277217207,0.24734466277217207,0.06117938220187952,0.24734466277217207,0.09809539260128931,
0.24711193732572034,0.24711193732572034,0.06106430956887074,0.24711193732572034,0.09792915574173033,
0.254384808123434,0.254384808123434,0.06471163060399633,0.254384808123434,0.10317668100717077,
0.25283069135473557,0.25283069135473557,0.10639024148889607,0.25283069135473557,0.10254419671028406,
0.25116588940706197,0.25116588940706197,0.06308430400164049,0.25116588940706197,0.10084083099729751,
0.24930638129211258,0.24930638129211258,0.06217009931256989,0.24930638129211258,0.09952213697867916,
