Majority Class Accuracy,Accuracy,Precision,Recall,F Score,Support
0.22352785846316345,0.22352785846316345,0.04996470350912803,0.22352785846316345,0.08167317672993109,
0.21884899683210138,0.21884899683210138,0.060269367249031376,0.21884899683210138,0.08038219522756937,
0.22330097087378642,0.22330097087378642,0.04986332359317561,0.22330097087378642,0.08152257666820772,
0.21369102682701202,0.21369102682701202,0.045663854946382774,0.21369102682701202,0.07524790731256063,
0.2168802007660811,0.2166160348698983,0.04706053575765719,0.2166160348698983,0.07732250636008109,
0.22276187975846679,0.22315568390653714,0.06585972233452969,0.22315568390653714,0.08244015954742503,
0.21853516657852987,0.21853516657852987,0.0477576190315058,0.21853516657852987,0.07838529464127371,
0.21714361420243772,0.21714361420243772,0.047151349188897115,0.21714361420243772,0.07747869460711776,
0.22645474845658742,0.22645474845658742,0.05128175309853628,0.22645474845658742,0.08362600114365572,
0.21248515243500066,0.21274910914610004,0.06084249244190472,0.21274910914610004,0.07704082747387495,
0.2195089757127772,0.2195089757127772,0.04818419041847261,0.2195089757127772,0.07902228089844107,
0.22654796704756844,0.22654796704756844,0.05132398137338615,0.22654796704756844,0.0836885026142572,
0.22335823830121904,0.2225717656311443,0.062066220569166976,0.2225717656311443,0.08648980764357019,
0.2158894645941278,0.2158894645941278,0.04661445388858061,0.2158894645941278,0.07667367062953945,
0.22331125827814569,0.22331125827814569,0.0498679180737687,0.22331125827814569,0.08152940265416926,
0.2225776356124217,0.2225776356124217,0.04954080387481597,0.2225776356124217,0.0810432031991157,
0.21247847397006225,0.21314081335276194,0.06320596632015342,0.21314081335276194,0.0773664676584842,
0.22301587301587303,0.22301587301587303,0.0497689956194258,0.22301587301587303,0.08137750501131089,
0.21968803250753702,0.21968803250753702,0.04826283162703265,0.21968803250753702,0.07913963298928148,
0.2255878836189717,0.2255878836189717,0.05088989323568672,0.2255878836189717,0.08304568593713038,
0.21746620726212562,0.21746620726212562,0.04729155130097378,0.21746620726212562,0.07768848288171289,
0.2188038721654953,0.2188038721654953,0.04787513447461441,0.2188038721654953,0.07856085063063153,
0.2212681638044914,0.2212681638044914,0.04895960031341124,0.2212681638044914,0.08017829624067564,
0.2225155074567771,0.2225155074567771,0.04951315105874702,0.2225155074567771,0.08100208260220795,
0.22807251399626766,0.22807251399626766,0.05201707164057771,0.22807251399626766,0.08471335535604341,
0.22319649262654445,0.2230636375714096,0.07193784386437864,0.2230636375714096,0.08273519479386596,
0.21519820887659685,0.21519820887659685,0.046310269103695414,0.21519820887659685,0.07621846175449425,
0.22188288407913956,0.22188288407913956,0.049232014247276884,0.22188288407913956,0.08058385118370838,
0.22138013562026326,0.22138013562026326,0.04900916444724615,0.22138013562026326,0.08025210664222476,
0.22727875812657555,0.22741143691123789,0.07480500995983513,0.22741143691123789,0.08449761868285142,
