Majority Class Accuracy,Accuracy,Precision,Recall,F Score,Support
0.1702549200898164,0.168802007660811,0.04085354107337803,0.168802007660811,0.058400986940498514,
0.1618947090645204,0.16057527378282097,0.03850247140202563,0.16057527378282097,0.051057398618065374,
0.16000527634876666,0.16000527634876666,0.03965116704263196,0.16000527634876666,0.054215172811725096,
0.16606977052659505,0.1663350576999602,0.044328677473510276,0.1663350576999602,0.052762632799807856,
0.16236260098000266,0.1573301549463647,0.03891861393464779,0.1573301549463647,0.05869383480649917,
0.15671740569159498,0.15486432825943083,0.04001845006581147,0.15486432825943083,0.05484196397697145,
0.1633780584056827,0.1658774006840305,0.04472085230620554,0.1658774006840305,0.062495654363762525,
0.16108621144213023,0.16161349854996046,0.039913448294694925,0.16161349854996046,0.05149140905822597,
0.1568184836011154,0.15389722480414286,0.0348901171565719,0.15389722480414286,0.048097965708973026,
0.15874687376596025,0.15532447018559958,0.04196765565584811,0.15532447018559958,0.05863814647545014,
0.1619858911220551,0.16145348063356849,0.04260117250570605,0.16145348063356849,0.0591217462815254,
0.15980405137031642,0.1595392559247981,0.04077573172252641,0.1595392559247981,0.056846863111299675,
0.1582657268253757,0.15387684532517623,0.03907243037368641,0.15387684532517623,0.05538670046067612,
0.1630708140304434,0.1600264725347452,0.03545863913548003,0.1600264725347452,0.049595236761413176,
0.1565275016567263,0.15453943008614976,0.03950907920281529,0.15453943008614976,0.05681824114426235,
0.15970386039132733,0.16023268112109995,0.04054538189081926,0.16023268112109995,0.055300917476673116,
0.15998942218696285,0.15562607430913658,0.04384559070794437,0.15562607430913658,0.05965321060018231,
0.15958985145260943,0.15893256211384252,0.04062784197581363,0.15893256211384252,0.054436189484344547,
0.1664466737064414,0.16525871172122492,0.04238351701076303,0.16525871172122492,0.0580837422813234,
0.16272965879265092,0.16286089238845144,0.04223788464064694,0.16286089238845144,0.05570796021005291,
0.16814982069331916,0.16496214636737946,0.04112697265979913,0.16496214636737946,0.05838045152166921,
0.15986842105263158,0.15907894736842104,0.03810024457386395,0.15907894736842104,0.05209070242676343,
0.1619401007156109,0.1633978266631328,0.04354951965606617,0.1633978266631328,0.06109262554090154,
0.15905178122103034,0.15878691564031255,0.04135254116079358,0.15878691564031255,0.05817204104068424,
0.16316554366494915,0.16184436517373496,0.040612345562689334,0.16184436517373496,0.05422986868624391,
0.1556641140744653,0.15632426722999737,0.05752393957838954,0.15632426722999737,0.05294670559642054,
0.16126482213438736,0.1592885375494071,0.0463726619671184,0.1592885375494071,0.060369146860697574,
0.16225516146109054,0.15881418740074113,0.038451391181163266,0.15881418740074113,0.053614606344405166,
0.16715077898072353,0.1676789015051492,0.04512965352999227,0.1676789015051492,0.06264367081732254,
0.1671301814329228,0.16381936167395048,0.04138851614035393,0.16381936167395048,0.061646376867922924,
