Majority Class Accuracy,Accuracy,Precision,Recall,F Score,Support
0.27317593704148324,0.26770708283313327,0.10777434386062902,0.26770708283313327,0.12856660039869922,
0.2726187317590873,0.26399575484213317,0.1036879234220071,0.26399575484213317,0.12727827171557454,
0.2659783034897399,0.26467128479937263,0.10814909170615243,0.26467128479937263,0.12384439345284298,
0.25638988213481656,0.2551979870215865,0.1159113324755837,0.2551979870215865,0.11544841685846524,
0.2707313847374686,0.2686152625314112,0.10979005234467995,0.2686152625314112,0.1256357746111776,
0.25917128529955136,0.2554763789918184,0.1470846127003685,0.2554763789918184,0.11757273840977711,
0.27408681842244575,0.2735574377977766,0.14932050051091753,0.2735574377977766,0.12985155636557816,
0.2683994165230076,0.2661450735976661,0.10272490107148513,0.2661450735976661,0.12215908417525269,
0.2685307306779214,0.2627275125296755,0.10710043609641932,0.2627275125296755,0.12181595941652724,
0.2627140974967062,0.2545454545454545,0.1103872799775101,0.2545454545454545,0.12261987986240801,
0.2631997877421067,0.2588219686919607,0.10358433583956882,0.2588219686919607,0.12362550505614812,
0.26921052631578946,0.2693421052631579,0.1238149330655646,0.2693421052631579,0.12933332848955476,
0.2679572763684913,0.26101468624833113,0.10472344129836932,0.26101468624833113,0.1270618906706093,
0.2699330093261526,0.26678050702745304,0.10444715656844186,0.26678050702745304,0.12491289451625762,
0.267926034322203,0.2607423174138619,0.11491429657429343,0.2607423174138619,0.13011546304689459,
0.26832805907172996,0.2667457805907173,0.10138892316537144,0.2667457805907173,0.12390100084366554,
0.26262493424513417,0.25420831141504474,0.08993360374641565,0.25420831141504474,0.12084784522867291,
0.2711239799947355,0.2673071861016057,0.09362656011075324,0.2673071861016057,0.12309718791477867,
0.275095886787462,0.266763655601111,0.10854950921972174,0.266763655601111,0.13331012150757265,
0.27445255474452557,0.27086927670869276,0.10806172602201801,0.27086927670869276,0.12789469665553216,
0.2749014454664915,0.2683311432325887,0.11007083129451213,0.2683311432325887,0.12680676405567703,
0.2578341927806426,0.2537352902287452,0.11490261288105394,0.2537352902287452,0.11571754970334212,
0.2710131456645864,0.26570176603372725,0.13731361183022625,0.26570176603372725,0.12751338391680503,
0.2723915050784857,0.26909378709932724,0.11445307650745187,0.26909378709932724,0.12908664676182127,
0.27210436157596524,0.2672288839109237,0.09340733243978706,0.2672288839109237,0.12377027885457714,
0.2683891378855787,0.2611389401529133,0.09843435803856897,0.2611389401529133,0.12260125738298465,
0.2699021422903994,0.2669928590320021,0.1567475658230419,0.2669928590320021,0.12413417340345714,
0.26442756230840997,0.25976276156204187,0.09628723154019082,0.25976276156204187,0.11862449331967,
0.27191366148986573,0.2633587786259542,0.11222202706857415,0.2633587786259542,0.13201979889539775,
0.2618325642715887,0.25655899802241267,0.10429923155556764,0.25655899802241267,0.1155423577524398,
