Majority Class Accuracy,Accuracy,Precision,Recall,F Score,Support
0.3234554835295674,0.3234554835295674,0.10462344982534624,0.3234554835295674,0.15810648885041828,
0.31633466135458166,0.3162018592297477,0.1213987577215239,0.3162018592297477,0.15323299888574177,
0.3248078452160085,0.3248078452160085,0.10550013631386652,0.3248078452160085,0.1592685863007776,
0.31401156677181913,0.31401156677181913,0.09860326406649263,0.31401156677181913,0.15007975052873382,
0.30983866701930707,0.30983866701930707,0.09599999958030105,0.30983866701930707,0.14658293726930569,
0.3250364093737588,0.3250364093737588,0.1056486674185857,0.3250364093737588,0.15946530475870857,
0.32451732345940226,0.32451732345940226,0.10531149322525432,0.32451732345940226,0.15901867247791,
0.31696369636963695,0.31696369636963695,0.10046598481630341,0.31696369636963695,0.1525721401330189,
0.30624669137109584,0.30624669137109584,0.09378703597574321,0.30624669137109584,0.14359773937846315,
0.3160994764397906,0.3160994764397906,0.09991887900550972,0.3160994764397906,0.15184092204914854,
0.30710659898477155,0.30710659898477155,0.0943144631399933,0.30710659898477155,0.14431028534818394,
0.31713147410358566,0.31713147410358566,0.10057237186711324,0.31713147410358566,0.15271424887262805,
0.3207795628127469,0.3207795628127469,0.10289952791833704,0.3207795628127469,0.15581635394054863,
0.31106142312245166,0.31106142312245166,0.0967592089549649,0.31106142312245166,0.14760438717588245,
0.3117850492152168,0.3117850492152168,0.09720991691413518,0.3117850492152168,0.14821013087821297,
0.31442891057768396,0.31442891057768396,0.09886553980706919,0.31442891057768396,0.1504311705432869,
0.3122513922036595,0.3122513922036595,0.09750093193312359,0.3122513922036595,0.14860099598658547,
0.3162190626645603,0.3162190626645603,0.0999944955924531,0.3162190626645603,0.15194202610927662,
0.31400264200792605,0.31400264200792605,0.09859765918795776,0.31400264200792605,0.15007223887661408,
0.31935865422525955,0.31935865422525955,0.1019899500285689,0.31935865422525955,0.15460534510755666,
0.3150522003435972,0.3150522003435972,0.0992578889413421,0.3150522003435972,0.15095657634793203,
0.31674628450106157,0.31674628450106157,0.10032820874522744,0.31674628450106157,0.15238806431604032,
0.3183785911058638,0.3183785911058638,0.10136492727455483,0.3183785911058638,0.153772107584862,
0.3148148148148148,0.3148148148148148,0.09910836762688614,0.3148148148148148,0.1507563901930099,
0.3176470588235294,0.3176470588235294,0.10089965397923875,0.3176470588235294,0.1531512605042017,
0.3079792193952311,0.3079792193952311,0.0948511995792959,0.3079792193952311,0.1450347194707759,
0.30880993263769646,0.30880993263769646,0.09536357449569864,0.30880993263769646,0.14572562771358044,
0.3176005273566249,0.3176005273566249,0.10087009497720624,0.3176005273566249,0.15311180116111855,
0.3168527379053695,0.3168527379053695,0.10039565751812876,0.3168527379053695,0.15247818473282215,
0.3056325023084026,0.3056325023084026,0.09341122646729572,0.3056325023084026,0.143089615649337,
