Majority Class Accuracy,Accuracy,Precision,Recall,F Score,Support
0.43551991586696465,0.43525700013145785,0.2422500707254403,0.43525700013145785,0.26488918133592965,
0.421365376997227,0.42110128086623533,0.23477866504402575,0.42110128086623533,0.2502054011533286,
0.4341321329273137,0.43373493975903615,0.20980393650591794,0.43373493975903615,0.2640849639276036,
0.42272369456835474,0.42272369456835474,0.20013102081631312,0.42272369456835474,0.25156995060883725,
0.41537851763773287,0.41537851763773287,0.17253931291492033,0.41537851763773287,0.24380660122337947,
0.4297804813541391,0.4299127215022481,0.2117052726141494,0.4299127215022481,0.2591323134617024,
0.4239777689559349,0.42358078602620086,0.19286111200793973,0.42358078602620086,0.25272363370450485,
0.41345639379347243,0.41345639379347243,0.19656135493180232,0.41345639379347243,0.2429203890224005,
0.4256396588486141,0.42550639658848616,0.20965205149233826,0.42550639658848616,0.25440703114832464,
0.42876076872100727,0.4286282306163022,0.2176229118965515,0.4286282306163022,0.2590492967030419,
0.4227814569536424,0.4227814569536424,0.17874416034384458,0.4227814569536424,0.25126017698678577,
0.42442402450392863,0.424024503928619,0.20355161293445534,0.424024503928619,0.25375401758885646,
0.42949993367820666,0.4292346465048415,0.204021716349624,0.4292346465048415,0.2591188965228017,
0.41118028877997087,0.4110478209034309,0.18547631646490395,0.4110478209034309,0.23996985407036506,
0.4107450046314675,0.4107450046314675,0.2274775600940749,0.4107450046314675,0.23943496492245225,
0.4203510624257622,0.4204830407813119,0.22012007413467602,0.4204830407813119,0.2497107214426326,
0.4166557204781295,0.4161303034283462,0.20292073777711872,0.4161303034283462,0.24704271215031107,
0.42760271240526526,0.42707086823560697,0.21012710658261455,0.42707086823560697,0.2565141650939232,
0.4207115460917868,0.4197857426266367,0.21632613117386426,0.4197857426266367,0.25293635761062494,
0.41351993662529707,0.4129918141008714,0.1962715978837691,0.4129918141008714,0.24332974058083648,
0.41630334258158275,0.4157748711850971,0.183844742937919,0.4157748711850971,0.24499423925106664,
0.418457481872116,0.418457481872116,0.17526841481421168,0.418457481872116,0.24705804454280064,
0.42500663658083354,0.42394478364746485,0.21626134907374153,0.42394478364746485,0.25494059466259295,
0.4250990752972259,0.4249669749009247,0.22349291885306263,0.4249669749009247,0.25380912713931936,
0.41120381406436235,0.41120381406436235,0.25509400035251084,0.41120381406436235,0.23986960931057363,
0.43019716818843456,0.43019716818843456,0.2131028743418207,0.43019716818843456,0.25913043189100615,
0.4314297071684113,0.4312972041870942,0.21500939610557296,0.4312972041870942,0.26063838401789313,
0.43107769423558895,0.43094578551642265,0.20450480702641674,0.43094578551642265,0.26002205801743994,
0.4195198740653286,0.4195198740653286,0.17608932369876898,0.4195198740653286,0.2480585295850829,
0.4215608465608466,0.4207671957671958,0.1951585617224296,0.4207671957671958,0.25040779313456685,
