Majority Class Accuracy,Accuracy,Precision,Recall,F Score,Support
0.4862251655629139,0.4862251655629139,0.23641491162668302,0.4862251655629139,0.318141445999725,
0.4803452855245684,0.4803452855245684,0.23073159332567914,0.4803452855245684,0.31172672427421977,
0.4678533475026567,0.4678533475026567,0.2188867547694417,0.4678533475026567,0.2982406316568972,
0.4745092873139244,0.4745092873139244,0.22515906374716843,0.4745092873139244,0.3054020285722783,
0.47667369530838166,0.47667369530838166,0.22721781179894787,0.47667369530838166,0.30774274983139965,
0.4799154334038055,0.4799154334038055,0.23031882321916247,0.4799154334038055,0.3112594382361824,
0.48034819308889476,0.48034819308889476,0.2307343866037661,0.48034819308889476,0.3117298858214103,
0.48946322067594433,0.48946322067594433,0.2395742443944682,0.48946322067594433,0.32169205800965694,
0.4789571201694018,0.4789571201694018,0.22939992296096678,0.4789571201694018,0.31021849089808773,
0.47995283018867924,0.47995283018867924,0.2303547192061232,0.47995283018867924,0.31130008268811543,
0.49142932489451474,0.49142932489451474,0.24150278136627853,0.49142932489451474,0.3238541409038735,
0.48480042294475284,0.48480042294475284,0.23503145008741125,0.48480042294475284,0.3165832208227441,
0.487467018469657,0.487467018469657,0.23762409409569693,0.487467018469657,0.3195016644337707,
0.47274897228484286,0.47274897228484286,0.22349159079637512,0.47274897228484286,0.30350262672347644,
0.473523960815462,0.473523960815462,0.2242249414663632,0.473523960815462,0.30433837172525513,
0.4766441709673151,0.4766441709673151,0.2271896657171191,0.4766441709673151,0.30771078122130463,
0.48262700710713347,0.48262700710713347,0.23292882798918907,0.48262700710713347,0.3142109605080973,
0.48118706942236356,0.48118706942236356,0.23154099577928253,0.48118706942236356,0.312642475159575,
0.47129027980373955,0.47129027980373955,0.2221145278374871,0.47129027980373955,0.30193161864308077,
0.47819767441860467,0.47819767441860467,0.22867301581936184,0.47819767441860467,0.3093943655530402,
0.4769594328475778,0.4769594328475778,0.22749030058228306,0.4769594328475778,0.30805219902848896,
0.47847332276809296,0.47847332276809296,0.22893672060073966,0.47847332276809296,0.30969340748348384,
0.4805006587615283,0.4805006587615283,0.23088088307026267,0.4805006587615283,0.311895684346942,
0.47597557738253254,0.47597557738253254,0.22655275026463523,0.47597557738253254,0.30698712598808664,
0.48077429549644457,0.48077429549644457,0.23114392321010258,0.48077429549644457,0.31219332198444094,
0.4800736551361305,0.4800736551361305,0.23047071435576433,0.4800736551361305,0.31143141228950083,
0.4755696035822468,0.4755696035822468,0.22616644785137538,0.4755696035822468,0.3065479897421444,
0.48743718592964824,0.48743718592964824,0.23759501022701446,0.48743718592964824,0.31946896645389106,
0.47790528953963857,0.47790528953963857,0.22839346576996578,0.47790528953963857,0.30907726954696724,
0.474850696748507,0.474850696748507,0.22548318420254254,0.474850696748507,0.30577086168742157,
