Majority Class Accuracy,Accuracy,Precision,Recall,F Score,Support
0.017509215376513954,0.01803580832016851,0.015780857545102677,0.01803580832016851,0.012726825244967285,
0.016642451459516577,0.016378285563333775,0.013216756362247842,0.016378285563333775,0.010964662845930638,
0.015245104481535024,0.01590222105401498,0.014445931911618536,0.01590222105401498,0.011648919600430675,
0.016713091922005572,0.015784586815227482,0.02748178481264414,0.015784586815227482,0.013225848387674051,
0.016953607569982914,0.016033644368510975,0.012833013383601566,0.016033644368510975,0.010641262001625292,
0.015245923372663396,0.013920190905475275,0.01237483520636131,0.013920190905475275,0.009667978045581789,
0.014956704277092626,0.015087903437418,0.016109665863517877,0.015087903437418,0.011617777177885119,
0.015402843601895734,0.01724591890468668,0.0192530019794852,0.01724591890468668,0.013062125581540745,
0.016633663366336635,0.015313531353135313,0.015829303474078082,0.015313531353135313,0.010986153761354943,
0.01802518223989397,0.018820410868124585,0.01523533520208988,0.018820410868124585,0.012607372017732361,
0.016039236479321314,0.0165694591728526,0.019487512424807587,0.0165694591728526,0.012379112147608368,
0.015690928270042193,0.015031645569620253,0.014569229406486896,0.015031645569620253,0.011426922583514234,
0.015799256505576207,0.015932023366967606,0.017497468719394494,0.015932023366967606,0.012290231278439676,
0.015791551519936834,0.017107514146598238,0.016899718098012204,0.017107514146598238,0.012319417702687534,
0.01830238726790451,0.017374005305039786,0.017127954707607067,0.017374005305039786,0.012730343363675135,
0.01626449806692441,0.01733102253032929,0.017474057577472554,0.01733102253032929,0.012148505913446518,
0.013062409288824383,0.01662488454941285,0.014356146743915773,0.01662488454941285,0.011487216473240101,
0.015808193913845345,0.014886049268871031,0.015549125260960348,0.014886049268871031,0.010631783854296273,
0.015641569459172854,0.015111346765641569,0.015101481409941638,0.015111346765641569,0.010848375630769591,
0.01474460242232754,0.01487625065824118,0.011962376780661277,0.01487625065824118,0.009993492964019787,
0.01514951916743512,0.01633513371097352,0.02021971806834745,0.01633513371097352,0.012177680902651478,
0.016593654586486126,0.015664409929642905,0.012020895932505226,0.015664409929642905,0.010567289702657193,
0.015189539030511161,0.015585787874785366,0.010938496849695202,0.015585787874785366,0.010137266872390846,
0.015302727877578177,0.018363273453093812,0.0220174181143433,0.018363273453093812,0.014172080604030763,
0.0192333025951785,0.015544724015281255,0.016606800363054647,0.015544724015281255,0.011566142982122034,
0.016163222045574986,0.017488076311605722,0.01833613750229353,0.017488076311605722,0.013309338468063769,
0.016647004849914798,0.018088871411718443,0.021544304265993068,0.018088871411718443,0.013322996210194601,
0.018148342977380327,0.01933193056286165,0.01561073695721998,0.01933193056286165,0.012942508136417789,
0.01421239636794315,0.017239110409264378,0.015869150812744665,0.017239110409264378,0.011799804433377307,
0.0166622586617297,0.018778101031473156,0.023342465778668938,0.018778101031473156,0.014250534833780932,
