Majority Class Accuracy,Accuracy,Precision,Recall,F Score,Support
0.025349881172432004,0.034195933456561925,0.033479497354038545,0.034195933456561925,0.02918030128387679,
0.02671957671957672,0.02791005291005291,0.02638762095719863,0.02791005291005291,0.024030097693259585,
0.0250996015936255,0.0249667994687915,0.021269033517155866,0.0249667994687915,0.019926668952085353,
0.02427120432660599,0.02809655718242976,0.027871113803903228,0.02809655718242976,0.02446820051975481,
0.022433359725521247,0.026392187912377935,0.025971584731028233,0.026392187912377935,0.022926585146978005,
0.023986217863768883,0.027564272462231646,0.025898149927117933,0.027564272462231646,0.023305956964576196,
0.027254772876892694,0.02620144832126399,0.024617888369210306,0.02620144832126399,0.022535240026900882,
0.024187153053132435,0.0323817076394396,0.030408068115445636,0.0323817076394396,0.027605674750428237,
0.023781212841854936,0.02681992337164751,0.02564219079905325,0.02681992337164751,0.02228786893876099,
0.02829447209850668,0.028425465024888658,0.026249193384732174,0.028425465024888658,0.023640174559887425,
0.025385433280170122,0.028708133971291867,0.027470764757686655,0.028708133971291867,0.025123919873607747,
0.025271703548513814,0.028545240277595915,0.023780804998712157,0.028545240277595915,0.022574435208859076,
0.023594909862142098,0.03234358430540827,0.030350165494125007,0.03234358430540827,0.02833025554104651,
0.02585410895660203,0.034164358264081256,0.03193859108092711,0.034164358264081256,0.02878141492328013,
0.0245253164556962,0.028085443037974684,0.026267401319651607,0.028085443037974684,0.022517077981161267,
0.02559002916998144,0.02930257226199947,0.02750294544727382,0.02930257226199947,0.024092059256127216,
0.02389169100079639,0.028802760817626758,0.02791997493993579,0.028802760817626758,0.024840509849735418,
0.028209860268916424,0.02873714737674664,0.026182989740422918,0.02873714737674664,0.02399676776800441,
0.024526050642980246,0.0327455919395466,0.03132077264671157,0.0327455919395466,0.027795945577202323,
0.02640220675160909,0.02745304085117562,0.025797299562866596,0.02745304085117562,0.02283623268607815,
0.027402700555996824,0.030315064866296003,0.029138772012883275,0.030315064866296003,0.02468224600372737,
0.025766384778012685,0.024577167019027485,0.02151639273831956,0.024577167019027485,0.01997326747895761,
0.026142064959070503,0.033403749669923426,0.032559078979507244,0.033403749669923426,0.029626737120106852,
0.02588392261507672,0.030020013342228154,0.028035953400536027,0.030020013342228154,0.025326758436907293,
0.02787639710716634,0.030900723208415515,0.028289390879700987,0.030900723208415515,0.026310128501627505,
0.025089605734767026,0.03013407672905881,0.025613801990181748,0.03013407672905881,0.023668328831506397,
0.025823451910408433,0.028985507246376812,0.027101313465937266,0.028985507246376812,0.025095686208201823,
0.023021963482402753,0.03135750198465202,0.03093141839295954,0.03135750198465202,0.02778565376958253,
0.026692965154503617,0.03076923076923077,0.02888461651472987,0.03076923076923077,0.026066325756508992,
0.02533140832130201,0.02651266570416065,0.023905773354258007,0.02651266570416065,0.02249193963231583,
