Majority Class Accuracy,Accuracy,Precision,Recall,F Score,Support
0.4843007915567282,0.4843007915567282,0.23454725670247353,0.4843007915567282,0.3160373665993689,
0.4821546160937706,0.4821546160937706,0.23247307382053128,0.4821546160937706,0.313696116850772,
0.4766058683584457,0.4766058683584457,0.22715315375370806,0.4766058683584457,0.30766930921957664,
0.4895640686922061,0.4895640686922061,0.23967297735446708,0.4895640686922061,0.32180284472744164,
0.4749239116051343,0.474659256318645,0.22554641479248205,0.474659256318645,0.3057892785725394,
0.47912262156448204,0.47912262156448204,0.22955848649482186,0.47912262156448204,0.31039818220346826,
0.48056397417314534,0.48056397417314534,0.2309417332730875,0.48056397417314534,0.3119645449999041,
0.47890851568679144,0.47890851568679144,0.2293533663973258,0.47890851568679144,0.31016572555309985,
0.4782379319440781,0.4782379319440781,0.22871151955014868,0.4782379319440781,0.3094380337668142,
0.4730953649440597,0.4730953649440597,0.22381922433155302,0.4730953649440597,0.30387608251018083,
0.4822118587608261,0.4823451032644903,0.39791569302057334,0.4823451032644903,0.31405297171081104,
0.4782379319440781,0.4782379319440781,0.22871151955014868,0.4782379319440781,0.3094380337668142,
0.4834961711116979,0.4834961711116979,0.23376854747967227,0.4834961711116979,0.3151589495569665,
0.4814913095396046,0.4814913095396046,0.23186464468142584,0.4814913095396046,0.3130016949967264,
0.4783698232656291,0.4783698232656291,0.22886787349748539,0.4783698232656291,0.30960873465104155,
0.48126154658221165,0.48126154658221165,0.23161267621870227,0.48126154658221165,0.31272353859872176,
0.4875247524752475,0.4875247524752475,0.23768038427605137,0.4875247524752475,0.31956494691002646,
0.4725910345734192,0.4725910345734192,0.2233422859591747,0.4725910345734192,0.30333239944499946,
0.4835469803092375,0.4835469803092375,0.2338176821661821,0.4835469803092375,0.3152143953236237,
0.48024396711747547,0.48024396711747547,0.23063426795273084,0.48024396711747547,0.31161656196694665,
0.484557760546721,0.484557760546721,0.2347962233060534,0.484557760546721,0.3163180706685128,
0.4792566418008114,0.4792566418008114,0.22968692871019125,0.4792566418008114,0.31054371799957026,
0.46846726982437464,0.46846726982437464,0.21946158289670342,0.46846726982437464,0.2988988415423799,
0.4737609329446064,0.4736284124039226,0.22441637830934702,0.4736284124039226,0.3045362543784214,
0.48035974077502974,0.48035974077502974,0.23074548055745378,0.48035974077502974,0.31174244232911785,
0.480915015294587,0.480915015294587,0.23127925193579288,0.480915015294587,0.31234642035118576,
0.4782724252491694,0.4782724252491694,0.22874451275372235,0.4782724252491694,0.3094754510017549,
0.48323210984948506,0.48310007921837866,0.23348029710012752,0.48310007921837866,0.3148128353848956,
0.47514327602292417,0.47514327602292417,0.2257611327497967,0.47514327602292417,0.3060870580089853,
0.479973474801061,0.479973474801061,0.23037453651260473,0.479973474801061,0.31132252088987183,
