Majority Class Accuracy,Accuracy,Precision,Recall,F Score,Support
0.02317527970165157,0.02717101758124667,0.0217772690086761,0.02717101758124667,0.01879202143705575,
0.024101145792177005,0.025549848544712234,0.02158637574137987,0.025549848544712234,0.01797017585656409,
0.024957084378713853,0.026805757295655618,0.022168836861129252,0.026805757295655618,0.019483130206878557,
0.022438894083077334,0.023240283157472952,0.01952020695876103,0.023240283157472952,0.014901134913498874,
0.023954473266278455,0.023689782953943885,0.01858281719025515,0.023689782953943885,0.01702946480570862,
0.021959237343852727,0.024983563445101907,0.022113579268709573,0.024983563445101907,0.01998085648181272,
0.027759330588391553,0.024970115553194314,0.02206333025552058,0.024970115553194314,0.019903345629970384,
0.021925769383172634,0.025359926033549068,0.02047297259450979,0.025359926033549068,0.019684954025366762,
0.020883213620643788,0.023809523809523808,0.022124974168401618,0.023809523809523808,0.01646210262121158,
0.023649980291683092,0.025752200762054922,0.02292577071791633,0.025752200762054922,0.017904915779209583,
0.02246003435064077,0.027084159069890344,0.021741144794832315,0.027084159069890344,0.020499136899008043,
0.022543429253414668,0.02493038058612916,0.020071355191674058,0.02493038058612916,0.017429296115950618,
0.024785761371127226,0.027290705339485827,0.02436261555470391,0.027290705339485827,0.019669892487122566,
0.025298013245033113,0.02662251655629139,0.024369970514031246,0.02662251655629139,0.01933989601851658,
0.024799895026899357,0.02545597690591786,0.021580636527306178,0.02545597690591786,0.016634757197132692,
0.02411702688455456,0.02688455455983131,0.02589158189596925,0.02688455455983131,0.020947715815165184,
0.0244158571803623,0.02585980572328695,0.03147257191075091,0.02585980572328695,0.018292209744330573,
0.02251832111925383,0.02518321119253831,0.026233043292936013,0.02518321119253831,0.021284936404280946,
0.024186046511627906,0.02750830564784053,0.026490438451428927,0.02750830564784053,0.01966960217968434,
0.021407932755450484,0.026004728132387706,0.023544371282104144,0.026004728132387706,0.021253701630728043,
0.020808482438701127,0.028495692511597084,0.028229724973051967,0.028495692511597084,0.020900518267624665,
0.019703139366872454,0.021148036253776436,0.014938190516085992,0.021148036253776436,0.01595498735286205,
0.020825095558191644,0.022933965994464216,0.018368969562849197,0.022933965994464216,0.015660999982263633,
0.023003701745108407,0.02617662612374405,0.023548938541090192,0.02617662612374405,0.020579626596049456,
0.023768651789251288,0.024957084378713853,0.024796792113263487,0.024957084378713853,0.01946653960164145,
0.025647770616861767,0.023674865184795474,0.024622426273301933,0.023674865184795474,0.018451583475625827,
0.023538746363395927,0.027241470510446973,0.025166819421751554,0.027241470510446973,0.018811853828311256,
0.0202365308804205,0.025886990801576873,0.0448064677590997,0.025886990801576873,0.017039680807588106,
0.022347098797699947,0.024568740198640877,0.01606847186103954,0.024568740198640877,0.016890751378836336,
0.01748159831756046,0.024316508937960044,0.021633514488986243,0.024316508937960044,0.01685575715518034,
