Majority Class Accuracy,Accuracy,Precision,Recall,F Score,Support
0.17376445846477392,0.16259200841219767,0.06137220907563789,0.16259200841219767,0.07287293120986628,
0.17676435799710868,0.16638191615192535,0.07210248231727633,0.16638191615192535,0.07878034103587116,
0.1808215559371285,0.17104741777836482,0.0663913155379774,0.17104741777836482,0.07425631069038732,
0.17569177810141665,0.1688070965179399,0.06252181413435293,0.1688070965179399,0.07701891201851714,
0.183381847049484,0.17544323895210373,0.06682785970677678,0.17544323895210373,0.0771798308581497,
0.18388375165125495,0.171334214002642,0.06056570240109882,0.171334214002642,0.07480385523065376,
0.17207834888918103,0.16826607072433286,0.06472317018886037,0.16826607072433286,0.0747923412808368,
0.18302109262413205,0.17542250753308006,0.06312500579856997,0.17542250753308006,0.07768744445649259,
0.18682038516965807,0.18275907244857853,0.07526527183839661,0.18275907244857853,0.08122450001003094,
0.1776930159147705,0.1695383401288965,0.07345486905714052,0.1695383401288965,0.07454984628958236,
0.18073089700996678,0.17249169435215947,0.05290003990453323,0.17249169435215947,0.0717462412357222,
0.17485549132947978,0.16684182869153968,0.054425397872376616,0.16684182869153968,0.06830854954530927,
0.1841896186440678,0.17492055084745764,0.06921894152018074,0.17492055084745764,0.07993677024661701,
0.17752571880770246,0.1669744130836191,0.05513197858528276,0.1669744130836191,0.07218167494387667,
0.17209118460930295,0.16220845961259717,0.05999694362543691,0.16220845961259717,0.0724045697479048,
0.1836544850498339,0.1732890365448505,0.06145064342952598,0.1732890365448505,0.07757557336430845,
0.17664079968433513,0.16927528607128764,0.061812470072240236,0.16927528607128764,0.06907581816217966,
0.1819254984260231,0.17130115424973766,0.06233756312409872,0.17130115424973766,0.0722734606396727,
0.17573666047252456,0.1628616936554287,0.07588271031385359,0.1628616936554287,0.07737172155460639,
0.17819817436168806,0.1664241301759492,0.0634259073928497,0.1664241301759492,0.07405899738407683,
0.1751516750197837,0.1549723028224743,0.06279152393585045,0.1549723028224743,0.06976844936039087,
0.17417734901546186,0.16730540504823577,0.06199923341682171,0.16730540504823577,0.07068797603167012,
0.1808806029353431,0.17188946185376172,0.05675140833446616,0.17188946185376172,0.07242439144650425,
0.17979315831344472,0.17329620790241315,0.06905850336315073,0.17329620790241315,0.07725365290358494,
0.17877540177978482,0.17054057643777393,0.057294512191311396,0.17054057643777393,0.07397343520229,
0.176252809731588,0.1717572391907973,0.05880616696460831,0.1717572391907973,0.07316371778147927,
0.17418330908609972,0.16439624388308424,0.0610890286745568,0.16439624388308424,0.07137840720004021,
0.17623112278397898,0.1690085357846356,0.06943293713140052,0.1690085357846356,0.07362761079969804,
0.1845521992580816,0.17501324854266032,0.06497267942160152,0.17501324854266032,0.07889271456635298,
0.1750460647538826,0.16175309291918927,0.06513445378421867,0.16175309291918927,0.07134471864775092,
