Majority Class Accuracy,Accuracy,Precision,Recall,F Score,Support
0.43360147698799945,0.43360147698799945,0.18801024084617463,0.43360147698799945,0.2622908023800096,
0.42012611665790855,0.42012611665790855,0.1765059538980546,0.42012611665790855,0.24857785773764876,
0.41280853902601733,0.41280853902601733,0.17041088989279488,0.41280853902601733,0.24123706105326237,
0.4173636001592991,0.4173636001592991,0.17419237473793128,0.4173636001592991,0.24579772574708933,
0.42874077976817704,0.42874077976817704,0.18381865623622448,0.42874077976817704,0.25731561503557043,
0.42116346406949196,0.42116346406949196,0.17737866346701425,0.42116346406949196,0.24962457585152328,
0.41983232905423107,0.41983232905423107,0.17625918451910016,0.41983232905423107,0.24828168919989124,
0.4194184975661097,0.4194184975661097,0.1759118761006128,0.4194184975661097,0.24786470854402778,
0.40454904023139626,0.40454904023139626,0.16365992595214388,0.40454904023139626,0.23304266531723417,
0.42265594092048003,0.42265594092048003,0.17863804439537628,0.42265594092048003,0.25113316474789366,
0.4313595326606479,0.4313595326606479,0.1860710464172126,0.4313595326606479,0.25999204556431593,
0.428590337524818,0.428590337524818,0.18368967741963743,0.428590337524818,0.25716214452058944,
0.4260456524607468,0.4260456524607468,0.18151489798070344,0.4260456524607468,0.2545709496291176,
0.4155124653739612,0.4155124653739612,0.17265060888114733,0.4155124653739612,0.2439407820199381,
0.420193711025607,0.420193711025607,0.17656275478547132,0.420193711025607,0.24864601696900177,
0.41796200345423146,0.41796200345423146,0.17469223633147496,0.41796200345423146,0.2463990373591328,
0.4339796860572484,0.4339796860572484,0.1883383679103479,0.4339796860572484,0.2626792690880963,
0.4177432111784867,0.4177432111784867,0.17450939048571373,0.4177432111784867,0.24617912342624346,
0.41776010603048375,0.41776010603048375,0.17452350619060103,0.41776010603048375,0.2461961024975385,
0.4136837934222692,0.4136837934222692,0.1711342809402387,0.4136837934222692,0.2421111166959819,
0.4259648201627724,0.4259648201627724,0.18144602801630302,0.4259648201627724,0.25448878604956204,
0.41992367416765364,0.41992367416765364,0.17633589212646172,0.41992367416765364,0.2483737616809977,
0.4248677248677249,0.4248677248677249,0.18051258363427677,0.4248677248677249,0.2533745139760736,
0.41938465601478936,0.41938465601478936,0.17588348970064321,0.41938465601478936,0.24783062005823261,
0.4211360634081902,0.4211360634081902,0.17735558390294723,0.4211360634081902,0.24959690837429083,
0.4178100263852243,0.4178100263852243,0.1745652181480218,0.4178100263852243,0.24624627404150093,
0.42709025654659044,0.42709025654659044,0.18240608723703244,0.42709025654659044,0.2556335682347607,
0.42569802831811565,0.42569802831811565,0.1812188113139312,0.42569802831811565,0.25421766421002007,
0.42136381553015373,0.42136381553015373,0.17754746503812943,0.42136381553015373,0.2498269100397861,
0.41929547844374343,0.41929547844374343,0.1758086982433677,0.41929547844374343,0.24774079945092453,
