Majority Class Accuracy,Accuracy,Precision,Recall,F Score,Support
0.013476020610384463,0.010569427929713304,0.012407585448654319,0.010569427929713304,0.0076071772101393475,
0.012347318109399893,0.01048858204992034,0.010780583948570111,0.01048858204992034,0.008256400859953677,
0.012761478752795685,0.012629917116168924,0.01388134583520537,0.012629917116168924,0.008907580902356363,
0.012962962962962963,0.012830687830687831,0.012803145839050793,0.012830687830687831,0.009304686954261392,
0.012195121951219513,0.009411452810180276,0.010889252599603015,0.009411452810180276,0.006778008515588666,
0.011428571428571429,0.013156146179401994,0.011087680687284477,0.013156146179401994,0.00861579434074753,
0.011022576361221779,0.013147410358565738,0.010706841753124958,0.013147410358565738,0.008892976594012836,
0.01202113606340819,0.012945838837516512,0.011331814069007929,0.012945838837516512,0.009058947420595183,
0.01434399263060929,0.011448874851954205,0.006771417031101075,0.011448874851954205,0.00695725502918051,
0.009267840593141797,0.010327022375215147,0.014251989894168775,0.010327022375215147,0.008164211957549846,
0.015378496619382209,0.012064165451411904,0.011547106308403788,0.012064165451411904,0.008178061070010836,
0.012983606557377049,0.012065573770491804,0.008111089142596598,0.012065573770491804,0.008373199255581285,
0.01139525639326885,0.010335232542732211,0.007397164268920223,0.010335232542732211,0.007218189887009474,
0.01383898868928809,0.011842980705256155,0.007523719417363825,0.011842980705256155,0.007551176095321492,
0.01365504441203765,0.011666445711255469,0.016672789372058495,0.011666445711255469,0.008374487078028032,
0.012801706894252567,0.01266835578077077,0.01425267816780127,0.01266835578077077,0.009065112211818932,
0.011592675536819919,0.014095639573178765,0.014594009757974981,0.014095639573178765,0.009316590935405067,
0.013581890812250332,0.012117177097203728,0.015489990865104766,0.012117177097203728,0.008981096740320375,
0.013658665959421827,0.011802148256199444,0.011777079480833006,0.011802148256199444,0.008607336219687376,
0.010545742156604272,0.01476403901924598,0.012118214102492128,0.01476403901924598,0.010044878679037061,
0.01131673545466649,0.01384635867394488,0.017927352053710342,0.01384635867394488,0.010125467709991969,
0.015099337748344372,0.013642384105960265,0.012588021896025616,0.013642384105960265,0.009548897070227321,
0.011158342189160468,0.010626992561105207,0.007865333561975933,0.010626992561105207,0.0066083035609514115,
0.012151631224408928,0.01228371417250033,0.01265741890613753,0.01228371417250033,0.008333703801761103,
0.011380177319041947,0.010321556173084558,0.010587566253302644,0.010321556173084558,0.006706280769526839,
0.01070578905630452,0.012556172349986783,0.012315025943464213,0.012556172349986783,0.008632709256706644,
0.0133881230116649,0.0133881230116649,0.011907908493769163,0.0133881230116649,0.008917782810970191,
0.012671594508975714,0.01504751847940866,0.010506449896965258,0.01504751847940866,0.009623696470244825,
0.009890544639324806,0.013714888566530397,0.013014392812465532,0.013714888566530397,0.00920507931960185,
0.011480601741884403,0.011348640802322512,0.007734183232717601,0.011348640802322512,0.007379886962905536,
