Majority Class Accuracy,Accuracy,Precision,Recall,F Score,Support
0.2537274046708009,0.2509565905792321,0.08658926159548382,0.2509565905792321,0.1147956802625108,
0.25457924077515265,0.25152641359171757,0.10597062626421423,0.25152641359171757,0.12504486962204225,
0.25435356200527703,0.2505277044854881,0.10196632648598097,0.2505277044854881,0.11864602053191964,
0.24415793714746173,0.2370400214880473,0.10466796483918053,0.2370400214880473,0.11137573005820668,
0.24786438868126,0.2445274959957288,0.09714828965625198,0.2445274959957288,0.10872287743567582,
0.25639672909522554,0.2496702716961224,0.0979858205508545,0.2496702716961224,0.11854861252348697,
0.24390889830508475,0.2390095338983051,0.22439011718410998,0.2390095338983051,0.1145538423525372,
0.2530961791831357,0.24914361001317523,0.09473221219224444,0.24914361001317523,0.10991757117204953,
0.25085638998682475,0.24334650856389986,0.09863300381190349,0.24334650856389986,0.12009832730398136,
0.252348815667593,0.2475850205107847,0.091921374916032,0.2475850205107847,0.11294083402879317,
0.25112642459581236,0.22952557646435198,0.10904686355626145,0.22952557646435198,0.12339955245377461,
0.25227362593910635,0.24766047185976012,0.10015200446901164,0.24766047185976012,0.1188477190747001,
0.2539766702014846,0.2506627783669141,0.13503194821633646,0.2506627783669141,0.11706079559628906,
0.24756001055130572,0.24202057504616195,0.09409098124627828,0.24202057504616195,0.11490610230083023,
0.23869016307206734,0.23185165702261967,0.09049333261906574,0.23185165702261967,0.10756622746640453,
0.2393617021276596,0.2372340425531915,0.09176357941959383,0.2372340425531915,0.10504195781143572,
0.2519590915128171,0.24837295789613495,0.08630113232418422,0.24837295789613495,0.11235257829597621,
0.2473246135552913,0.24071872109922052,0.09063746351821472,0.24071872109922052,0.10936638002597576,
0.2545068928950159,0.24814422057264052,0.09961851566943032,0.24814422057264052,0.11599072583007433,
0.2553727779251791,0.24157601485805252,0.10387010692107045,0.24157601485805252,0.12153513405137609,
0.2541157727031333,0.24429102496016994,0.09573613070489964,0.24429102496016994,0.12039585982832723,
0.24472851871375856,0.24051133368476543,0.09165923163443296,0.24051133368476543,0.10871864687856936,
0.25340023768651787,0.24838241119767596,0.09490967505189231,0.24838241119767596,0.11898572909570841,
0.25055957867017775,0.2458196181698486,0.12095222454694761,0.2458196181698486,0.1083843474963204,
0.24657353716394306,0.24103848181338955,0.09155983966113448,0.24103848181338955,0.1108644257531809,
0.24757989656544224,0.24506033682535472,0.0954227418983044,0.24506033682535472,0.11487066061038241,
0.2557618859475833,0.25286448044251286,0.09575498027503272,0.25286448044251286,0.11719766834535911,
0.25948446794448116,0.2543291473892928,0.14430523985479857,0.2543291473892928,0.12483547450129671,
0.2467222884386174,0.24155740961462058,0.11100578920292266,0.24155740961462058,0.10796867717844462,
0.24756514872334826,0.2429586733350882,0.08946532370204124,0.2429586733350882,0.10819843978663331,
