Majority Class Accuracy,Accuracy,Precision,Recall,F Score,Support
0.017334921265052268,0.01693793833531825,0.012890206858345252,0.01693793833531825,0.011959834627956096,
0.013899920571882446,0.015356102727032035,0.02057896975249885,0.015356102727032035,0.010953722688317338,
0.013147515119642388,0.016039968445963712,0.01138673305061369,0.016039968445963712,0.009883021155457354,
0.0177272125942585,0.015345945230850642,0.013674099883540486,0.015345945230850642,0.011050915929465093,
0.016906283280085196,0.01371139510117146,0.009567364449723729,0.01371139510117146,0.009033334603991102,
0.017181672882258924,0.016249334043686735,0.01351281941441828,0.016249334043686735,0.010925857183661136,
0.014002642007926024,0.014002642007926024,0.011852988624649648,0.014002642007926024,0.009560141781845425,
0.013785790031813362,0.014448568398727466,0.012432833191776203,0.014448568398727466,0.010672752066118289,
0.019179541822056473,0.016249334043686735,0.011208798566213724,0.016249334043686735,0.010561112522022312,
0.014502307185234015,0.015557020435069216,0.009436795184964724,0.015557020435069216,0.010104608687048152,
0.015727042516326804,0.015193922431027589,0.010596106944672341,0.015193922431027589,0.009943958515297764,
0.0150345928685471,0.014502394890899415,0.012780252517023614,0.014502394890899415,0.011005918027566631,
0.014984750033152102,0.01776952658798568,0.014439460388507984,0.01776952658798568,0.01313616362847488,
0.015887605042016806,0.01838235294117647,0.014737254444406675,0.01838235294117647,0.012931475046493227,
0.016538766869542205,0.016406456734585868,0.01563390723570617,0.016406456734585868,0.011485508160928566,
0.017964857067925517,0.015735641227380016,0.015979946600671972,0.015735641227380016,0.010555101483256262,
0.013531266421439831,0.016421439831844457,0.01107179553074604,0.016421439831844457,0.010271080923932006,
0.01581815764987372,0.01382427223182241,0.009682661019365248,0.01382427223182241,0.00928704121913043,
0.014408460013218771,0.01255783212161269,0.008535615347192086,0.01255783212161269,0.007694315670767923,
0.016682113067655237,0.015093340394545214,0.009339037578615938,0.015093340394545214,0.009398421062360217,
0.0162900683131897,0.015239096163951655,0.01038374442144361,0.015239096163951655,0.009476949278822986,
0.014816774705648895,0.012435507342241038,0.014174058478615352,0.012435507342241038,0.009368330311477935,
0.01732409381663113,0.014658848614072495,0.012622016981695829,0.014658848614072495,0.01192172164551431,
0.016757547546216254,0.015294587046149754,0.0103852655220291,0.015294587046149754,0.009228837074429392,
0.015670650730411687,0.014608233731739707,0.014104432225451113,0.014608233731739707,0.010034783075980382,
0.015305449267713418,0.015833223380393193,0.011014001461586178,0.015833223380393193,0.010499554298536773,
0.01705672352241174,0.017982282163162767,0.01805014445939365,0.017982282163162767,0.012831803222205394,
0.01753691983122363,0.014899789029535865,0.012489415236998808,0.014899789029535865,0.010844012233603182,
0.01690885072655218,0.01796565389696169,0.012466111631159404,0.01796565389696169,0.012658950424812248,
0.014636075949367089,0.014372362869198312,0.01016631081619831,0.014372362869198312,0.009722636753876647,
