Majority Class Accuracy,Accuracy,Precision,Recall,F Score,Support
0.029101922570450356,0.03173558072162233,0.029814129718870534,0.03173558072162233,0.02385022941085919,
0.029144138203877092,0.02861664248977977,0.026322539824772093,0.02861664248977977,0.020567529965339167,
0.03181938209664642,0.03115922894111434,0.029620001655304595,0.03115922894111434,0.024017061417213485,
0.02847725774555043,0.03256427158866183,0.028763933134558717,0.03256427158866183,0.023508860713875916,
0.023333333333333334,0.03186666666666667,0.03199145151670976,0.03186666666666667,0.024086678859960402,
0.025049439683586024,0.02940013183915623,0.02795559330114154,0.02940013183915623,0.020895866569110466,
0.028920137967630672,0.029981427434332714,0.0314126793491942,0.029981427434332714,0.02205741474722053,
0.029088985852175064,0.03199788443739257,0.035573184829683836,0.03199788443739257,0.024583097108314713,
0.032854482575152964,0.031524341580207504,0.031865177720121214,0.031524341580207504,0.02382353730916898,
0.03196407343811914,0.03183199049002774,0.028609411584434127,0.03183199049002774,0.022614537820385704,
0.03348392240233856,0.029896359287802286,0.028548179167145287,0.029896359287802286,0.02264099621847701,
0.0307162716801271,0.029789487620812922,0.027843970900406804,0.029789487620812922,0.02148738412997802,
0.026813880126182965,0.033123028391167195,0.027859222774959273,0.033123028391167195,0.022955259664550493,
0.029787794912350073,0.03413734018716225,0.032889375294026295,0.03413734018716225,0.025821834385699245,
0.032377428307123035,0.033698955993128055,0.033863744204394974,0.033698955993128055,0.024716488964830075,
0.03288431061806656,0.0306391970417327,0.028031424388974317,0.0306391970417327,0.022240656880856757,
0.03067565780774825,0.03398122438185905,0.03192959642987417,0.03398122438185905,0.024958997650634068,
0.03007915567282322,0.030738786279683378,0.032132465518384834,0.030738786279683378,0.024207260384711025,
0.029689788310477964,0.03568100119824258,0.03643064793153232,0.03568100119824258,0.026403421600754557,
0.028774142688214426,0.02824858757062147,0.026669321685105336,0.02824858757062147,0.020581590276305375,
0.02921734531993654,0.03278688524590164,0.03455476179529278,0.03278688524590164,0.0249525691232439,
0.029123643102991793,0.03005030447445062,0.02816957783972366,0.03005030447445062,0.02073779943087512,
0.031196524944056864,0.02948532315387653,0.029538817979075708,0.02948532315387653,0.021895923235888064,
0.030724407363263144,0.02953251225003311,0.02980117950084921,0.02953251225003311,0.021391146746982607,
0.027843446283162595,0.03322826372471763,0.03347735593276865,0.03322826372471763,0.024889271665948506,
0.0310335641981886,0.02823654768247203,0.02991316730597669,0.02823654768247203,0.02105840093197323,
0.03428346249835807,0.03152502298699593,0.031290398143655744,0.03152502298699593,0.02307864886292848,
0.0313124583610926,0.030646235842771485,0.029548064605882166,0.030646235842771485,0.023122359913574468,
0.026197406721354857,0.0316221222545647,0.029668539254638582,0.0316221222545647,0.022996272191118414,
0.02263102170460561,0.03335097935415564,0.033728526287043946,0.03335097935415564,0.025270585709879802,
