Majority Class Accuracy,Accuracy,Precision,Recall,F Score,Support
0.01490371933526774,0.015826958586125033,0.013792032461850418,0.015826958586125033,0.01371683100887397,
0.01414595452141724,0.01560021152829191,0.014889542655034876,0.01560021152829191,0.01391193618395534,
0.015347975654935168,0.014951045250066155,0.013987496583651874,0.014951045250066155,0.012806417488015923,
0.013312034078807242,0.014243876464323749,0.013047293006146671,0.014243876464323749,0.012403520097935416,
0.012940234791889008,0.01680896478121665,0.016889622983924085,0.01680896478121665,0.01570796547971345,
0.01897054921729902,0.014858052533828601,0.013910972521930952,0.014858052533828601,0.013091821670774231,
0.013152702880441932,0.014862554254899381,0.014801720814084839,0.014862554254899381,0.013647598079185636,
0.01646090534979424,0.014336917562724014,0.013588170765497065,0.014336917562724014,0.012304471637797496,
0.015980823012385136,0.013317352510320948,0.01380212218426744,0.013317352510320948,0.012436680208148865,
0.014428121720881428,0.01665792235047219,0.017404484120699466,0.01665792235047219,0.01544002453463086,
0.017864231838030965,0.015482334259626836,0.015421298148427447,0.015482334259626836,0.01386373576085001,
0.01524390243902439,0.016967126193001062,0.016681439749072456,0.016967126193001062,0.015279650289153731,
0.013693166710981123,0.015953203935123637,0.01606842832559491,0.015953203935123637,0.014737647633653265,
0.015468006345848757,0.01639344262295082,0.015136155351211952,0.01639344262295082,0.014277647358324066,
0.017968853986423533,0.014108877944895515,0.015253110105805573,0.014108877944895515,0.013218313691043645,
0.017071569271175313,0.014313854235062377,0.013764054555961708,0.014313854235062377,0.012656652614807067,
0.014116393660940205,0.018377946464242907,0.017334244166246893,0.018377946464242907,0.016492835054938468,
0.015933631814590465,0.012509876218066896,0.01226226912748887,0.012509876218066896,0.011354243615709194,
0.01655281135049921,0.016421439831844457,0.01460474716617172,0.016421439831844457,0.014171642768834208,
0.01439133879059942,0.018220227092685504,0.017807348940554007,0.018220227092685504,0.01645401795489321,
0.014772424807026884,0.01583710407239819,0.015740548805985664,0.01583710407239819,0.014477911998944826,
0.014752370916754479,0.016991570073761855,0.01584838722913301,0.016991570073761855,0.014827688487752521,
0.015398789155040801,0.014214266912345353,0.017191406141332268,0.014214266912345353,0.013546784774491791,
0.014803947719391837,0.013736996532408643,0.013496323851153517,0.013736996532408643,0.012505531475288224,
0.015433320142461416,0.015433320142461416,0.015838586934864868,0.015433320142461416,0.014245738187490637,
0.018494055482166448,0.016512549537648614,0.01622011459911101,0.016512549537648614,0.015098291469954686,
0.013246787653993907,0.017750695456351835,0.016631643059019718,0.017750695456351835,0.015046691143988664,
0.013133701076963489,0.014841082216968742,0.013579296451860217,0.014841082216968742,0.012539603743779545,
0.014142215173143008,0.015331747290510176,0.013672077029975777,0.015331747290510176,0.013121514847758831,
0.013486711622372074,0.013486711622372074,0.013889827560240901,0.013486711622372074,0.012324338485450472,
