Majority Class Accuracy,Accuracy,Precision,Recall,F Score,Support
0.23815181518151815,0.23815181518151815,0.05671628707425198,0.23815181518151815,0.0916144310880603,
0.23925974884335757,0.23925974884335757,0.05726793776864285,0.23925974884335757,0.09241573738934639,
0.23218299616554278,0.23218299616554278,0.05390894370840845,0.23218299616554278,0.08750152189434342,
0.23931962025316456,0.23931962025316456,0.05727388063811889,0.23931962025316456,0.09242794143195951,
0.22837642735267094,0.22837642735267094,0.07827814732560175,0.22837642735267094,0.08544023715380071,
0.23013879709187046,0.23013879709187046,0.052963865926893124,0.23013879709187046,0.0861103902293029,
0.2325953587623366,0.2325953587623366,0.05410060091778008,0.2325953587623366,0.08778322996786735,
0.22815148305084745,0.22815148305084745,0.052059992755477444,0.22815148305084745,0.0847757182006923,
0.23360547800895443,0.23373716091651303,0.09940916915723899,0.23373716091651303,0.08876576945990217,
0.2342819324950364,0.2340172071475844,0.08598395314211174,0.2340172071475844,0.09083716894368088,
0.2304749340369393,0.2304749340369393,0.053118695219331526,0.2304749340369393,0.0863385246622779,
0.23239717822441103,0.23239717822441103,0.05400844844666866,0.23239717822441103,0.08764779634513914,
0.2371447455386649,0.2371447455386649,0.05623763033659813,0.2371447455386649,0.09091519895210275,
0.23425092641609316,0.23425092641609316,0.0548734965267979,0.23425092641609316,0.08891789400739544,
0.22964619229251612,0.22964619229251612,0.05273737363445129,0.22964619229251612,0.08577650053326197,
0.242826780021254,0.242826780021254,0.05896484509549048,0.242826780021254,0.09488827573297398,
0.2257127771911299,0.2257127771911299,0.050952983365918435,0.2257127771911299,0.08313814733372797,
0.23513940031562336,0.23513940031562336,0.05529053758079097,0.23513940031562336,0.08952922652562491,
0.23015141540487163,0.23001974983541804,0.05296029013597349,0.23001974983541804,0.08609732820392092,
0.23243746673762639,0.23243746673762639,0.05402717594340518,0.23243746673762639,0.08767532211824103,
0.2386076790221868,0.2386076790221868,0.056941189413213855,0.2386076790221868,0.09194151287789046,
0.22913907284768212,0.22913907284768212,0.05251166989356074,0.22913907284768212,0.08544252527782953,
0.23401162790697674,0.23401162790697674,0.054761441995673336,0.23401162790697674,0.08875352672090284,
0.22638522427440633,0.22638522427440633,0.05125026976977325,0.22638522427440633,0.08357939863487118,
0.23570765353495157,0.23584029712163418,0.0767335122248821,0.23584029712163418,0.09079426556078089,
0.2285143237841439,0.2285143237841439,0.05221879617452455,0.2285143237841439,0.0850112939891121,
0.22999603227086365,0.22986377463298505,0.08265672127504485,0.22986377463298505,0.08622420829990246,
0.23038242688897712,0.23038242688897712,0.05307606261925489,0.23038242688897712,0.08627571632904048,
0.24195470798569726,0.2412925440339028,0.07041768667670618,0.2412925440339028,0.09499182193209628,
0.23305588585017836,0.23305588585017836,0.10125165509648881,0.23305588585017836,0.088340134404807,
