Majority Class Accuracy,Accuracy,Precision,Recall,F Score,Support
0.020321423827865587,0.02218090051799708,0.023942686024371322,0.02218090051799708,0.01613125851553445,
0.020822351080653664,0.023985239852398525,0.022992000318708756,0.023985239852398525,0.01765045612776759,
0.018400847233253904,0.020254169976171566,0.020052822583966068,0.020254169976171566,0.01526298875028683,
0.023624125643394483,0.022832255510096343,0.026851833453980435,0.022832255510096343,0.017125006349698164,
0.02050535785156767,0.024209551527979892,0.022431873830609066,0.024209551527979892,0.017617804306790014,
0.02382528127068167,0.022634017207147583,0.021478245825485562,0.022634017207147583,0.016063315377757053,
0.021655373986980204,0.021788229042115054,0.020778933607228968,0.021788229042115054,0.015967055895849534,
0.02024185068349106,0.02089905362776025,0.015738649117016095,0.02089905362776025,0.01430523921297673,
0.020079260237780713,0.023513870541611626,0.022635584071778327,0.023513870541611626,0.016906915310665478,
0.021136063408190225,0.020343461030383092,0.024065558382464422,0.020343461030383092,0.01557441531274275,
0.020071779875049846,0.019274225707829322,0.016218174542891328,0.019274225707829322,0.013468353070089175,
0.01754617414248021,0.021899736147757257,0.02299856527727891,0.021899736147757257,0.016979515528285243,
0.02072880908370742,0.022973329812516503,0.024674957812852703,0.022973329812516503,0.01694657058978066,
0.019947159841479524,0.022457067371202115,0.02022208540962378,0.022457067371202115,0.016235373928550415,
0.021180231783668575,0.02091381377381111,0.01861292395658854,0.02091381377381111,0.01462525117104104,
0.01925596017815038,0.02200681163217186,0.0222926431692706,0.02200681163217186,0.016252002538692144,
0.01863107822410148,0.02206659619450317,0.021401287767233705,0.02206659619450317,0.015867660122184,
0.024307370622059593,0.020648196549921588,0.019521191040169052,0.020648196549921588,0.015034476162385492,
0.02292792199235736,0.023850309658716564,0.019633212188350308,0.023850309658716564,0.01669995449440155,
0.021056813667063964,0.02132167924778175,0.020125632232904443,0.02132167924778175,0.014861390272012985,
0.0190325138778747,0.022072429288924136,0.021405175894903598,0.022072429288924136,0.01604943396265831,
0.022537451942198066,0.022404878695479254,0.020329337469261678,0.022404878695479254,0.017006784132280295,
0.023116779593463532,0.021522518931845355,0.0187334535612609,0.021522518931845355,0.015563297991125978,
0.019266297176035892,0.022169437846397466,0.019795544486064253,0.022169437846397466,0.01585211869590323,
0.020550652087998948,0.020155447240152814,0.018894980076017573,0.020155447240152814,0.014651451289596667,
0.019003322259136212,0.024451827242524916,0.019879591840333936,0.024451827242524916,0.01716397281675253,
0.020797456616770432,0.018942906345211286,0.021560706088348744,0.018942906345211286,0.014288306213322452,
0.01930195663670016,0.024854574299312534,0.023089055509325895,0.024854574299312534,0.01770403567923308,
0.017485759703271958,0.020002649357530797,0.020148341751668672,0.020002649357530797,0.014705349855203052,
0.018085808580858086,0.021122112211221122,0.018801971927657604,0.021122112211221122,0.015594907303200298,
