Majority Class Accuracy,Accuracy,Precision,Recall,F Score,Support
0.37716400158583324,0.37716400158583324,0.1422526840922384,0.37716400158583324,0.20658786306994875,
0.37806959947472096,0.37806959947472096,0.1429366220469759,0.37806959947472096,0.20744470685872338,
0.3854138940644131,0.3854138940644131,0.14854386973789463,0.3854138940644131,0.21443969975226518,
0.3892430278884462,0.3892430278884462,0.1515101347597657,0.3892430278884462,0.218118978059657,
0.38012786361214707,0.38012786361214707,0.14449719269433509,0.38012786361214707,0.20939681967748844,
0.39007562690725756,0.39007562690725756,0.15215899470709,0.39007562690725756,0.21892189426502573,
0.3746842175242654,0.3746842175242654,0.14038826286177103,0.3746842175242654,0.20424801721315017,
0.37626895187870796,0.37626895187870796,0.14157832414790145,0.37626895187870796,0.20574223367407463,
0.37986028733359695,0.37986028733359695,0.14429383789316283,0.37986028733359695,0.20914267801994962,
0.3965744400527009,0.3965744400527009,0.15727128650311328,0.3965744400527009,0.22522435180351505,
0.3825006608511763,0.3825006608511763,0.1463067555515866,0.3825006608511763,0.2116552413964253,
0.3663115845539281,0.3663115845539281,0.13418417697840962,0.3663115845539281,0.196418120866944,
0.38070059484467944,0.38070059484467944,0.14493294291509276,0.38070059484467944,0.2099411609674824,
0.36744432661717924,0.36744432661717924,0.13501533316315228,0.36744432661717924,0.19747104951198544,
0.37792864749733757,0.37792864749733757,0.14283006259916686,0.37792864749733757,0.20731126079508097,
0.38041902753986034,0.38041902753986034,0.14471863651437303,0.38041902753986034,0.20967348845123648,
0.37588559433219626,0.37588559433219626,0.14128998002646842,0.37588559433219626,0.20538041914021976,
0.3694731268202277,0.3694731268202277,0.13651039144231605,0.3694731268202277,0.19936191337945974,
0.3828906979847858,0.3828906979847858,0.14660528660327643,0.3828906979847858,0.21202729444476948,
0.3805379746835443,0.3805379746835443,0.14480915017625381,0.3805379746835443,0.2097865510862863,
0.3642697515446299,0.3642697515446299,0.13269245189038642,0.3642697515446299,0.19452524215266326,
0.3649993366060767,0.3649993366060767,0.13322451572287608,0.3649993366060767,0.19520085050608807,
0.37156023699802504,0.37156023699802504,0.1380570097180285,0.37156023699802504,0.20131381180924002,
0.37138327388030123,0.37138327388030123,0.13792553611805083,0.37138327388030123,0.20114805065077587,
0.38784736072330805,0.38784736072330805,0.15042557522003583,0.38784736072330805,0.2167753882410212,
0.37967490418924277,0.37967490418924277,0.14415303287111067,0.37967490418924277,0.20896666661603341,
0.37987271280827367,0.37987271280827367,0.14430327793631717,0.37987271280827367,0.20915447721643207,
0.3777188328912467,0.3777188328912467,0.14267151672072553,0.3777188328912467,0.20711267540898548,
0.3646671061305208,0.3646671061305208,0.1329820982936085,0.3646671061305208,0.19489309546073239,
0.3834347711034665,0.3834347711034665,0.14702222369116777,0.3834347711034665,0.21254666538979455,
