Majority Class Accuracy,Accuracy,Precision,Recall,F Score,Support
0.016186340307935254,0.017107514146598238,0.01821763489351912,0.017107514146598238,0.012544801581487481,
0.012199973478318525,0.014321707996286964,0.013589344833878384,0.014321707996286964,0.010061067901310653,
0.015971488912354805,0.01583949313621964,0.016833686431534593,0.01583949313621964,0.011650931719759632,
0.016056263269639066,0.015790870488322718,0.013321226794481673,0.015790870488322718,0.011427462276788435,
0.013232764324467381,0.013762074897446077,0.015958383326293197,0.013762074897446077,0.01048236209882875,
0.01390528663255936,0.015348288075560802,0.012353803938997196,0.015348288075560802,0.010595884389176304,
0.014519535374868005,0.015707497360084477,0.013324486099882078,0.015707497360084477,0.011090580575279837,
0.015705424310413094,0.017157186221459682,0.013686234991364066,0.017157186221459682,0.0116098059201928,
0.015293342122610415,0.014897824653922215,0.014852849564759869,0.014897824653922215,0.010288926071982642,
0.015598149372108393,0.014540647719762063,0.012639472827351889,0.014540647719762063,0.009961415909401375,
0.014974385918823066,0.014711677393931434,0.012790679164481324,0.014711677393931434,0.00996592528163827,
0.015147523709167545,0.01778187565858799,0.01565295479894501,0.01778187565858799,0.011970063433192122,
0.015197973603519531,0.01626449806692441,0.017615689411390353,0.01626449806692441,0.011940798780783121,
0.018258798623974597,0.015744906059804182,0.01455774544972198,0.015744906059804182,0.01123809507660263,
0.014805023132848646,0.015465961665565102,0.018164650324402124,0.015465961665565102,0.011115284394642752,
0.016747988922590003,0.015561123565871027,0.015244628633637104,0.015561123565871027,0.010407328857513613,
0.013308736328897088,0.016339438661220188,0.014945036535943304,0.016339438661220188,0.011517087915089005,
0.017270929466051417,0.017666446934739618,0.020385443392485977,0.017666446934739618,0.013065239514702287,
0.01486646493882384,0.013550848572556243,0.019770988228095428,0.013550848572556243,0.009281217666418132,
0.015262110152621102,0.017916390179163903,0.01778958088311474,0.017916390179163903,0.012472877665129764,
0.015368309485956544,0.015103338632750398,0.01605866931252233,0.015103338632750398,0.01073394277339247,
0.014970853206147324,0.015103338632750398,0.015895487737555797,0.015103338632750398,0.010959484000230018,
0.013513513513513514,0.01589825119236884,0.016441117675471458,0.01589825119236884,0.011738917321314163,
0.013658665959421827,0.01299562392255669,0.01076133687631851,0.01299562392255669,0.00823371995532851,
0.013908935835192232,0.01679569610287364,0.014085322715932843,0.01679569610287364,0.011935325949411262,
0.01798844537815126,0.01404936974789916,0.010986584978073052,0.01404936974789916,0.009437758464278941,
0.015862524785194978,0.016391275611368144,0.019151189496534004,0.016391275611368144,0.01183792561442988,
0.013136942675159236,0.01393312101910828,0.013463569189691564,0.01393312101910828,0.010287550599576232,
0.01737199582027168,0.012669801462904912,0.014660391363998895,0.012669801462904912,0.009935092479020493,
0.016426016690952443,0.016690952444032323,0.013924802568741566,0.016690952444032323,0.011231953796037199,
