Majority Class Accuracy,Accuracy,Precision,Recall,F Score,Support
0.17185439198100766,0.14362964916908466,0.07165083818813951,0.14362964916908466,0.08622159844885399,
0.16842243876744797,0.13589676060047406,0.06803091963195666,0.13589676060047406,0.08193597692099083,
0.17311770943796395,0.1306998939554613,0.0700440082971836,0.1306998939554613,0.08429659990537133,
0.1657150444828044,0.10742265303412561,0.06248267284501752,0.10742265303412561,0.07409524297308616,
0.17105785780484575,0.12974976830398516,0.06858111080920168,0.12974976830398516,0.08236312657114549,
0.1747290510177108,0.14287602431932328,0.07539516149990895,0.14287602431932328,0.0888176126040059,
0.1743940990516333,0.13132244467860907,0.07184877397595114,0.13132244467860907,0.0844789417385594,
0.17392458842272968,0.13927243759957514,0.07039781321487103,0.13927243759957514,0.08259305508205547,
0.16832471150019895,0.1311845072290755,0.06477392946973078,0.1311845072290755,0.08032009394008263,
0.17554941439663113,0.1284379523621529,0.0748458927473157,0.1284379523621529,0.08505443790069817,
0.1736995753715499,0.1403927813163482,0.07060441807330757,0.1403927813163482,0.08342976324365388,
0.16570150039484075,0.134509081337194,0.06470918420910267,0.13450908133719403,0.0787977544730196,
0.1699138502319417,0.13320079522862824,0.06982331718851424,0.13320079522862824,0.08182647325548252,
0.16628914057295135,0.14070619586942038,0.07153566755556343,0.14070619586942038,0.0849507738412756,
0.16888121179909646,0.13526441668881212,0.06748913274704342,0.13526441668881212,0.081505433689937,
0.16203764643938398,0.11741476898775832,0.06827578381715309,0.11741476898775832,0.07747432108754113,
0.16856311193437418,0.13535326806033343,0.07050176187404383,0.13535326806033343,0.08361879142459783,
0.17780429594272076,0.12277910368602493,0.0708505341712187,0.12277910368602493,0.0821715558124523,
0.1722450059531684,0.14168540812276756,0.0680852382023322,0.14168540812276756,0.08149127986307095,
0.17086686898007653,0.13471434226151208,0.0709898297833359,0.13471434226151208,0.08444382402455511,
0.17620561738208798,0.13526762056173822,0.07676542668431363,0.13526762056173822,0.08816320054631745,
0.17148541114058355,0.1413793103448276,0.06581077160876408,0.1413793103448276,0.0817469185241525,
0.16283979941937188,0.12259171285299551,0.06821278428486142,0.12259171285299551,0.07815080506497626,
0.17471872931833224,0.13342157511581734,0.07229197969293064,0.13342157511581734,0.08459507190624989,
0.16765676567656765,0.11894389438943895,0.06882045327550353,0.11894389438943895,0.07869832537008042,
0.17550857598723574,0.13229623720249967,0.07256453215851756,0.13229623720249967,0.08599053136545934,
0.16886022637536194,0.13437746775467227,0.06936275591187145,0.1343774677546723,0.07920622469282518,
0.16480336709193738,0.13507825858213862,0.07082698822239197,0.13507825858213862,0.08227934739761664,
0.16428948758584258,0.13404648705758057,0.06720246754019683,0.13404648705758057,0.08279127039779052,
0.1740691489361702,0.11648936170212766,0.06804190355541975,0.11648936170212766,0.07907406811324556,
