Majority Class Accuracy,Accuracy,Precision,Recall,F Score,Support
0.65806966232385,0.65806966232385,0.433055680471026,0.65806966232385,0.5223612617868919,
0.6478668603883239,0.6478668603883239,0.4197314687894239,0.6478668603883239,0.5094240061245157,
0.6460258780036968,0.6460258780036968,0.41734943505044736,0.6460258780036968,0.5070994820040248,
0.6458878994237821,0.6458878994237821,0.41717117862206565,0.6458878994237821,0.5069253850983598,
0.6482020095187732,0.6482020095187732,0.42016584514417565,0.6482020095187732,0.5098475098532999,
0.6518021573270192,0.6518021573270192,0.4248460522961563,0.6518021573270192,0.5144030723190858,
0.6395502645502645,0.6395502645502645,0.40902454088631335,0.6395502645502645,0.4989472414845549,
0.6402366863905326,0.6402366863905326,0.40990301460032913,0.6402366863905326,0.49980959211728443,
0.656328032592982,0.656328032592982,0.4307664863673744,0.656328032592982,0.5201463452780055,
0.6469889064976229,0.6469889064976229,0.41859464513098976,0.6469889064976229,0.508315075444127,
0.6443217665615142,0.6443217665615142,0.4151505388649504,0.6443217665615142,0.5049504875594792,
0.6443202979515829,0.6443202979515829,0.41514864635241655,0.6443202979515829,0.5049486366732677,
0.6449103375527426,0.6449103375527426,0.41590934348239245,0.6449103375527426,0.5056924185924592,
0.6488579679705959,0.6488579679705959,0.4210166625989309,0.6488579679705959,0.5106766874737132,
0.6474696889826042,0.6474696889826042,0.41921699815123015,0.6474696889826042,0.5089222593346987,
0.6471291866028708,0.6471291866028708,0.4187761841532932,0.6471291866028708,0.5084922148905637,
0.644532279314888,0.644532279314888,0.41542185907884477,0.644532279314888,0.5052158164410242,
0.6517091197043685,0.6517091197043685,0.4247247767058429,0.6517091197043685,0.5142851990571589,
0.645910290237467,0.645910290237467,0.41720010303464894,0.645910290237467,0.5069536359414297,
0.6385478547854786,0.6385478547854786,0.40774336285113666,0.6385478547854786,0.49768868411172407,
0.6433984842441165,0.6433984842441165,0.41396160952762656,0.6433984842441165,0.5037872597503689,
0.6453280318091451,0.6453280318091451,0.416448268638665,0.6453280318091451,0.5062191375670577,
0.6644330574168966,0.6644330574168966,0.44147128778836503,0.6644330574168966,0.5304764716383401,
0.6477861986437974,0.6477861986437974,0.4196269591533813,0.6477861986437974,0.509322094697423,
0.6476380572188956,0.6476380572188956,0.4194350531582654,0.6476380572188956,0.5091349417677862,
0.6384165781083954,0.6384165781083954,0.4075757272036329,0.6384165781083954,0.49752392968849496,
0.6452208305866842,0.6452208305866842,0.41630992022297064,0.6452208305866842,0.5060839402021369,
0.6450072934624055,0.6450072934624055,0.4160344086196977,0.6450072934624055,0.5058146675374672,
0.6435552033808769,0.6435552033808769,0.41416329979860184,0.6435552033808769,0.5039846534471696,
0.6520238885202388,0.6520238885202388,0.4251351512010529,0.6520238885202388,0.5146840238271101,
