Majority Class Accuracy,Accuracy,Precision,Recall,F Score,Support
0.02514890800794176,0.024619457313037725,0.024817223655435993,0.024619457313037725,0.019656158389851342,
0.027693524990109457,0.026506659633390477,0.028258674414596344,0.026506659633390477,0.02127069601724431,
0.024963677189274863,0.02443534539690926,0.023116157188875462,0.02443534539690926,0.018483839628268387,
0.028866525423728813,0.02913135593220339,0.02535438166041607,0.02913135593220339,0.021134392393813588,
0.021946060285563194,0.026705446853516657,0.020812904957330274,0.026705446853516657,0.0188711740038941,
0.025172231054583997,0.02609962904080551,0.023248803099877327,0.02609962904080551,0.01930863859497014,
0.024927075046406788,0.025987801644126226,0.02796508114416054,0.025987801644126226,0.020644530792168936,
0.026692965154503617,0.02616699539776463,0.02504800576403713,0.02616699539776463,0.019927685419522046,
0.025755584756898816,0.026412614980289094,0.02182519045003778,0.026412614980289094,0.01917160684393452,
0.02510515247108307,0.02641955835962145,0.028296515551511036,0.02641955835962145,0.021068295278639897,
0.024594522733315607,0.023663919170433395,0.023456531884740714,0.023663919170433395,0.017147982559158965,
0.02542709574890743,0.0241027678453185,0.022128025242500775,0.0241027678453185,0.01723304940209872,
0.026624489257941215,0.025042836430736785,0.026653272072957514,0.025042836430736785,0.01936030251793132,
0.025901942645698426,0.02616624818289943,0.027748309204113156,0.02616624818289943,0.02023268002280271,
0.022476340694006308,0.028916929547844375,0.028135574092635316,0.028916929547844375,0.021756466387150477,
0.02374635181745821,0.028787476784292915,0.026762691755849447,0.028787476784292915,0.021631373340088467,
0.02671957671957672,0.027777777777777776,0.02639759350512313,0.027777777777777776,0.020602562088469945,
0.029388611912883757,0.024665442141170297,0.02159593709481039,0.024665442141170297,0.017930077072660932,
0.025826854658057716,0.027012781657662407,0.026713086591896164,0.027012781657662407,0.0205971957896268,
0.025992875049478822,0.027312310331178254,0.027841232737999638,0.027312310331178254,0.020761362125779937,
0.027544910179640718,0.02714570858283433,0.024239820799152375,0.02714570858283433,0.020971517871027738,
0.025371368476403314,0.027474694360457474,0.02917556339407953,0.027474694360457474,0.021282091940053326,
0.02391708743024183,0.02763752325272389,0.024498624789150842,0.02763752325272389,0.020334858775265613,
0.02811138973208394,0.027715454665434867,0.02652883837570404,0.027715454665434867,0.020875020097373728,
0.024480614000264654,0.025274579859732697,0.028795783793697276,0.025274579859732697,0.02041235419283931,
0.02590329436769394,0.02763018065887354,0.027878664035514672,0.02763018065887354,0.02053907783418019,
0.02321570708410719,0.025603608384186786,0.024734200507224798,0.025603608384186786,0.01946389583864807,
0.023326706428098077,0.026507620941020542,0.024588174774727245,0.026507620941020542,0.019589245519441894,
0.02506265664160401,0.027041287429099062,0.023769385545717385,0.027041287429099062,0.019822971734131875,
0.025381378221988427,0.02367175170962651,0.021429346379803194,0.02367175170962651,0.017750096680524238,
