Majority Class Accuracy,Accuracy,Precision,Recall,F Score,Support
0.01815531407368142,0.01722767028889478,0.01377580086694997,0.01722767028889478,0.013284032707546247,
0.012366793842915405,0.01881331403762663,0.01893532173817803,0.01881331403762663,0.016125955505407012,
0.014690312334568554,0.015616728427739545,0.013999448274184239,0.015616728427739545,0.01229211473417979,
0.017474707659965838,0.018000262777558798,0.017326166328401622,0.018000262777558798,0.013990818921384323,
0.018294287970518557,0.020136878125822585,0.01852294449190349,0.020136878125822585,0.0163624940106779,
0.017650158061116965,0.019230769230769232,0.017983166305536143,0.019230769230769232,0.015322117871023508,
0.017446471054718478,0.021147237642083004,0.018808404873750885,0.021147237642083004,0.01683885740017577,
0.017543859649122806,0.019537480063795853,0.019063803701599092,0.019537480063795853,0.015878509725338802,
0.017550804961731326,0.019266297176035892,0.020166930753653504,0.019266297176035892,0.016518538188625927,
0.013818761626361946,0.02112676056338028,0.020392614564025552,0.02112676056338028,0.017096004447849766,
0.017187090002623983,0.019286276567829965,0.018410322116968605,0.019286276567829965,0.01630311676431857,
0.01869530628480509,0.02028639618138425,0.01904149222898679,0.02028639618138425,0.016423109677250573,
0.02082504310916567,0.021222973869213423,0.02175306172167933,0.021222973869213423,0.01884368834639038,
0.018087511637185794,0.024072350046548743,0.021351329564329224,0.024072350046548743,0.01995707537310297,
0.018860458981798996,0.020179372197309416,0.016616612657424652,0.020179372197309416,0.01607041797250416,
0.015904572564612324,0.020013253810470512,0.018225659755086405,0.020013253810470512,0.016738042533671442,
0.019957705524715832,0.01718213058419244,0.01683076006290344,0.01718213058419244,0.014610708447159277,
0.01956636700158646,0.017318878900052882,0.016203443176228554,0.017318878900052882,0.01419809732673629,
0.018134377038486627,0.019178082191780823,0.01705640530338715,0.019178082191780823,0.015024930546546508,
0.015728257996299233,0.020222045995241873,0.020026618808148395,0.020222045995241873,0.016970460635781205,
0.02027027027027027,0.020137784843667197,0.01916266092992476,0.020137784843667197,0.016633329811734317,
0.018797987821021975,0.020916070955785016,0.019347706785176774,0.020916070955785016,0.017452821404776386,
0.019846520243450648,0.018391108758930935,0.015025845707051705,0.018391108758930935,0.013763195544102104,
0.017654808959156786,0.017786561264822136,0.015858437392255998,0.017786561264822136,0.014088383425581616,
0.019651806911105248,0.019388024268003165,0.01674711427340097,0.019388024268003165,0.015237102220556178,
0.01743644349793691,0.018501264474910156,0.017240883157548847,0.018501264474910156,0.014977841986710271,
0.020214030915576695,0.019024970273483946,0.01872161519424707,0.019024970273483946,0.016236680051587182,
0.019696566409369176,0.01943039659302635,0.017971790982568236,0.01943039659302635,0.015561365024413477,
0.01608684279361758,0.017263928851687156,0.015426798891185782,0.017263928851687156,0.014020088670106626,
0.017580964970257767,0.01903502974223397,0.014676180786712846,0.01903502974223397,0.013882531145593928,
