Majority Class Accuracy,Accuracy,Precision,Recall,F Score,Support
0.6441839019891977,0.6441839019891977,0.4149728995820283,0.6441839019891977,0.504776745569614,
0.6465597242476468,0.6465597242476468,0.41803947701919314,0.6465597242476468,0.5077732327142952,
0.649511744523621,0.649511744523621,0.42186550627411756,0.649511744523621,0.511503489047242,
0.6523859741629318,0.6523859741629318,0.42560745928451743,0.6523859741629318,0.5151429096342001,
0.645475143276023,0.645475143276023,0.4166381605872023,0.645475143276023,0.5064046847376931,
0.6510233346369443,0.6510233346369443,0.4238313822418068,0.6510233346369443,0.5134165863682433,
0.647330866807611,0.647330866807611,0.419037251121893,0.647330866807611,0.5087469185033265,
0.6452815120457873,0.6452815120457873,0.41638822978809753,0.6452815120457873,0.506160467664101,
0.6395912485261365,0.6395912485261365,0.4090769651912221,0.6395912485261365,0.49899871758763065,
0.6494736842105263,0.6494736842105263,0.4218160664819945,0.6494736842105263,0.5114553454472173,
0.6468563864990072,0.6468563864990072,0.41842318475455303,0.6468563864990072,0.5081477512973234,
0.6423233250295005,0.6423233250295005,0.4125792538769533,0.6423233250295005,0.5024336530926908,
0.6436614121075639,0.6436614121075639,0.4143000134363032,0.6436614121075639,0.5041184399469137,
0.6456329864313002,0.6456329864313002,0.4168419531681995,0.6456329864313002,0.5066037890649701,
0.6516913319238901,0.6516913319238901,0.42470159210473385,0.6516913319238901,0.5142626638477801,
0.6523411593049476,0.6523411593049476,0.42554898812332304,0.6523411593049476,0.5150861076441732,
0.6439735099337748,0.6439735099337748,0.41470188149642556,0.6439735099337748,0.504511634756367,
0.6509969628944936,0.6509969628944936,0.42379704569785465,0.6509969628944936,0.513383192365009,
0.6497137531620291,0.6497137531620291,0.42212796104789,0.6497137531620291,0.511759037273941,
0.6521912881310776,0.6521912881310776,0.42535347631407433,0.6521912881310776,0.5148961616850369,
0.6592356687898089,0.6592356687898089,0.4345916670047466,0.6592356687898089,0.5238456178099441,
0.6448289525822216,0.6448289525822216,0.415804378088285,0.6448289525822216,0.5055898091233287,
0.6552638557411827,0.6552638557411827,0.4293707206408015,0.6552638557411827,0.5187942927063321,
0.6521106259097526,0.6521106259097526,0.4252482684244092,0.6521106259097526,0.5147939390441747,
0.6552042160737813,0.6552042160737813,0.4292925647608583,0.6552042160737813,0.5187185491578308,
0.6583101207056639,0.6583101207056639,0.4333722150235057,0.6583101207056639,0.5226672738861318,
0.6473873155165536,0.6473873155165536,0.4191103362917298,0.6473873155165536,0.5088182145682162,
0.6446400420388859,0.6446400420388859,0.41556078379989664,0.6446400420388859,0.5053516552895301,
0.6517164277258977,0.6517164277258977,0.42473430216780517,0.6517164277258977,0.5142944576177454,
0.6460681607213897,0.6460681607213897,0.4174040682979195,0.6460681607213897,0.5071528363867898,
