Majority Class Accuracy,Accuracy,Precision,Recall,F Score,Support
0.1439133879059942,0.14378135727488778,0.037609176428934625,0.14378135727488778,0.048598983044253204,
0.15194580953645903,0.15234426882720148,0.03862778787791743,0.15234426882720148,0.04262812776391807,
0.1470510795155345,0.1467877830437072,0.03227542250836804,0.1467877830437072,0.03918541950464635,
0.1616121308858739,0.16081404628890664,0.040304898780105146,0.16081404628890664,0.05018986100222411,
0.15299100052938064,0.15352038115404976,0.037742644240799324,0.15352038115404976,0.0448343149472663,
0.15586297760210804,0.15586297760210804,0.033994139725522704,0.15586297760210804,0.043618775204780684,
0.1509832387488452,0.1508512603932955,0.03179393037373196,0.1508512603932955,0.04012923892073708,
0.1600845330867785,0.15995245013868709,0.04517666387362721,0.15995245013868709,0.04588335631382234,
0.151050614510374,0.1511827672789745,0.03496709406579378,0.1511827672789745,0.040470318925795515,
0.15445754404556894,0.15485494767518876,0.041439457353336144,0.15485494767518876,0.045753057309440535,
0.15384615384615385,0.15424334701443135,0.03872497204714702,0.15424334701443135,0.045654841934071363,
0.1558216899534265,0.1558216899534265,0.033247168010223586,0.1558216899534265,0.043131952988869876,
0.15699882152677752,0.1571297629959408,0.04273776625910506,0.1571297629959408,0.050430347073916894,
0.16153437748871782,0.16047252455534908,0.040048711210712656,0.16047252455534908,0.05005626717614298,
0.15706737120211361,0.1595772787318362,0.042760617231212814,0.1595772787318362,0.05313258434351504,
0.15684976836532097,0.15632031767041693,0.03742540659821463,0.15632031767041693,0.04552461411377861,
0.15690710673409636,0.1573063614586106,0.039438857504661834,0.1573063614586106,0.05205202885428118,
0.15269500728380347,0.15322473844523904,0.03719327921688873,0.15322473844523904,0.04872053816756829,
0.16281831376171,0.1618947090645204,0.037958120349994406,0.1618947090645204,0.050427468972070545,
0.15062152869611214,0.14956360751124043,0.029232350404169438,0.14956360751124043,0.039749899681217206,
0.16431800053177348,0.1627226801382611,0.04090392655868801,0.1627226801382611,0.05669899262389823,
0.1557377049180328,0.15626652564780538,0.042592568947954254,0.15626652564780538,0.04830644953774077,
0.1558562143520361,0.15691736304549675,0.03765531704778355,0.15691736304549675,0.05078346698492248,
0.1610001322926313,0.1610001322926313,0.04079824100416776,0.1610001322926313,0.04821309333693329,
0.15678524374176547,0.15559947299077734,0.03759812276649891,0.15559947299077734,0.05063911728413269,
0.16101917520357237,0.16088783819280272,0.03558895094874411,0.16088783819280272,0.0488087406356939,
0.15085577816107204,0.15085577816107204,0.036470509154828155,0.15085577816107204,0.043494183375881755,
0.15589099652685012,0.1570932407160032,0.042635381421441486,0.1570932407160032,0.04725517790628886,
0.15600749264115601,0.15600749264115601,0.045141829267462165,0.15600749264115601,0.047625211989071686,
0.1550732217573222,0.1533734309623431,0.039379355841871556,0.1533734309623431,0.04681837584130245,
