Majority Class Accuracy,Accuracy,Precision,Recall,F Score,Support
0.011918951132300357,0.011256787180505894,0.007981530922415887,0.011256787180505894,0.007523857111371933,
0.011268343815513627,0.010875262054507338,0.012546568823542487,0.010875262054507338,0.007579467138702251,
0.009339647461194422,0.011049723756906077,0.006463306586000012,0.011049723756906077,0.006709989207699688,
0.011219640971488913,0.011351636747624076,0.01108763092247475,0.011351636747624076,0.0077150981202566,
0.010769844435580374,0.011833532774896955,0.009476344291848687,0.011833532774896955,0.00722453097541223,
0.014105123087159015,0.011976047904191617,0.010641966816230006,0.011976047904191617,0.008123771415289438,
0.01103086014445174,0.01076822061720289,0.011666067073523217,0.01076822061720289,0.007682425273456438,
0.011972861513901822,0.012638020486896369,0.018645243482722004,0.012638020486896369,0.009207436428343142,
0.011857180921929123,0.012523314681588063,0.014134599778409473,0.012523314681588063,0.008445651537045736,
0.013638771186440678,0.012314618644067797,0.01759315366510265,0.012314618644067797,0.00893695987536982,
0.013696808510638299,0.011436170212765957,0.014227291736336852,0.011436170212765957,0.008213984928542844,
0.009962805526036131,0.010892667375132838,0.009214426887386846,0.010892667375132838,0.006991809308051128,
0.012134001582695859,0.011342653653389607,0.010597647562783509,0.011342653653389607,0.008201255854666543,
0.012040308860096846,0.013349038084020416,0.01908422170460033,0.013349038084020416,0.009955115064892274,
0.01263157894736842,0.010263157894736842,0.013762725671714928,0.010263157894736842,0.007199515633543434,
0.011197470688973785,0.010934000790409695,0.01349072686236438,0.010934000790409695,0.007828814856167963,
0.012612851832182687,0.012081784386617101,0.016264777080568,0.012081784386617101,0.008116934001382609,
0.012072167683735738,0.011674184133722473,0.009839450577694291,0.011674184133722473,0.0075978728446723445,
0.011543054265622927,0.009552872495687939,0.012374455827774107,0.009552872495687939,0.006990540981492767,
0.012666578704314554,0.011611030478955007,0.010544094305924852,0.011611030478955007,0.0077820756166411984,
0.01445466491458607,0.011563731931668857,0.010035450788565582,0.011563731931668857,0.0073118613329044855,
0.012249736564805058,0.009483667017913594,0.007387115183480479,0.009483667017913594,0.006264451258034383,
0.012828990874222986,0.011109641581801348,0.01330029017525186,0.011109641581801348,0.007329169933306907,
0.011789363374377783,0.010872412889703956,0.007419642922935669,0.010872412889703956,0.0066391854143103375,
0.012812045964865936,0.013340377757231542,0.016206189820920938,0.013340377757231542,0.009873526976168025,
0.011968959621202157,0.010522162304353544,0.007643781549470999,0.010522162304353544,0.0069491102398062665,
0.011758488571806051,0.012683313515655966,0.01311187354942291,0.012683313515655966,0.007629636814228375,
0.011270220100769026,0.011933174224343675,0.012603287950425488,0.011933174224343675,0.008788530340289761,
0.012940710418592368,0.012016373960121484,0.012070844274847276,0.012016373960121484,0.008606491107818923,
0.014345880494867071,0.011055540931824164,0.008648697196070884,0.011055540931824164,0.006950987786244032,
