Majority Class Accuracy,Accuracy,Precision,Recall,F Score,Support
0.20121951219512196,0.18451749734888653,0.0737384833850229,0.18451749734888653,0.09284057455323586,
0.21031064111037673,0.1997356245869134,0.07730322498589517,0.1997356245869134,0.09157096694940772,
0.19441531200839013,0.1793392763502884,0.0660049406448707,0.1793392763502884,0.08742682857262941,
0.19963201471941122,0.1857011433828361,0.08020505322474722,0.1857011433828361,0.09451557072901795,
0.1946949602122016,0.18992042440318302,0.06632141122536989,0.18992042440318302,0.08338323386801993,
0.1927758146839419,0.1881952624002094,0.07459131919494429,0.1881952624002094,0.08716653306609251,
0.1968816067653277,0.18604651162790697,0.0677122482403774,0.18604651162790697,0.0815653235584401,
0.1982414068745004,0.19184652278177458,0.07339143879414546,0.19184652278177458,0.08629267688766547,
0.20511805830365387,0.19416963461284792,0.07834626103208113,0.19416963461284792,0.09328160273604535,
0.2034010894114521,0.19649262654444002,0.06466696211127351,0.19649262654444002,0.08526084044306996,
0.19873567759778743,0.17884893981298564,0.0809769176551987,0.17884893981298564,0.09518225651304534,
0.1927180581488397,0.18671645772205922,0.08071120431369835,0.18671645772205922,0.09051953938803499,
0.19794140934283452,0.19279493269992082,0.07678853547269987,0.19279493269992082,0.08924718221131926,
0.20047355958958168,0.19218626677190212,0.07844733585780043,0.19218626677190212,0.08996673954875538,
0.2003454231433506,0.19489836588282183,0.08485815580771323,0.19489836588282183,0.08605644735865621,
0.1894862288135593,0.1774364406779661,0.06931439398081218,0.1774364406779661,0.08666199633192201,
0.19848645778013807,0.19237918215613384,0.07046532979837908,0.19237918215613384,0.08424935781403382,
0.19890462196099384,0.19289340101522842,0.07431601608097792,0.19289340101522842,0.08630920065237078,
0.19508305647840532,0.18750830564784055,0.06937376586760023,0.18750830564784055,0.08330842483600824,
0.1977363515312916,0.18948069241011983,0.09831512342375448,0.18948069241011983,0.08790451744419454,
0.2,0.17713152676801058,0.0676643233539841,0.17713152676801058,0.09236989615098079,
0.2034190299496422,0.1971905645375033,0.07236675476854705,0.1971905645375033,0.08715049495452534,
0.19941504918904546,0.19143844722148365,0.07378740944293079,0.19143844722148365,0.08933689101356315,
0.20182034032449545,0.19865453106450337,0.07287656356801873,0.19865453106450337,0.08899643918821758,
0.20121388045916347,0.17733210186040374,0.07447597080689213,0.17733210186040374,0.08545887049617827,
0.19481727574750832,0.1869767441860465,0.07333518061649082,0.1869767441860465,0.0835119607634158,
0.19720372836218375,0.18948069241011983,0.07508742538822578,0.18948069241011983,0.0844855868075992,
0.2035667107001321,0.19392338177014531,0.07534623134431793,0.19392338177014531,0.09102290967550566,
0.1969055805342502,0.19478973816450673,0.07053094308140027,0.19478973816450673,0.08693639421133408,
0.19052032305044353,0.18826956176353768,0.0733233696021279,0.18826956176353768,0.07989494246520752,
