Majority Class Accuracy,Accuracy,Precision,Recall,F Score,Support
0.010628526440099725,0.012465555701351529,0.011726012991152878,0.012465555701351529,0.010976447604123382,
0.010698718795403513,0.01135913353586052,0.010227617551257296,0.01135913353586052,0.009719931500395473,
0.010845126306044174,0.012432217960587223,0.011550188913565284,0.012432217960587223,0.01016707211852905,
0.010958542381832585,0.011486664906258251,0.012740597448159086,0.011486664906258251,0.010779880184155873,
0.012552854122621564,0.010702959830866807,0.009372969889225645,0.010702959830866807,0.009262356938484553,
0.0112463614712887,0.012701772955808415,0.014010524530958699,0.012701772955808415,0.011892420668128064,
0.015380535666931849,0.013789445770352692,0.01315920306913336,0.013789445770352692,0.011945536729427272,
0.01244209133024487,0.013236267372600927,0.012610877113548163,0.013236267372600927,0.011520074737612584,
0.013201320132013201,0.013465346534653465,0.01374058982639513,0.013465346534653465,0.012145855095468434,
0.011369645690111053,0.013881544156530937,0.013824895806695952,0.013881544156530937,0.01237885261214599,
0.01613329806929384,0.010050251256281407,0.010551830472716156,0.010050251256281407,0.009286173117043068,
0.013684070678889331,0.013285505513484789,0.013397622742042026,0.013285505513484789,0.011563909351671776,
0.014742661576938265,0.011715150717388443,0.010415980248230657,0.011715150717388443,0.009767026177674778,
0.013090043633478779,0.01322226629644321,0.013352131092575811,0.01322226629644321,0.011684435896114502,
0.011407348454702215,0.013529645841623557,0.013168046779219006,0.013529645841623557,0.012051230735467903,
0.011987880384666052,0.01396390462389672,0.014769318653703387,0.01396390462389672,0.013014269495631036,
0.010187880391638,0.012304842550939402,0.012321467848679109,0.012304842550939402,0.010595643732490839,
0.00951625693893735,0.012027491408934709,0.01246452109905244,0.012027491408934709,0.011278984152709006,
0.012019548276317528,0.01320829480914014,0.013651251504469136,0.01320829480914014,0.012474980940346343,
0.01160643629649169,0.012002110261144817,0.011647111811543731,0.012002110261144817,0.010449638643071269,
0.013535031847133758,0.012473460721868366,0.011911686130194157,0.012473460721868366,0.01085315437729409,
0.01287102705542422,0.011426319936958234,0.009678956319564837,0.011426319936958234,0.00947794893387006,
0.01420380505603336,0.013552254365389628,0.012917571912280518,0.013552254365389628,0.011874862501462281,
0.011663353214049038,0.011928429423459244,0.012705040301329146,0.011928429423459244,0.010469348801808729,
0.013370399788191687,0.012178978024887478,0.012192503735797352,0.012178978024887478,0.011045081067183866,
0.009507460715700515,0.011752277829129803,0.00991561877168234,0.011752277829129803,0.009997941133339941,
0.01209889531825355,0.01209889531825355,0.01451125495430165,0.01209889531825355,0.011407923610192479,
0.011589622020281838,0.01382852627419992,0.01636452108172268,0.01382852627419992,0.012778412987425505,
0.010929681327363707,0.00948116934421912,0.00963532748254317,0.00948116934421912,0.008341051815713877,
0.014198513800424629,0.011544585987261146,0.010046078641583233,0.011544585987261146,0.010071195868241482,
