Majority Class Accuracy,Accuracy,Precision,Recall,F Score,Support
0.18550106609808104,0.18803304904051174,0.05447742722028093,0.18803304904051174,0.07221516261435174,
0.18257206792154798,0.18257206792154798,0.05408366824475953,0.18257206792154798,0.06183119131099579,
0.18619861185264283,0.18633208756006406,0.05482205367175785,0.18633208756006406,0.0681489277680163,
0.1857386289159785,0.18704941669943637,0.05697479306840929,0.18704941669943637,0.0679258616118562,
0.18925696185825525,0.18806915665830803,0.05098884638209159,0.18806915665830803,0.064833726899047,
0.18711455189607662,0.18645847001705812,0.050727654321193985,0.18645847001705812,0.06811379508681858,
0.1872025383395029,0.1861448968799577,0.052860015061998396,0.1861448968799577,0.06301761612610156,
0.19859565447800742,0.1971383147853736,0.05435123576400614,0.1971383147853736,0.07013035614922114,
0.18432453721937772,0.18471839306813706,0.05384511616583971,0.18471839306813706,0.05876828126929816,
0.1889669805065641,0.18817133006232595,0.048914220840548056,0.18817133006232595,0.06294314386650503,
0.1914837344617826,0.1902935731288019,0.05624339435715557,0.1902935731288019,0.06900553723298362,
0.1913735899137359,0.1920371599203716,0.05299004644990046,0.1920371599203716,0.07027639629039281,
0.19131470938699854,0.18628359592215013,0.047091575861544124,0.18628359592215013,0.06720845679319544,
0.18992196799365163,0.1903187409072874,0.0557436851511754,0.1903187409072874,0.06625170230228714,
0.18827732204286848,0.18840963217782483,0.05243555963050693,0.18840963217782483,0.0622589708488498,
0.1880443388756928,0.1881762998152547,0.052869039510620094,0.1881762998152547,0.06208818495614907,
0.1925343811394892,0.1925343811394892,0.06651484211433493,0.1925343811394892,0.06338231252386306,
0.1867606008241393,0.1864947494350658,0.05167629852287885,0.1864947494350658,0.062165249352556455,
0.19087793303453732,0.1911415765884524,0.06807711967086374,0.1911415765884524,0.06176627673658433,
0.1793727857236583,0.17884792022044352,0.043078484187914594,0.17884792022044352,0.0557925149315523,
0.18079320864836185,0.18092585223504443,0.053204405873310316,0.18092585223504443,0.06127402260208771,
0.18691713296029844,0.18678390620836663,0.05203760651316163,0.18678390620836663,0.06895220824437055,
0.18474687705456935,0.1834319526627219,0.04896836117281747,0.1834319526627219,0.0623687799355439,
0.18760711931443638,0.18813447593935398,0.052841175529352566,0.18813447593935398,0.06698690957733336,
0.18969153704191932,0.188900606380174,0.05398730325523322,0.188900606380174,0.07155909343730724,
0.1871559633027523,0.18479685452162517,0.05041870295104346,0.18479685452162517,0.0701070608764926,
0.18136482939632545,0.18359580052493438,0.05359152688998533,0.18359580052493438,0.06827788943852503,
0.18686868686868688,0.18700159489633175,0.06633800208128317,0.18700159489633175,0.059134821963970255,
0.1927311314497944,0.19365963655657248,0.05579698172723713,0.19365963655657248,0.06788936701743051,
0.1871222076215506,0.18764783180026282,0.05308032866613881,0.18764783180026282,0.06561256106808531,
