Majority Class Accuracy,Accuracy,Precision,Recall,F Score,Support
0.029431086585205622,0.037971357246091186,0.03339525893986423,0.037971357246091186,0.027960679641815905,
0.02898357152397489,0.03819954587952451,0.03168891083685973,0.03819954587952451,0.02666177472362803,
0.027471798274717983,0.03463835434638354,0.029330709873533152,0.03463835434638354,0.02385433762011608,
0.028647214854111407,0.03395225464190981,0.029783540302067202,0.03395225464190981,0.02472786616827262,
0.028409090909090908,0.03686575052854123,0.03398256183996562,0.03686575052854123,0.027291526548915077,
0.03217821782178218,0.03817092235539343,0.03833258434480962,0.03817092235539343,0.027925517173445137,
0.029177718832891247,0.034084880636604774,0.02789868191208203,0.034084880636604774,0.02512888411009475,
0.02957876667106827,0.03789779479730622,0.03172819039664022,0.03789779479730622,0.02730252323698695,
0.028320702034303948,0.03390506581571599,0.027520859088107304,0.03390506581571599,0.023519878818211864,
0.029945673777659998,0.03299324234795283,0.02965322384817767,0.03299324234795283,0.0242372184488027,
0.027521727679747168,0.0358177508559389,0.029830554984533377,0.0358177508559389,0.02505633668626008,
0.024016891000263923,0.037872789654262336,0.03127186655583637,0.037872789654262336,0.025787925015076256,
0.029776021080368906,0.03965744400527009,0.030665900255880903,0.03965744400527009,0.027290521742451182,
0.030818278427205102,0.03732731137088204,0.02910969481565258,0.03732731137088204,0.024107469209164515,
0.029614873837981406,0.036254980079681275,0.03972250771532141,0.036254980079681275,0.027834373462946985,
0.030074191838897722,0.03616852146263911,0.030253095376082798,0.03616852146263911,0.026725605412847988,
0.02955145118733509,0.03799472295514512,0.03616156818028324,0.03799472295514512,0.02668799548454919,
0.02589297570043819,0.03731244190678529,0.030390834464662765,0.03731244190678529,0.025524545293112454,
0.027547120073810466,0.03558718861209965,0.03612283235893921,0.03558718861209965,0.027339301159043993,
0.028714436248682824,0.03306111696522655,0.026803635485812164,0.03306111696522655,0.022305922227938774,
0.030823714585519413,0.03830010493179433,0.035191479407736766,0.03830010493179433,0.02631199847779971,
0.029605263157894735,0.034736842105263156,0.02978870394400887,0.034736842105263156,0.025912511344051557,
0.02784038181095055,0.03433647090017235,0.03154460431459643,0.03433647090017235,0.024715421276441777,
0.03084866940288627,0.03720376009532636,0.028168211129932556,0.03720376009532636,0.024774916202415644,
0.02774841437632135,0.032108879492600426,0.031105295151800834,0.032108879492600426,0.02284660981659624,
0.029691211401425176,0.03246239113222486,0.024936647195653167,0.03246239113222486,0.020918641329831237,
0.02794990112063283,0.032300593276203035,0.027337858215538628,0.032300593276203035,0.023829702366912595,
0.02697699021422904,0.03742396191483734,0.030972080045401577,0.03742396191483734,0.026717940738641158,
0.027689454160042395,0.03577106518282989,0.03128888264129035,0.03577106518282989,0.026345734997864724,
0.03188405797101449,0.03741765480895916,0.0292279262514881,0.03741765480895916,0.02258790610892708,
