Majority Class Accuracy,Accuracy,Precision,Recall,F Score,Support
0.17372435560231458,0.17398737506575487,0.06631043451652582,0.17398737506575487,0.05339272843890196,
0.18284424379232506,0.18244589032001063,0.03615473387566469,0.18244589032001063,0.05691565243969535,
0.1785478111360931,0.1786800687739717,0.051877248163035315,0.1786800687739717,0.0546542641750004,
0.1823974512146555,0.18226470197796363,0.05384741300402062,0.18226470197796363,0.056750637942351606,
0.1775046259582342,0.1773724557229712,0.031505251691039585,0.1773724557229712,0.05350656065497535,
0.1887741593857559,0.18784749801429707,0.04075394402900263,0.18784749801429707,0.060730497621083374,
0.1749802058590657,0.1749802058590657,0.030618072442481013,0.1749802058590657,0.05211674594993736,
0.17182764527605746,0.17143233627618923,0.04376315612946005,0.17143233627618923,0.05156758036834804,
0.18575400503111347,0.18204686879385676,0.04326280641185959,0.18204686879385676,0.059767989782469014,
0.17978272390037095,0.1795177530471648,0.05611116480792274,0.1795177530471648,0.056198647388974204,
0.1893152144950706,0.18811617372768452,0.04962558110340174,0.18811617372768452,0.06364506405001133,
0.17664194915254236,0.17558262711864406,0.04508615346776999,0.17558262711864406,0.058037653499356384,
0.175,0.175,0.030624999999999996,0.175,0.052127659574468084,
0.1750364383198622,0.17424142043195973,0.03700828691712122,0.17424142043195973,0.05382052483492563,
0.17473010795681726,0.17459682793549247,0.04761574493579897,0.17459682793549247,0.0532418995614327,
0.18261679755091176,0.18261679755091176,0.033353334163984415,0.18261679755091176,0.05640482805939913,
0.17203445990722332,0.17190192180251823,0.03952886228726929,0.17190192180251823,0.0510458455965857,
0.17253707627118645,0.17240466101694915,0.029908570537223372,0.17240466101694915,0.0509741940787576,
0.1811911394084096,0.1811911394084096,0.03283022900011773,0.1811911394084096,0.05558834282580292,
0.17587074559660973,0.17587074559660973,0.04824533228740423,0.17587074559660973,0.057272393959731306,
0.17358092980376663,0.1731858290530752,0.04528319486189109,0.1731858290530752,0.05202215679951683,
0.17172120244745942,0.1713221601489758,0.044343148521643797,0.1713221601489758,0.051522592877102286,
0.18451356717405692,0.18451356717405692,0.03404525647129522,0.18451356717405692,0.05748394516496487,
0.1754037595975642,0.17566851998940958,0.04472725610507406,0.17566851998940958,0.05376735734659307,
0.1751188589540412,0.1751188589540412,0.030666614761365375,0.1751188589540412,0.052193213525074986,
0.18095739084692267,0.18069437138348238,0.04735431971230738,0.18069437138348238,0.05565126942340174,
0.17880099698281515,0.17840745113472387,0.03621703201620926,0.17840745113472387,0.055132388668279624,
0.17394736842105263,0.17394736842105263,0.030257686980609416,0.17394736842105263,0.05154862610460246,
0.1746325963193433,0.1746325963193433,0.036461006638763185,0.1746325963193433,0.05258209578308899,
0.17572944297082227,0.1759946949602122,0.05903773823607251,0.1759946949602122,0.05335261445482468,
