Majority Class Accuracy,Accuracy,Precision,Recall,F Score,Support
0.03320261437908497,0.03790849673202614,0.03811365089225706,0.03790849673202614,0.034327405312044826,
0.035977859778597784,0.03953610964681075,0.03706048808635227,0.03953610964681075,0.03370074189785701,
0.03336836573830793,0.03796636889122438,0.03728119467082692,0.03796636889122438,0.03384444407843215,
0.0341925302472383,0.041031036296685953,0.03814498918172373,0.041031036296685953,0.036010890136146015,
0.03565252095250765,0.03857922043368365,0.03506281817667149,0.03857922043368365,0.03197958263942663,
0.03629353895240627,0.03390055836213773,0.031150632511159067,0.03390055836213773,0.029478420769643777,
0.03360569319978914,0.04085397996837111,0.039333054728980486,0.04085397996837111,0.036046172702359026,
0.03336398266123736,0.03559700512281624,0.03021929674489084,0.03559700512281624,0.027315578807237853,
0.03829899630216588,0.03882725832012678,0.03444456482386693,0.03882725832012678,0.03260852960875545,
0.03456920438052514,0.039319171394643096,0.035576035708853114,0.039319171394643096,0.03325818389708347,
0.032634338138925294,0.03512450851900393,0.03216328048051155,0.03512450851900393,0.02987763295908155,
0.0282981789597799,0.037992925455260056,0.034847173402112686,0.037992925455260056,0.032206321813405284,
0.03118421052631579,0.038026315789473686,0.03621199047111774,0.038026315789473686,0.032807324484979396,
0.035233570863024546,0.039192399049881234,0.036375155739305144,0.039192399049881234,0.033066022024323835,
0.0333990795529257,0.0440499671268902,0.04067736274671617,0.0440499671268902,0.036581342056863204,
0.0315872598052119,0.03843116609634114,0.03816579448512069,0.03843116609634114,0.03519005616494541,
0.035136568549456376,0.038583929992044554,0.03755995753522642,0.038583929992044554,0.03413994124549128,
0.03355793367683974,0.040692297529396224,0.03744902830744356,0.040692297529396224,0.03484224074517208,
0.034902168164992066,0.0411158117398202,0.04039635175849567,0.0411158117398202,0.03671118221593636,
0.03236416261018287,0.03960005262465465,0.037975161217072596,0.03960005262465465,0.035016693684751604,
0.033703409992069784,0.038329368226275445,0.03620209238598097,0.038329368226275445,0.03235899374656434,
0.0352738363612253,0.03872165495292402,0.03588682203515976,0.03872165495292402,0.03273979487636019,
0.03254829319925907,0.03797300873246891,0.03887140160749723,0.03797300873246891,0.03447137789990499,
0.03255447624048307,0.037673930165397745,0.03636856059212141,0.037673930165397745,0.03234011958114331,
0.03323222998813135,0.03547408677304497,0.035045122455864684,0.03547408677304497,0.03116770217669446,
0.03226656130646648,0.03160806005531411,0.030368510478742006,0.03160806005531411,0.028140142862794506,
0.03673953120884909,0.038846457729786676,0.036878246821349436,0.038846457729786676,0.033303866446154226,
0.029562475364603862,0.03678885823150703,0.03234855065375235,0.03678885823150703,0.030877515140365852,
0.03249434012518311,0.04181648688240778,0.03817569010853283,0.04181648688240778,0.034919029946965434,
0.03642164030307058,0.04067526252824671,0.03826183958305603,0.04067526252824671,0.03451446543983653,
