Majority Class Accuracy,Accuracy,Precision,Recall,F Score,Support
0.042033363982661234,0.04466044923157757,0.04372017307285769,0.04466044923157757,0.034208940475478525,
0.040290620871862616,0.04544253632760898,0.04765013429456585,0.04544253632760898,0.03716873520797798,
0.04225163791950796,0.04372242278379462,0.03768977643898227,0.04372242278379462,0.030576774173867557,
0.04061383780923403,0.04273051991004101,0.04371705815564347,0.04273051991004101,0.03522276450766409,
0.04034278180619644,0.043506921555702044,0.041287828547230974,0.043506921555702044,0.03411146766006132,
0.03726296247182071,0.041241214693011535,0.04594195918531105,0.041241214693011535,0.034047889254132435,
0.042442788717402875,0.040047897817988294,0.037175518683314854,0.040047897817988294,0.030847617659194432,
0.0423728813559322,0.04171080508474576,0.04144717458839669,0.04171080508474576,0.03268662261611991,
0.039609189331925004,0.04145761816741484,0.040109675848199376,0.04145761816741484,0.031212276976885146,
0.03644526607685197,0.0437079096791232,0.0411891077110073,0.0437079096791232,0.036239950409257364,
0.040436286246342115,0.0429635541367385,0.04219444608460378,0.0429635541367385,0.03432595111847898,
0.03728273849011543,0.04842775640175136,0.04503890755610281,0.04842775640175136,0.03528610710760606,
0.039444076770350764,0.0414295168762409,0.03795948996656022,0.0414295168762409,0.030995197646636052,
0.039942188937064776,0.04243857574563132,0.040793084339323174,0.04243857574563132,0.03420315462686265,
0.04098036631967321,0.04071682698642772,0.035835493779088116,0.04071682698642772,0.03099675140739199,
0.043553312973044746,0.03877307130527154,0.04134022545287376,0.03877307130527154,0.03137517767597651,
0.03683094859565448,0.0417329093799682,0.04083006023393088,0.0417329093799682,0.03322388318132872,
0.04472507234938174,0.040384109444882924,0.03824304192427801,0.040384109444882924,0.031242623644574665,
0.043478260869565216,0.04202014846235419,0.04272358543551981,0.04202014846235419,0.03263531629396933,
0.04014308426073132,0.04491255961844197,0.04454535731555239,0.04491255961844197,0.03704094888149943,
0.04163362410785091,0.040444091990483745,0.04226414661080094,0.040444091990483745,0.03195384845661016,
0.03783783783783784,0.047330257086354646,0.047444453734061934,0.047330257086354646,0.03707560465900487,
0.035544397463002114,0.04056553911205074,0.04033193734023152,0.04056553911205074,0.03238245648545508,
0.039014103071042576,0.04402267035718993,0.04261006739762847,0.04402267035718993,0.035388163970433345,
0.043174016371798254,0.04357010826511751,0.04733668065728637,0.04357010826511751,0.03324314835643769,
0.041011984021304924,0.045938748335552594,0.04071641098025574,0.045938748335552594,0.033839639647519196,
0.03948065712771595,0.04213036565977742,0.043380421028858605,0.04213036565977742,0.03268761772528138,
0.036817882971729124,0.04168310322156476,0.04253034511250829,0.04168310322156476,0.032025663744615795,
0.042406573018817915,0.04532202491386165,0.04494176982502397,0.04532202491386165,0.03478178742479346,
0.038742205121401085,0.04139578081464774,0.03641696346178531,0.04139578081464774,0.02986796018619556,
