Majority Class Accuracy,Accuracy,Precision,Recall,F Score,Support
0.5464855598048266,0.5078464987471977,0.34592205075847343,0.5078464987471977,0.3954521196775637,
0.5473864836325237,0.46238120380147835,0.3386259821233225,0.46238120380147835,0.3860790484053939,
0.5503240312128025,0.45404047083719085,0.34285095874355775,0.45404047083719085,0.3846740711274302,
0.5536492015309489,0.5219743961990233,0.35103645738590106,0.5219743961990233,0.3991808380172054,
0.5534341023601167,0.5175019888623708,0.34838990197749226,0.5175019888623708,0.39822538672831825,
0.5534532945223604,0.5160095263297169,0.347468120041648,0.5160095263297169,0.39847899419940586,
0.5411186395642354,0.44068021788229045,0.329812504094641,0.44068021788229045,0.372865937395573,
0.5518661176783105,0.5242396068534998,0.3579959532980119,0.5242396068534998,0.4053088811763694,
0.542240466101695,0.5030455508474576,0.3341315916020486,0.5030455508474576,0.38690702745696437,
0.5628545046827595,0.5119377390845535,0.36085055046695746,0.5119377390845535,0.4100709324698242,
0.5576771135106663,0.5143534369238872,0.34490254684077665,0.5143534369238872,0.4039818260677141,
0.5511520737327189,0.5045424621461487,0.3369704127393608,0.5045424621461487,0.390676753900809,
0.5558493060145406,0.5118307997356246,0.34150316853142315,0.5118307997356246,0.3994682290714599,
0.547144754316069,0.5043824701195219,0.3342625698724166,0.5043824701195219,0.38868740724524764,
0.55027711797308,0.5244127738189496,0.34042391769314767,0.5244127738189496,0.3984945189592344,
0.546659597030753,0.5157741251325557,0.3439209829979539,0.5157741251325557,0.395980001485468,
0.5479595853562524,0.5064952106022832,0.34734952322604035,0.5064952106022832,0.3969427539844368,
0.5423951623504667,0.5024319705534376,0.33991110919493883,0.5024319705534376,0.38987160965719675,
0.54467467335357,0.4475386036689983,0.3406313167240073,0.4475386036689983,0.3784915890880168,
0.5486479321314952,0.5108695652173914,0.33233628966537554,0.5108695652173914,0.3905268543987247,
0.5555702566816618,0.5068801270177296,0.34781367896424,0.5068801270177296,0.40229745630568337,
0.547568710359408,0.5080602536997886,0.3348706880084037,0.5080602536997886,0.3911625143520595,
0.5535620052770448,0.5149076517150396,0.3457490087273353,0.5149076517150396,0.3998350284843737,
0.560813505250565,0.5156187691080686,0.353667111874784,0.5156187691080686,0.40542108577947317,
0.5608890057864282,0.5261704366123093,0.35202457377654495,0.5261704366123093,0.4075043601131968,
0.5606634452135301,0.5226590048321798,0.35275107034331904,0.5226590048321798,0.4076858026385205,
0.5420795349451711,0.5111639582507597,0.3582854053377304,0.5111639582507597,0.39596042418923977,
0.560978835978836,0.5256613756613756,0.3639898658849461,0.5256613756613756,0.41232215687495133,
0.5598318665440694,0.5273873637199528,0.3519934224102131,0.5273873637199528,0.40767332513376603,
0.5511274252753016,0.5187467226009439,0.35269246808159216,0.5187467226009439,0.39774292950099477,
