Majority Class Accuracy,Accuracy,Precision,Recall,F Score,Support
0.7907899960301707,0.7907899960301707,0.6253488178213974,0.7907899960301707,0.6984055296351585,
0.7870456047587574,0.7870456047587574,0.6194407839700782,0.7870456047587574,0.6932568282762988,
0.7906608626830234,0.7906608626830234,0.6251445997786627,0.7906608626830234,0.698227802714113,
0.7874917709019091,0.7874917709019091,0.6201432892382249,0.7874917709019091,0.693869811691856,
0.793043939997345,0.793043939997345,0.6289186907665125,0.793043939997345,0.7015095132219055,
0.7911784068466096,0.7911784068466096,0.6259632714603394,0.7911784068466096,0.6989401715291498,
0.7913322632423756,0.7913322632423756,0.6262067508483005,0.7913322632423756,0.6991519816818839,
0.7887509902297333,0.7887509902297333,0.6221281245883847,0.7887509902297333,0.6956005928007716,
0.7959372114496768,0.7959372114496768,0.6335160445702874,0.7959372114496768,0.7054991015625928,
0.7911593435680254,0.7911593435680254,0.6259331069149889,0.7911593435680254,0.6989139287497644,
0.792111858593853,0.792111858593853,0.6274411965250082,0.792111858593853,0.7002254837120694,
0.7907038512616202,0.7907038512616202,0.6252125803999584,0.7907038512616202,0.6982869668365005,
0.7913228639872238,0.7913228639872238,0.6261918750689424,0.7913228639872238,0.699139041495993,
0.7882540950858969,0.7882540950858969,0.6213445184196862,0.7882540950858969,0.694917484184305,
0.7960218929381925,0.7960218929381925,0.6336508540369031,0.7960218929381925,0.7056159577211895,
0.7964519140989729,0.7964519140989729,0.6343356514719177,0.7964519140989729,0.7062094415035591,
0.7903820816864295,0.7903820816864295,0.6247038350509737,0.7903820816864295,0.6978441545421872,
0.7978048135413912,0.7978048135413912,0.636492520509814,0.7978048135413912,0.7080774461339041,
0.790415164864504,0.790415164864504,0.6247561328477811,0.790415164864504,0.6978896795649759,
0.7887435592548553,0.7887435592548553,0.6221164022660175,0.7887435592548553,0.6955903757665243,
0.7927311035027653,0.7927311035027653,0.628422602460712,0.7927311035027653,0.7010784843670703,
0.7936780849094035,0.7936780849094035,0.6299249024654583,0.7936780849094035,0.7023834519305899,
0.7879426089245755,0.7879426089245755,0.6208535549588665,0.7879426089245755,0.6944893553739983,
0.7901445466491459,0.7901445466491459,0.6243284045993843,0.7901445466491459,0.6975173102842713,
0.797025141503225,0.797025141503225,0.6352490761882358,0.797025141503225,0.707000766452099,
0.7919649960222752,0.7919649960222752,0.6272085549245624,0.7919649960222752,0.7000232217892786,
0.7908720242009732,0.7908720242009732,0.6254785586637448,0.7908720242009732,0.6985184314806775,
0.7955742887249737,0.7955742887249737,0.6329384488802479,0.7955742887249737,0.7049983427081633,
0.7874267448055408,0.7874267448055408,0.6200408784350503,0.7874267448055408,0.693780464275761,
0.792998678996037,0.792998678996037,0.6288469048894598,0.792998678996037,0.7014471480163869,
