Majority Class Accuracy,Accuracy,Precision,Recall,F Score,Support
0.014860599684376644,0.017622304050499738,0.016743965636430224,0.017622304050499738,0.014728468496859853,
0.014960942671786045,0.017608897126969416,0.01648399856677244,0.017608897126969416,0.014349555052974456,
0.015189539030511161,0.01703870030379078,0.01665494896452891,0.01703870030379078,0.013783208226018978,
0.017895015906680807,0.0172322375397667,0.016844356481527562,0.0172322375397667,0.014246160715394494,
0.014421804710240805,0.018391108758930935,0.01858194673135274,0.018391108758930935,0.01564852590055961,
0.015037593984962405,0.015829046299960427,0.015069824335544197,0.015829046299960427,0.01300935555516748,
0.015927339739370803,0.02079768329603791,0.018661734402166334,0.02079768329603791,0.01651386206461011,
0.015699840340606706,0.018626929217668974,0.018808471410623424,0.018626929217668974,0.015579201366420442,
0.016873187450566835,0.019245979435802793,0.01995556597017838,0.019245979435802793,0.016637640414341973,
0.015474143631794736,0.018251554027245074,0.0163723844138223,0.018251554027245074,0.014949973496274482,
0.01732345940227453,0.017191219254165564,0.016804885888825772,0.017191219254165564,0.014723282967055135,
0.016512549537648614,0.016116248348745046,0.013722325063844742,0.016116248348745046,0.012591700670109679,
0.016443442514255405,0.01829996021747779,0.017545917400545216,0.01829996021747779,0.014851981610174514,
0.016061084781463928,0.017640863612427594,0.017080481111317103,0.017640863612427594,0.014427539461166062,
0.01535813584006355,0.01721170395869191,0.016285256326009516,0.01721170395869191,0.013706348101254016,
0.01685244161358811,0.01552547770700637,0.015297903273756016,0.01552547770700637,0.012473850022367675,
0.012893040389422444,0.017892382581239312,0.01693209785349243,0.017892382581239312,0.014644067471711476,
0.015529599150517654,0.020573400584019113,0.018866654950795335,0.020573400584019113,0.0164036533730903,
0.015810276679841896,0.015942028985507246,0.014298457407864906,0.015942028985507246,0.013087870942401603,
0.016268695880346365,0.01902387824717922,0.016136839404069982,0.01902387824717922,0.014681246877800645,
0.0133881230116649,0.016436903499469777,0.013687464830917725,0.016436903499469777,0.01290725187970435,
0.016922263352723427,0.018244315177154944,0.018665219127464102,0.018244315177154944,0.01616864030007684,
0.018653261013361556,0.0177272125942585,0.01684710489207875,0.0177272125942585,0.01415194346259597,
0.01807465618860511,0.01768172888015717,0.018015983898053162,0.01768172888015717,0.015208735047659036,
0.014653465346534653,0.014125412541254125,0.012646368189225266,0.014125412541254125,0.011549782758995675,
0.01646198066370525,0.01985889730859681,0.018321089662846738,0.01985889730859681,0.01582507946730507,
0.01598951507208388,0.017562254259501964,0.018227468071531593,0.017562254259501964,0.0151725021996873,
0.020152792413066386,0.01672813487881981,0.015004468506751112,0.01672813487881981,0.013483429534028249,
0.01792539870831686,0.017134572294714642,0.016688142115501542,0.017134572294714642,0.014217526839566112,
0.01709741550695825,0.016964877402253147,0.013819346635284913,0.016964877402253147,0.012866783305358741,
