Majority Class Accuracy,Accuracy,Precision,Recall,F Score,Support
0.5485539931016185,0.5050411249668347,0.3453609448386983,0.5050411249668347,0.39555992834406817,
0.541722207411357,0.48133830978405756,0.33285039456494864,0.48133830978405756,0.38414153374172266,
0.5555555555555556,0.504739336492891,0.3470957344498971,0.504739336492891,0.4006756466821219,
0.5515695067264574,0.5022421524663677,0.34284868041614897,0.5022421524663677,0.39573518544653447,
0.5474143631794736,0.5082661023674118,0.3474124394778195,0.5082661023674118,0.3966071689017249,
0.549252941954251,0.5091894750760281,0.3506297518416851,0.5091894750760281,0.3991256130870954,
0.5488612288135594,0.4997351694915254,0.33884502641739395,0.4997351694915254,0.3901016008394769,
0.5489130434782609,0.5124602332979852,0.3559248491784397,0.5124602332979852,0.397932837355664,
0.5546072809707961,0.49779970662755035,0.33759727688190266,0.49779970662755035,0.39421188123973927,
0.5470130555189239,0.5036265330344191,0.343476488645932,0.5036265330344191,0.3940248683004802,
0.5402070063694268,0.5013269639065817,0.3346263788407399,0.5013269639065817,0.38696335297824336,
0.5399658747867174,0.4915343220895131,0.3330529950022528,0.4915343220895131,0.3841069665325776,
0.5518385769281826,0.5076330811097837,0.3440631714529144,0.5076330811097837,0.3982765010205933,
0.5561752988047809,0.5164674634794156,0.34707601178100206,0.5164674634794156,0.4012759924836489,
0.5400478978179883,0.48895689196381054,0.3296065806763582,0.48895689196381054,0.38284579656939305,
0.5488987939171474,0.5040639748295752,0.33690248924581173,0.5040639748295752,0.39251153134757966,
0.548910891089109,0.4992739273927393,0.3449535771327416,0.4992739273927393,0.39669305857352755,
0.5572771818302211,0.516620315190041,0.3441216378824289,0.516620315190041,0.4044667863185636,
0.5560214912855458,0.5119905648014677,0.3478107774662798,0.5119905648014677,0.40129115325650044,
0.5525333333333333,0.5057333333333334,0.3357693565877658,0.5057333333333334,0.3936031295794411,
0.5476918983637089,0.509511773313822,0.35025065015878504,0.509511773313822,0.3966606511589634,
0.5570274208504438,0.5167571863823023,0.3525890627704037,0.5167571863823023,0.4059392602820237,
0.5609110169491526,0.5086069915254238,0.3480706023441563,0.5086069915254238,0.4053223251064746,
0.545934530095037,0.49221224920802537,0.33051029463354753,0.49221224920802537,0.38718012224449483,
0.5484209146900799,0.5051762547503603,0.34424950319546554,0.5051762547503603,0.3948639935899995,
0.5481520731222679,0.5027155914690687,0.3354136874315456,0.5027155914690687,0.389727067653098,
0.5530222693531283,0.5115323435843054,0.3438099846039804,0.5115323435843053,0.3997453315492016,
0.5524993387992595,0.5038349642951601,0.3467162943823,0.5038349642951601,0.39800352751320894,
0.5487804878048781,0.5023860021208908,0.34093256037104946,0.5023860021208908,0.39318644076722925,
0.5527770465912082,0.5071071334561726,0.34691502849139766,0.5071071334561726,0.3997020088289094,
