Majority Class Accuracy,Accuracy,Precision,Recall,F Score,Support
0.15200739566825144,0.1454041204437401,0.0559765887772626,0.1454041204437401,0.06379187566698055,
0.15667413361444196,0.1523257346158914,0.058572386757521265,0.1523257346158914,0.06776453175955564,
0.15393778954334877,0.15036399735274653,0.059575637491332226,0.15036399735274653,0.06426921903266855,
0.15228697159621282,0.14988665155354047,0.05278089524598199,0.14988665155354047,0.06633989316256282,
0.153003300330033,0.14600660066006602,0.05761906189791669,0.14600660066006602,0.0687198584126665,
0.14762532981530344,0.14445910290237468,0.055168050598140624,0.14445910290237468,0.0630446748146525,
0.1541733120680489,0.14101541733120682,0.05571331689736147,0.14101541733120682,0.0699637433310495,
0.15058016877637131,0.1417457805907173,0.07575697021172893,0.1417457805907173,0.0632495543257016,
0.16056670602125148,0.15072805981896892,0.06142019314795884,0.15072805981896892,0.06545425319508168,
0.16172185430463576,0.15390728476821192,0.06140721706069775,0.15390728476821192,0.06753454803982185,
0.16493886230728336,0.14819245082402976,0.059487784247231196,0.14819245082402976,0.0764779239385108,
0.15931890179514255,0.154039070749736,0.05837227539247454,0.154039070749736,0.06703310333434699,
0.15897097625329815,0.1507915567282322,0.055835114303035095,0.1507915567282322,0.06786349780750286,
0.15572681371246347,0.15134201435025246,0.06734932274931567,0.15134201435025246,0.07036159594139048,
0.15466383204889717,0.1485516874833909,0.0497035067112072,0.1485516874833909,0.06416593911111156,
0.1443489755452743,0.13377395902181097,0.044175275704359716,0.13377395902181097,0.05666260793995101,
0.15425320809630905,0.14896150284429158,0.05643524831261573,0.14896150284429158,0.0684413838309099,
0.15702479338842976,0.14403778040141677,0.07376772023887761,0.14403778040141677,0.06676275574759272,
0.15947148090005234,0.1512297226582941,0.050419403873833805,0.1512297226582941,0.06654805366901198,
0.1569352708058124,0.14900924702774107,0.05157776228792332,0.14900924702774107,0.06463773198242811,
0.15510852302805717,0.1437268395976707,0.07280062274184095,0.1437268395976707,0.07047752312404458,
0.15463917525773196,0.15054189796457837,0.05963124450263472,0.15054189796457837,0.06564523396070077,
0.15433153674247405,0.1501248849743657,0.050911158744412245,0.1501248849743657,0.06712912390383237,
0.14940690390510464,0.14674130347860856,0.0594467581393335,0.14674130347860856,0.06338957745942794,
0.1560885119915198,0.1366105737379091,0.055980170497038156,0.1366105737379091,0.06917924283851648,
0.1578530924436239,0.15086377423183436,0.05616427393387323,0.15086377423183436,0.06847037302598442,
0.15510419414402532,0.1405961487734107,0.05412367308293118,0.1405961487734107,0.0683782065992995,
0.15672235481304694,0.15009281357730045,0.055508811218607054,0.15009281357730045,0.0638956025840329,
0.1511321748288573,0.13572933122696157,0.0504794107570569,0.13572933122696157,0.06600310667420588,
0.15569570358691368,0.15359348311654183,0.0703986412271196,0.15359348311654183,0.06645431953513233,
