Majority Class Accuracy,Accuracy,Precision,Recall,F Score,Support
0.013182177695755339,0.013182177695755339,0.009165507962319618,0.013182177695755339,0.008624881861267345,
0.011788079470198675,0.01403973509933775,0.016529739951555673,0.01403973509933775,0.009613565013833961,
0.011180620258219087,0.00984959403700253,0.012685489165271735,0.00984959403700253,0.0074583526168810685,
0.013624338624338624,0.013888888888888888,0.017855661046642435,0.013888888888888888,0.00960767090169753,
0.009649702577660277,0.014011896893588897,0.01248164638664691,0.014011896893588897,0.009508104297685394,
0.008465608465608466,0.012830687830687831,0.01511707835202589,0.012830687830687831,0.009732599770712147,
0.011947431302270013,0.011947431302270013,0.012137646746228555,0.011947431302270013,0.008458013078673035,
0.012249736564805058,0.012249736564805058,0.011391153679372809,0.012249736564805058,0.008652751368382859,
0.01458499071864227,0.012728719172633254,0.014022833740101756,0.012728719172633254,0.008602803405072895,
0.011181268087345436,0.010523546435148644,0.00942844208478554,0.010523546435148644,0.007266669543978905,
0.010754115772703134,0.011816250663834307,0.018713006813492153,0.011816250663834307,0.009008021449660064,
0.009680413738231005,0.010343455775096141,0.006750711957008546,0.010343455775096141,0.0066236503964093975,
0.010305192231470472,0.013740256308627295,0.013669921622775694,0.013740256308627295,0.00966682316310211,
0.013057961359093937,0.012524983344437041,0.01172535560650885,0.012524983344437041,0.008622763899266974,
0.011286089238845144,0.011286089238845144,0.008489576827594124,0.011286089238845144,0.007579259042202659,
0.011783397325566,0.010591817820733483,0.01138869198181362,0.010591817820733483,0.006983374735920325,
0.010974481026047865,0.012164484992727754,0.007733371322454901,0.012164484992727754,0.006885325184935085,
0.0120801805389619,0.013142174432497013,0.017140578062341334,0.013142174432497013,0.009859707275570216,
0.010868124585818423,0.016037110669317428,0.014660935259428928,0.016037110669317428,0.01087961312304275,
0.01219350563286945,0.013916500994035786,0.01276337248685017,0.013916500994035786,0.009247838672129331,
0.01392904073587385,0.011300919842312747,0.008494049324829858,0.011300919842312747,0.007400133504837942,
0.009592326139088728,0.010391686650679457,0.013601071242991645,0.010391686650679457,0.007104661236084941,
0.013947368421052632,0.012105263157894737,0.022033533930083296,0.012105263157894737,0.008117581920624875,
0.014101212440695836,0.013574064312071692,0.011770756213343102,0.013574064312071692,0.009329033201311558,
0.012757475083056479,0.013953488372093023,0.012287189352032863,0.013953488372093023,0.00949220572992266,
0.012806971217322419,0.011618695537364668,0.010173759083722905,0.011618695537364668,0.007767279015655684,
0.0118514616802739,0.012114827495391098,0.00882313861261364,0.012114827495391098,0.008150966349338642,
0.012227189061267421,0.010780962398106757,0.005425887792229111,0.010780962398106757,0.0062842350825876,
0.011392237382434759,0.013246787653993907,0.014370424642754507,0.013246787653993907,0.0093600074766948,
0.013592750533049041,0.011593816631130065,0.010461404465456157,0.011593816631130065,0.007318365651463024,
