Majority Class Accuracy,Accuracy,Precision,Recall,F Score,Support
0.7908015768725362,0.778580814717477,0.6386225642610917,0.778580814717477,0.6961965520333103,
0.7905926122774383,0.780095668349721,0.644536831208268,0.780095668349721,0.6973773989835873,
0.795810828612831,0.7831642734817547,0.6457781610423573,0.7831642734817547,0.7014129643251025,
0.7898089171974523,0.7776008492569002,0.6526427644754981,0.7776008492569002,0.6946229408832034,
0.7823834196891192,0.7717550152783313,0.6382015133988613,0.7717550152783313,0.6860481816704852,
0.7852154434049282,0.7736197127421267,0.6258086802955432,0.7736197127421267,0.6879801942270486,
0.7887101028752308,0.7778950145080453,0.6416155351002808,0.7778950145080453,0.6942735659974884,
0.7941411451398136,0.7844207723035952,0.653420916046435,0.7844207723035952,0.7032248699708631,
0.7913850231941684,0.7801192842942346,0.6505838851668682,0.7801192842942346,0.6987151358489536,
0.7905013192612137,0.7755936675461741,0.6396519206017781,0.7755936675461741,0.6947329918604517,
0.7940426673822621,0.784516302160204,0.647207266099579,0.784516302160204,0.7014213507771432,
0.7861785382676748,0.7747711898129725,0.634849576718535,0.7747711898129725,0.6900549665962001,
0.7983381693484569,0.7797414930097599,0.6522824592342118,0.7797414930097599,0.704527548283608,
0.7926861352275717,0.7787424362009997,0.6359573523717058,0.7787424362009997,0.6966035729008982,
0.7961978197287956,0.785030576974209,0.6511396426183053,0.785030576974209,0.7043940456854808,
0.793739222708582,0.7810054383870539,0.6481312383401836,0.7810054383870539,0.7000249837589354,
0.7887771307570143,0.7766013763896241,0.6389214926664485,0.7766013763896241,0.6942705234047433,
0.7951870950680947,0.7860637313235489,0.6576857249597852,0.7860637313235489,0.7042772798026995,
0.7906332453825857,0.7831134564643799,0.6435980260293768,0.7831134564643799,0.6979240940938063,
0.7876269621421976,0.7782614430813877,0.6432202649864518,0.7782614430813877,0.6930358679669455,
0.7856377277599143,0.7703644158628081,0.6353012826378127,0.7703644158628081,0.6890578896032428,
0.782252739997359,0.7719529908886835,0.632751169708413,0.7719529908886835,0.6846621546224516,
0.7931356837606838,0.780448717948718,0.6407727103147962,0.780448717948718,0.6987618049643278,
0.7951743338194353,0.7835078881081797,0.6455596170820218,0.7835078881081797,0.7017061977242145,
0.7902646628541029,0.7798909429445405,0.6365706722815381,0.7798909429445405,0.695958243032018,
0.7902079494603843,0.7669123453540405,0.6318039316122575,0.7669123453540405,0.6902041312498602,
0.7945751894694855,0.7747639941497141,0.6457739249085197,0.7747639941497141,0.6983772396522463,
0.7949796293862531,0.7788145617032461,0.6523602747859539,0.7788145617032461,0.701598690179365,
0.8030903328050714,0.7909403063919704,0.6599813663048288,0.7909403063919704,0.7131467712321584,
0.7942370661427636,0.783366077275704,0.6455211159119115,0.783366077275704,0.7014834430628916,
