Majority Class Accuracy,Accuracy,Precision,Recall,F Score,Support
0.3787437052743175,0.33050622846541217,0.2015549811301373,0.33050622846541217,0.23518384834563072,
0.3795156808257245,0.32751091703056767,0.19797166662112767,0.32751091703056767,0.23157709079503216,
0.37900758281229213,0.3276573100971132,0.1886391488941464,0.3276573100971132,0.22702656094091297,
0.37397078353253654,0.3268260292164675,0.18895036858667433,0.3268260292164675,0.22433826710751265,
0.37584515444783245,0.3218878430332759,0.18439326260491984,0.3218878430332759,0.22115303922022309,
0.3785497292299564,0.337604015321622,0.20388455960137686,0.337604015321622,0.23470796626331808,
0.387037037037037,0.32566137566137565,0.19861376340846337,0.32566137566137565,0.2336622208942736,
0.3797568710359408,0.31910676532769555,0.19136469950613313,0.31910676532769555,0.22685354843236769,
0.3814119513484929,0.32905869910100477,0.20230021434160603,0.32905869910100477,0.23594320533059435,
0.3730502031721064,0.27683837986629967,0.18503498756446474,0.27683837986629967,0.21490856123131913,
0.3777309818373256,0.3275862068965517,0.2029062585603438,0.3275862068965517,0.23711628591446485,
0.37538135031171244,0.2758986602997745,0.19142870383945781,0.2758986602997745,0.21396128107502094,
0.3789543348775645,0.3242885506287227,0.19797047850426425,0.3242885506287227,0.23094235620635067,
0.3837377049180328,0.32957377049180325,0.2037927904938762,0.32957377049180325,0.2364481043542154,
0.39372362869198313,0.3271360759493671,0.20259514945590437,0.3271360759493671,0.2403568825146904,
0.3822942974877044,0.3293898710620763,0.19931622184661327,0.3293898710620763,0.23373447130713862,
0.3898931257421823,0.3400184720939438,0.19945111285057882,0.3400184720939438,0.23834076196573126,
0.37347820395339704,0.27804686477287605,0.1961898496213598,0.27804686477287605,0.2201933137609587,
0.3818923542571391,0.29122252928016845,0.19541366078444902,0.29122252928016845,0.22623040588673238,
0.3770599868160844,0.3270929466051417,0.19745024405693332,0.3270929466051417,0.2315438131892735,
0.37926910299003325,0.3295681063122924,0.19779474813690623,0.3295681063122924,0.23318918129604418,
0.3742420247824941,0.2635117321381492,0.19027077810109688,0.2635117321381492,0.21210046613069264,
0.3813503117124287,0.3366494230003979,0.19749927501543607,0.3366494230003979,0.23567742262977634,
0.38448344108721466,0.29080353608655496,0.19072102966804946,0.29080353608655496,0.22329920774484363,
0.37269615587151134,0.315955766192733,0.1901534547778336,0.315955766192733,0.22282917358906276,
0.3713489113117366,0.3133297928836962,0.18980719387673184,0.3133297928836962,0.22463538851947884,
0.37649848504808325,0.32525358977736796,0.19743056269446738,0.32525358977736796,0.23175990072749467,
0.39347079037800686,0.34337827121332276,0.2131572276291075,0.34337827121332276,0.24426521606983428,
0.37646744930629666,0.30963180362860193,0.19437386044362448,0.30963180362860193,0.2259854445228116,
0.38150903294367694,0.33129649309245485,0.19925202972180955,0.33129649309245485,0.23346904300595292,
