Majority Class Accuracy,Accuracy,Precision,Recall,F Score,Support
0.09829567974633373,0.12220901043731008,0.11583349863820744,0.12220901043731008,0.10047597515912311,
0.09934831759542492,0.113711929777896,0.10499530869202935,0.113711929777896,0.10052874124170762,
0.10730804810360776,0.11338707545923087,0.11054676166664264,0.11338707545923087,0.10326740616823289,
0.10135494155154091,0.11676408076514347,0.11062809823061034,0.11676408076514347,0.10273857805023558,
0.10619703389830508,0.12010063559322035,0.11347697396726475,0.12010063559322035,0.10787223260456323,
0.10604062252703772,0.11632814560801899,0.11184355648559649,0.11632814560801899,0.1035991008579278,
0.10284435080326573,0.119173031340532,0.10944335252811781,0.119173031340532,0.104727466812798,
0.10138797091870456,0.10971579643093192,0.10520010181861443,0.10971579643093192,0.09405713331325888,
0.1026546358048908,0.12083169870537466,0.11429148442696886,0.12083169870537466,0.1068038342629487,
0.09864169853619939,0.12171963602795727,0.11471237991969704,0.12171963602795727,0.10850523165785192,
0.10264592474404999,0.12006382130035899,0.11386305484798902,0.12006382130035899,0.10879488325659824,
0.10201412503269683,0.12006277792309704,0.11995763223445573,0.12006277792309704,0.1072389443187034,
0.09747434885556433,0.111681136543015,0.10724131192208208,0.111681136543015,0.09973367470540276,
0.10062893081761007,0.12237945492662473,0.11450398632013856,0.12237945492662473,0.1078426210778768,
0.10292164674634795,0.11633466135458168,0.1091284068886097,0.11633466135458168,0.10505628208913005,
0.10146457316268637,0.11333949069798126,0.10886663650804894,0.11333949069798126,0.10475272271297321,
0.09883874373185537,0.11731327527051992,0.11229762585595883,0.11731327527051992,0.10491435568122595,
0.10019907100199071,0.12408759124087591,0.11963486601111957,0.12408759124087591,0.11023685696290669,
0.10031720856463125,0.1190853819719799,0.11476150497436514,0.1190853819719799,0.10300882202873886,
0.09736388925685521,0.11577692409590674,0.10827501246592451,0.11577692409590674,0.10171488973835656,
0.09521928091663374,0.11457921770051363,0.10574157882361386,0.11457921770051363,0.09598735175318283,
0.09360126916975145,0.11845584346906399,0.1111388432632816,0.11845584346906399,0.10286211796751406,
0.09956017592962815,0.12021857923497267,0.11062267328474464,0.12021857923497267,0.09918316939642179,
0.09706426871198096,0.11518116900290928,0.11254016128740961,0.11518116900290928,0.10293184275854236,
0.10366574694521088,0.11851267901721194,0.11566947086353559,0.11851267901721194,0.10505147226794724,
0.10234229438381688,0.11312217194570136,0.10890337808136409,0.11312217194570136,0.09978383031314068,
0.10649247822644498,0.12866191607284244,0.12376663841624685,0.12866191607284244,0.1056087447443091,
0.10095137420718817,0.11852536997885835,0.10152314639734016,0.11852536997885835,0.0982825727830618,
0.10311464546056992,0.11398277004638833,0.10737794935904463,0.11398277004638833,0.10341460298526761,
0.10257766027759418,0.11910112359550562,0.11061342230883343,0.11910112359550562,0.10579352500691412,
