Majority Class Accuracy,Accuracy,Precision,Recall,F Score,Support
0.15096825187722301,0.13950731128968516,0.048833513521272486,0.13950731128968516,0.0624336841072414,
0.14763415278879197,0.1449907480835316,0.07295936042116463,0.1449907480835316,0.06359126250350888,
0.16004765687053216,0.15091342335186655,0.0769024306474601,0.15091342335186655,0.06822935888096006,
0.15578947368421053,0.15289473684210525,0.05395906709670071,0.15289473684210525,0.06467736178972158,
0.16050032916392362,0.15023041474654378,0.055559016258256974,0.15023041474654378,0.06557133519677853,
0.15585275423728814,0.14698093220338984,0.05408302937958794,0.14698093220338984,0.06600710926408274,
0.15937829293993677,0.15252897787144362,0.05522735464455712,0.15252897787144362,0.06714962022402345,
0.15078740157480314,0.14461942257217847,0.06291663673701456,0.14461942257217847,0.06270779580006307,
0.15561156805518706,0.14844786415494826,0.05404052349739534,0.14844786415494826,0.06470347070058037,
0.15455261086329047,0.14379427971660982,0.05180650134150158,0.14379427971660982,0.061379634459818214,
0.14928128708954239,0.13978636423579058,0.05506452687321852,0.13978636423579058,0.06388423120709344,
0.16276623718117275,0.1481724953983697,0.05491303021858847,0.14817249539836969,0.06351917539912318,
0.1646950578338591,0.15509989484752892,0.05850105920985089,0.15509989484752892,0.0708922958730759,
0.15755499934132525,0.14622579370306943,0.058227244826965334,0.14622579370306943,0.06418430021926108,
0.1577967003725386,0.14688664183076106,0.05478110635334798,0.14688664183076106,0.0637145480057153,
0.15045532532664643,0.1389732083938234,0.057508224496904195,0.1389732083938234,0.06503708022399599,
0.15560276155071695,0.1443175783324482,0.053240767184537435,0.1443175783324482,0.06393813978598833,
0.14741982314900356,0.1433284941269632,0.04800229322882579,0.1433284941269632,0.061066351200388065,
0.1516073554703003,0.14605106495568196,0.05102763977050614,0.14605106495568196,0.06224225485742566,
0.15570204350692154,0.14541858932102836,0.048689511593065754,0.14541858932102836,0.06434346579157077,
0.1549761778718899,0.14385918475383802,0.05663919247668859,0.14385918475383802,0.06188889637777277,
0.15828480677607198,0.144785600847009,0.06341509213343395,0.144785600847009,0.06378182152058867,
0.1632870864461046,0.15621664887940234,0.056710631136060854,0.15621664887940234,0.06667905369754035,
0.16395179446430935,0.15680042378492914,0.059329345319962874,0.15680042378492914,0.0734159862777924,
0.1484820363250696,0.14304653320959831,0.04791457215244362,0.14304653320959831,0.05964463614929662,
0.15763546798029557,0.14565304220476635,0.05124944052858331,0.14565304220476635,0.0637354806012902,
0.1491251325556734,0.14117179215270415,0.05371449782825015,0.14117179215270415,0.060933403318761695,
0.14758169934640522,0.14627450980392157,0.05269729142695688,0.14627450980392157,0.06324088197257693,
0.1588785046728972,0.14742661576938265,0.05027283685838576,0.14742661576938265,0.06280413860480465,
0.1511305037683459,0.13989157741636918,0.04700699588457169,0.13989157741636918,0.05870288669512777,
