Majority Class Accuracy,Accuracy,Precision,Recall,F Score,Support
0.0468275953040496,0.05223585278986941,0.04744733742669358,0.05223585278986941,0.04420783205869904,
0.04863864657679091,0.05894792492730637,0.06421681905941982,0.05894792492730637,0.050461614785138956,
0.04982863168995518,0.056683364091747956,0.047527592046935956,0.056683364091747956,0.04275772826377634,
0.045381953686451953,0.05922278413627895,0.05802201520644852,0.05922278413627895,0.049731972158485224,
0.05407200743988309,0.05858907931446791,0.05486386090935498,0.05858907931446791,0.04784236350639507,
0.04948291661212201,0.05812279094122267,0.05649202237996029,0.05812279094122267,0.05205682329624061,
0.05157783081410766,0.05820737204985415,0.05534329003863044,0.05820737204985415,0.04971461615433911,
0.04903378467201262,0.05692125673721572,0.050091685940187626,0.05692125673721572,0.046878925931851216,
0.049847135451282734,0.05609464309451017,0.0462191450245086,0.05609464309451017,0.04430209838477822,
0.053313930414075936,0.05410768620187856,0.05206287650429587,0.05410768620187856,0.04526590627655329,
0.054665784248841824,0.06062210456651224,0.058353449686420575,0.06062210456651224,0.050639438637355094,
0.04868421052631579,0.05763157894736842,0.0553585839360285,0.05763157894736842,0.05034649735892707,
0.04510883818515605,0.056123787044322054,0.05318728990672339,0.056123787044322054,0.04514345886862415,
0.047594142259414225,0.057792887029288705,0.05584271118233669,0.057792887029288705,0.050769883128182126,
0.05230566534914361,0.05678524374176548,0.053550621880297335,0.05678524374176548,0.05003215014413926,
0.04557463672391017,0.054953764861294586,0.05311268896945218,0.054953764861294586,0.04869417125547801,
0.051715039577836415,0.060422163588390504,0.05622692445764717,0.060422163588390504,0.04898784427001812,
0.04789068718492969,0.05691164765189705,0.056332032248294105,0.05691164765189705,0.048722707298347434,
0.04694148936170213,0.05571808510638298,0.05203723134750961,0.05571808510638298,0.047027282382976494,
0.04789397716835061,0.060097100118094736,0.06209504730697206,0.060097100118094736,0.04653948860388944,
0.05358788676761027,0.06096115865701119,0.05576035962367484,0.06096115865701119,0.05098611892611164,
0.04937283159861222,0.057112356551908196,0.06120288493789755,0.057112356551908196,0.04722728419647472,
0.05101634117178159,0.05686196359771489,0.056607955084036196,0.05686196359771489,0.04717138262020635,
0.04986258343148803,0.062295511058761945,0.055406428952359366,0.062295511058761945,0.05030231150631189,
0.05047276601411639,0.058196830470102545,0.05516877384479894,0.058196830470102545,0.05006613905131402,
0.04878695479252287,0.06429802465862389,0.06016809641219273,0.06429802465862389,0.052612648542707176,
0.04922347986312187,0.05567254540668597,0.05557900691745906,0.05567254540668597,0.04628280266437045,
0.04970178926441352,0.0585818422796554,0.053624817316806905,0.0585818422796554,0.04903598474168074,
0.04604486422668241,0.0594254230617867,0.058871998727141404,0.0594254230617867,0.05032951329141372,
0.05014515703351808,0.057666930588545794,0.05086204136330268,0.057666930588545794,0.04695280206241301,
