Majority Class Accuracy,Accuracy,Precision,Recall,F Score,Support
0.015589906196327124,0.015589906196327124,0.017239288660114087,0.015589906196327124,0.013202682894545244,
0.014103246407663651,0.013437998935604045,0.013852844272472525,0.013437998935604045,0.011506741184391671,
0.015457788347205707,0.01717532038578412,0.015976729908906605,0.01717532038578412,0.013469485676833834,
0.018374091209517517,0.014937210839391937,0.012447606190526013,0.014937210839391937,0.011862338148597235,
0.015249112659392664,0.017089522807940054,0.015322578755722939,0.017089522807940054,0.013767219210328677,
0.01528528132823824,0.016734747661088418,0.01381273102920217,0.016734747661088418,0.012728345621091661,
0.014645187058980163,0.014645187058980163,0.014368084746746088,0.014645187058980163,0.011962548184266873,
0.017606566057717765,0.018797987821021975,0.01648315867599351,0.018797987821021975,0.013880069042508658,
0.014306530666313419,0.017220823950192077,0.016388630048491035,0.017220823950192077,0.013784238804783326,
0.012567089933237335,0.016232491163764892,0.017040516708474448,0.016232491163764892,0.013660208200144281,
0.017774851876234364,0.015141540487162607,0.013405280552931066,0.015141540487162607,0.011756291283153992,
0.01759296281487405,0.018126082900173264,0.019342589664588256,0.018126082900173264,0.015009058346244025,
0.015915119363395226,0.016843501326259946,0.016094449654587464,0.016843501326259946,0.014093402355135799,
0.017629904559915165,0.015111346765641569,0.014319555947397644,0.015111346765641569,0.012042674569542737,
0.013638771186440678,0.016816737288135594,0.017457888865536782,0.016816737288135594,0.01439149669455519,
0.01647120832784293,0.015021741994992753,0.01372580740498862,0.015021741994992753,0.01209382895083346,
0.020119920053297803,0.01798800799467022,0.01812710566339755,0.01798800799467022,0.015122654215005249,
0.013642384105960265,0.015894039735099338,0.014540260514919218,0.015894039735099338,0.01237680915494561,
0.018069922744533194,0.017022390991226922,0.01569957195136007,0.017022390991226922,0.013173800095746719,
0.01556317594302295,0.016750197836982325,0.01388431749253544,0.016750197836982325,0.012771910413234945,
0.015085351329892815,0.01495302368664814,0.014050630411079658,0.01495302368664814,0.011735068611431464,
0.015585787874785366,0.013472460705322943,0.012442399384260477,0.013472460705322943,0.010291225131858761,
0.014274385408406027,0.01282051282051282,0.01248775303127526,0.01282051282051282,0.010526110446468345,
0.01677896683841987,0.01638261329105562,0.015419893926774801,0.01638261329105562,0.013196557835502406,
0.014915522703273495,0.017159450897571277,0.014811852763306517,0.017159450897571277,0.01329964318368789,
0.01649729444371123,0.01649729444371123,0.013154517096434039,0.01649729444371123,0.01191834508329183,
0.013492063492063493,0.01335978835978836,0.013061684718065717,0.01335978835978836,0.010789749039117448,
0.01734787751347089,0.01826784071494283,0.015160990601920448,0.01826784071494283,0.013527012457824842,
0.013440505995519832,0.016998286994333905,0.019381938823576122,0.016998286994333905,0.015440940927009355,
0.018291880510593498,0.015133570206606132,0.014650403977320573,0.015133570206606132,0.012163799337695206,
