Majority Class Accuracy,Accuracy,Precision,Recall,F Score,Support
0.3010312004230566,0.3007667900581703,0.1495370257952663,0.3007667900581703,0.14238935595899158,
0.30875514813338645,0.3083565829679819,0.1269963926134625,0.3083565829679819,0.15165309576636232,
0.3094642622087666,0.3067000131630907,0.11506846145871788,0.3067000131630907,0.1500801580938477,
0.3168838005000658,0.315173049085406,0.13008975163453076,0.315173049085406,0.1609056548764046,
0.3124834699814864,0.3087807458344353,0.12001029993845537,0.3087807458344353,0.15275619688393657,
0.32436729826421096,0.32171723863786933,0.13417435255602603,0.32171723863786933,0.16443460296770718,
0.32022248708780293,0.3183684280227784,0.12996161360500866,0.3183684280227784,0.1616515138190602,
0.3183262711864407,0.3159427966101695,0.1431174278393842,0.3159427966101695,0.16333767538414437,
0.31384533616795113,0.31291522721233056,0.13675658441576932,0.31291522721233056,0.15912543315462468,
0.3175461741424802,0.31688654353562007,0.13357521563072608,0.31688654353562007,0.15995125854102848,
0.31632383966244726,0.3157964135021097,0.1289787803071254,0.3157964135021097,0.15871479210322748,
0.3093515717479942,0.3079047744311456,0.131152837906795,0.3079047744311456,0.15348465348042892,
0.326555023923445,0.3237639553429027,0.13527836605921162,0.3237639553429027,0.16837322646030617,
0.3209517514871117,0.3176470588235294,0.14929857973634986,0.3176470588235294,0.16456519614769458,
0.31570639305445936,0.31044461983688504,0.11449571823857264,0.31044461983688504,0.15432561087204139,
0.3025708635464733,0.3000659195781147,0.11496808637993834,0.3000659195781147,0.14572706882799452,
0.3175790993829592,0.317710384665879,0.16325892144501153,0.317710384665879,0.15877901416816867,
0.3205432489451477,0.317246835443038,0.14474219474542954,0.317246835443038,0.16092347574159885,
0.31052215189873417,0.30762130801687765,0.12932625911811504,0.30762130801687765,0.15403217386531942,
0.31360318513603186,0.3134704711347047,0.1497340846269127,0.3134704711347047,0.15907272476676373,
0.30707929339885776,0.3056182759994687,0.12727408991865538,0.3056182759994687,0.15121714958146965,
0.3068915535643695,0.3054420872315193,0.12688600414970208,0.3054420872315193,0.14978612638487668,
0.30956175298804783,0.30770252324037184,0.1356753322529311,0.30770252324037184,0.15231320291268158,
0.3210219751125232,0.3191686523696055,0.15547443586229764,0.3191686523696055,0.16253404614891612,
0.3063254210316934,0.3056623789948283,0.1920199647847442,0.3056623789948283,0.1509092652735677,
0.31029044552503615,0.3068734393481404,0.11955510324243128,0.3068734393481404,0.15249407066733955,
0.3129386836180638,0.3117467885048338,0.15513754792938045,0.3117467885048338,0.15549575149012532,
0.3161230687970421,0.310445001980721,0.12375499197328725,0.310445001980721,0.15987855571329804,
0.30982961992136304,0.30930537352555704,0.12967739471524609,0.30930537352555704,0.15243560980578957,
0.30584648018029964,0.3033275884926422,0.12033183286872089,0.3033275884926422,0.1478976431303232,
