Majority Class Accuracy,Accuracy,Precision,Recall,F Score,Support
0.018895158115732842,0.020732187376984648,0.019004028212983817,0.020732187376984648,0.013735157817241035,
0.01733721545791424,0.024219163578613024,0.019684933281174394,0.024219163578613024,0.016447619091490433,
0.018420355155049032,0.020540683805989928,0.014868026153215572,0.020540683805989928,0.013262906716653648,
0.01891034117958212,0.017852419994710395,0.014302904334166928,0.017852419994710395,0.012920410885823573,
0.01759765364618051,0.022397013731502467,0.01710606014205832,0.022397013731502467,0.01549079945270139,
0.020863594348342798,0.019675161758880233,0.01992723689033968,0.019675161758880233,0.014382437486281983,
0.0189873417721519,0.0234704641350211,0.018561954325388326,0.0234704641350211,0.015570684826853058,
0.01979152922549149,0.025597044464968993,0.023778278148828248,0.025597044464968993,0.018505651184089023,
0.021206096752816435,0.02292909211398277,0.01997904862914348,0.02292909211398277,0.01725794047444969,
0.01841136244082062,0.02183061546554445,0.028750671099269622,0.02183061546554445,0.015645589634564878,
0.020794701986754968,0.024503311258278145,0.025913596050729366,0.024503311258278145,0.016429266589270183,
0.01861877723491351,0.022976363396276244,0.02701832684104608,0.022976363396276244,0.01544598127806834,
0.0177178368372339,0.022874520692846755,0.03056957950210569,0.022874520692846755,0.015051334834913532,
0.018063487846991633,0.02536857484393678,0.01869111874149665,0.02536857484393678,0.01706343303552296,
0.019981595898514525,0.02247929538582884,0.020072988653024242,0.02247929538582884,0.014266949344875964,
0.0216787838730998,0.024586913417052214,0.020097514601894663,0.024586913417052214,0.016358958377893095,
0.018370607028753993,0.024094781682641106,0.017419309487284318,0.024094781682641106,0.015579837471613851,
0.016184664367206156,0.024011674184133722,0.019682057690810363,0.024011674184133722,0.015639206067439303,
0.01907032181168057,0.021056813667063964,0.018384298560221033,0.021056813667063964,0.014712036657245525,
0.01914130001329257,0.02326199654393194,0.016010518070390306,0.02326199654393194,0.014692958005521764,
0.02147562582345191,0.023583662714097498,0.025435091931024566,0.023583662714097498,0.018107297277363443,
0.020548853241415883,0.02174201246188519,0.015705923768326628,0.02174201246188519,0.013276394935846389,
0.021509633148588017,0.0204539456320929,0.017394898230087434,0.0204539456320929,0.014047430465778363,
0.018503832936822628,0.02498017446471055,0.017812813571337037,0.02498017446471055,0.015966707279265763,
0.019371102560700543,0.022422714607934192,0.013281955814922948,0.022422714607934192,0.012982565951122805,
0.018823219691983677,0.020139528761353165,0.012813809304323886,0.020139528761353165,0.012763201136300114,
0.018366807610993657,0.023652219873150106,0.021388471046926646,0.023652219873150106,0.016372212681322364,
0.017805328409390662,0.021498285412819836,0.01711835054194663,0.021498285412819836,0.014139962136630388,
0.01875748303844619,0.026074231741386192,0.02252648656842088,0.026074231741386192,0.018625362402689815,
0.018745014623770272,0.02552512629619782,0.02354998368804111,0.02552512629619782,0.018261073301531233,
