Majority Class Accuracy,Accuracy,Precision,Recall,F Score,Support
0.02555614406779661,0.023702330508474576,0.023818534732102048,0.023702330508474576,0.017117833302040777,
0.027151706867009358,0.026888098062475288,0.025726449767350577,0.026888098062475288,0.020309345554081433,
0.022331516682174663,0.025521733351056758,0.02441738554354975,0.025521733351056758,0.018036962743478484,
0.02553975776724592,0.025013164823591363,0.020557429501054828,0.025013164823591363,0.016962950649110093,
0.025069637883008356,0.024671707122960605,0.024746810926814203,0.024671707122960605,0.01835392257186864,
0.027620676048928056,0.030119689596212022,0.03145138184389898,0.030119689596212022,0.022014546596252262,
0.026191102921821533,0.024743353514082654,0.020089223781149072,0.024743353514082654,0.016900902791982583,
0.02396716101694915,0.024099576271186442,0.02298245553533636,0.024099576271186442,0.017901329314226104,
0.02345924453280318,0.027833001988071572,0.025638288917502777,0.027833001988071572,0.019467476213588217,
0.02598601767576837,0.0271731961482654,0.028863846341690428,0.0271731961482654,0.02073482316411262,
0.02619047619047619,0.026455026455026454,0.023194573237320784,0.026455026455026454,0.01775158018641724,
0.023856337658933018,0.02595359811246559,0.026486002824355436,0.02595359811246559,0.0193246970615457,
0.028031204548459605,0.026841200581779717,0.02796142927326744,0.026841200581779717,0.01957367587325818,
0.02695167286245353,0.025889537971322357,0.0252495715173887,0.025889537971322357,0.0188211062759454,
0.02682894909043319,0.02866117000392619,0.028102471371534585,0.02866117000392619,0.020398052584346665,
0.025170424750917672,0.02779234399580493,0.02793278530912392,0.02779234399580493,0.02059028430241881,
0.02587579617834395,0.0261411889596603,0.024528585308073763,0.0261411889596603,0.01855241974044395,
0.02475638662101659,0.025546484066368186,0.02435174298922385,0.025546484066368186,0.0178886722334407,
0.027164458718051652,0.025692492974708953,0.021966277239911694,0.025692492974708953,0.01849711594121782,
0.026273885350318472,0.02388535031847134,0.02130259577907631,0.02388535031847134,0.01691426290432066,
0.02819523872855433,0.028860220774039103,0.02822350545130458,0.028860220774039103,0.02030858659847684,
0.023599208965062624,0.027422544495715226,0.029962595955950688,0.027422544495715226,0.021403571565691015,
0.025562913907284768,0.02847682119205298,0.0278771245915441,0.02847682119205298,0.02025523879117522,
0.028124170867604138,0.025603608384186786,0.02513280212422263,0.025603608384186786,0.018288922351922917,
0.022286693920611896,0.027561651061585125,0.026947844160043838,0.027561651061585125,0.02043805585016139,
0.021983843199576216,0.026618990862137464,0.026614718260896494,0.026618990862137464,0.01941812292296417,
0.02314266929651545,0.02866535174227482,0.027805382833931122,0.02866535174227482,0.020618762963653406,
0.024809923969587835,0.028411364545818326,0.02997483126596881,0.028411364545818326,0.02155675510687698,
0.02968066781502584,0.026500596263415926,0.024549401121344374,0.026500596263415926,0.01825051275511795,
0.025056343629855496,0.025719209863449555,0.02490430425523938,0.025719209863449555,0.019634732962802326,
