Majority Class Accuracy,Accuracy,Precision,Recall,F Score,Support
0.03552492046659597,0.033006362672322376,0.031027183840522957,0.033006362672322376,0.026095576305565533,
0.0331709885481111,0.03422403580360669,0.03661199842448002,0.03422403580360669,0.027895562478112142,
0.036835106382978725,0.03590425531914894,0.03397077668315764,0.03590425531914894,0.028282455681562024,
0.033390523954071535,0.032202718754124324,0.03164356518633757,0.032202718754124324,0.025834035646874677,
0.03460981708119489,0.03671535728385314,0.036002318666638465,0.03671535728385314,0.029271383562803757,
0.02888655462184874,0.0351890756302521,0.03332958685515204,0.0351890756302521,0.026793513411362543,
0.0355543850408217,0.03831972609955228,0.042010339591718855,0.03831972609955228,0.03247072904455957,
0.033200531208499334,0.034528552456839307,0.0359428961001873,0.034528552456839307,0.02718232641989848,
0.03358257903712449,0.03240194149285058,0.0303939628664652,0.03240194149285058,0.02579167840448661,
0.03456068057955603,0.034693606274092785,0.03376068244950544,0.034693606274092785,0.02784555931424533,
0.03524112347641759,0.03948065712771595,0.04033826552925624,0.03948065712771595,0.032117637239559765,
0.03244450282411664,0.034677525285695524,0.03360093939532343,0.034677525285695524,0.027846435728174107,
0.03460668175163051,0.0355384001064821,0.03489245369917063,0.0355384001064821,0.028387734070472688,
0.03332892474540405,0.03650310805449015,0.030291709982705348,0.03650310805449015,0.02723977797906239,
0.03390506581571599,0.03669724770642202,0.036938564294136195,0.03669724770642202,0.02943731114207563,
0.03519915310308323,0.03705174010850867,0.03455208551185914,0.03705174010850867,0.02925596263127281,
0.03158451169552002,0.037267080745341616,0.03783580835946963,0.037267080745341616,0.029900594988496232,
0.036758893280632414,0.03504611330698287,0.03467263362677808,0.03504611330698287,0.028916026286700824,
0.03573783463009363,0.03547408677304497,0.03340054942207658,0.03547408677304497,0.027460214067843415,
0.0349269588313413,0.03227091633466136,0.031112657059399213,0.03227091633466136,0.026444872527348378,
0.03297139830508475,0.033765889830508475,0.0334789333412667,0.033765889830508475,0.0276769665624582,
0.030531324345757335,0.035818133756278084,0.033913265051784734,0.035818133756278084,0.029091362405435885,
0.03374917925147735,0.03992120814182534,0.036922485484963276,0.03992120814182534,0.0310170464117323,
0.030146082337317397,0.036653386454183264,0.035293931595131146,0.036653386454183264,0.029024135860605496,
0.03427660422479075,0.03254948850803773,0.03512998045749069,0.03254948850803773,0.02729469087086471,
0.034034165571616294,0.038370565045992115,0.03660462345189506,0.038370565045992115,0.030030484623561792,
0.03325446898002103,0.039037854889589906,0.04092173448661504,0.039037854889589906,0.031243110887646933,
0.03098927294398093,0.03535955502582439,0.03504235272655709,0.03535955502582439,0.028726188873990307,
0.03073254735726586,0.034441647900384155,0.03511990126629797,0.034441647900384155,0.029182936118810444,
0.032685744289839856,0.03780519821475453,0.03805671097160423,0.03780519821475453,0.030560527779943614,
