Majority Class Accuracy,Accuracy,Precision,Recall,F Score,Support
0.011049723756906077,0.013943699026571955,0.00991242557616973,0.013943699026571955,0.008811176780798447,
0.01217414317850999,0.011512504962286622,0.010447373982486534,0.011512504962286622,0.0077852604392705665,
0.009847689075630252,0.013786764705882353,0.013493389894258096,0.013786764705882353,0.009093389030354648,
0.012312988216602674,0.010327022375215147,0.009177425973414597,0.010327022375215147,0.006998359011757031,
0.010386151797603195,0.011318242343541944,0.007748624438405615,0.011318242343541944,0.006579196175726555,
0.010411175540326832,0.010938323668950976,0.016080569277211635,0.010938323668950976,0.007779819478460523,
0.013329813910518675,0.011086181866173947,0.008569882846597543,0.011086181866173947,0.006456190836973017,
0.014760147601476014,0.011201897733263046,0.012800097495375879,0.011201897733263046,0.00775422781240243,
0.00973044049967127,0.009861932938856016,0.010821301359714012,0.009861932938856016,0.005976706550762306,
0.012327677624602334,0.012062566277836691,0.01090208799958499,0.012062566277836691,0.007605314596161056,
0.012146818061790335,0.011222603644045419,0.00797471654530215,0.011222603644045419,0.0067938338758562955,
0.012030671602326811,0.012295081967213115,0.011319162066618624,0.012295081967213115,0.008250050186276892,
0.013954713006845709,0.01474460242232754,0.015683918551299504,0.01474460242232754,0.009701425504657744,
0.012919552477357486,0.011720831113478956,0.01226871627217421,0.011720831113478956,0.008285449122455185,
0.015583377730420884,0.010788492274906766,0.010283229618117836,0.010788492274906766,0.0066686405831671465,
0.01458692481103302,0.014189099588913937,0.01250125856653697,0.014189099588913937,0.00934399136941606,
0.013154433043935806,0.01157590107866351,0.019013253268129773,0.01157590107866351,0.007171965927920858,
0.013391673296207902,0.013126491646778043,0.012305184687120068,0.013126491646778043,0.008125915596442374,
0.012089356110381078,0.010775295663600526,0.00841062876985565,0.010775295663600526,0.006820741467013088,
0.01292534951200211,0.01160643629649169,0.008388653177699547,0.01160643629649169,0.007282405541111409,
0.01105117747664781,0.011708985659781608,0.00817069384603031,0.011708985659781608,0.007549325501422694,
0.009025749933634192,0.01247677196708256,0.014608931463230999,0.01247677196708256,0.008900082272255043,
0.012779973649538867,0.01225296442687747,0.010511494957340148,0.01225296442687747,0.007769238841985056,
0.012773242033184093,0.012904924940742692,0.009973767735613889,0.012904924940742692,0.007999077444349495,
0.012401055408970976,0.011609498680738786,0.009302742947710895,0.011609498680738786,0.006935749191674703,
0.013077939233817702,0.011228533685601057,0.010655109169703154,0.011228533685601057,0.007784200280992353,
0.012604484542921587,0.012604484542921587,0.011725557485030964,0.012604484542921587,0.007966506350518187,
0.011265391668849881,0.011658370447995808,0.009259461516691029,0.011658370447995808,0.0075989265430865365,
0.015390739020830569,0.01167573305028526,0.008065322526268548,0.01167573305028526,0.007109676445692803,
0.013371788148925014,0.013109596224436287,0.014176794675288183,0.013109596224436287,0.008345919502739354,
