Majority Class Accuracy,Accuracy,Precision,Recall,F Score,Support
0.5488651535380508,0.5488651535380508,0.301252956768348,0.5488651535380508,0.3889983012145378,
0.5592529264763909,0.5592529264763909,0.31276383577240746,0.5592529264763909,0.4011713949181972,
0.5425673872431278,0.5425673872431278,0.2943793696998342,0.5425673872431278,0.3816745668737989,
0.5507111524657716,0.5507111524657716,0.3032827734501784,0.5507111524657716,0.3911531466939297,
0.5515736577624967,0.5515736577624967,0.3042334999374998,0.5515736577624967,0.39216120796511955,
0.5501656726308813,0.5501656726308813,0.3026822673413901,0.5501656726308813,0.3905160237843346,
0.5568695190007973,0.5568695190007973,0.3101036611921793,0.5568695190007973,0.3983682092911738,
0.5553341304636641,0.5553341304636641,0.3083959964578339,0.5553341304636641,0.39656558731325126,
0.5437212360289283,0.5437212360289283,0.29563278250882563,0.5437212360289283,0.3830131705246369,
0.5482890738538777,0.5482890738538777,0.3006209085075429,0.5482890738538777,0.3883265904076444,
0.542054848445086,0.542054848445086,0.2938234587228251,0.542054848445086,0.38108042527682945,
0.5493237867939539,0.5493237867939539,0.30175662273764925,0.5493237867939539,0.38953332455068046,
0.543056837663194,0.543056837663194,0.29491072893274867,0.543056837663194,0.38224221134895014,
0.5543882978723405,0.5543882978723405,0.30734638481779086,0.5543882978723405,0.39545638015737655,
0.553314880717016,0.553314880717016,0.30615735722288556,0.553314880717016,0.3941987050063696,
0.5577126254622292,0.5577126254622292,0.3110433725999728,0.5577126254622292,0.3993591212084772,
0.5581825386342624,0.5581825386342624,0.31156774643618973,0.5581825386342624,0.39991174167472954,
0.5550013126804936,0.5550013126804936,0.308026457077071,0.5550013126804936,0.3961751730564117,
0.5557463672391018,0.5557463672391018,0.3088540246994585,0.5557463672391018,0.3970493278381423,
0.5494447382337387,0.5494447382337387,0.3018895203727417,0.5494447382337387,0.3896744594026311,
0.5508776560644054,0.5508776560644054,0.3034661919510134,0.5508776560644054,0.3913476872458222,
0.5470995210218201,0.5470995210218201,0.29931788590230496,0.5470995210218201,0.3869407001103757,
0.5610636023516836,0.5610636023516836,0.3147923658838482,0.5610636023516836,0.4033049843832439,
0.5555701179554391,0.5555701179554391,0.30865815596502044,0.5555701179554391,0.3968424854685494,
0.549848544712235,0.549848544712235,0.3023334221221627,0.549848544712235,0.390145763795646,
0.5483443708609271,0.5483443708609271,0.300681549054866,0.5483443708609271,0.38839105138823576,
0.548801483247252,0.548801483247252,0.3011830680143838,0.548801483247252,0.3889240438780013,
0.5502800746865831,0.5502800746865831,0.3028081605970715,0.5502800746865831,0.39064961943510695,
0.5463632776535579,0.5463632776535579,0.29851283116833877,0.5463632776535579,0.3860837042396665,
0.5596500530222693,0.5596500530222693,0.3132081818478289,0.5596500530222693,0.4016390487608399,
