Majority Class Accuracy,Accuracy,Precision,Recall,F Score,Support
0.3079787234042553,0.3079787234042553,0.0948508940697148,0.3079787234042553,0.14503430732091405,
0.3176689234036904,0.3176689234036904,0.10091354489645972,0.3176689234036904,0.15316980328531757,
0.31586551090097187,0.31586551090097187,0.09977102097673199,0.31586551090097187,0.15164318868486623,
0.31645237470480186,0.31645237470480186,0.10014210545630833,0.31645237470480186,0.15213935176160698,
0.3188329609672756,0.3188329609672756,0.10165445699916029,0.3188329609672756,0.15415819896494481,
0.30097087378640774,0.30097087378640774,0.09058346686775379,0.30097087378640774,0.1392551804086364,
0.3119229754682142,0.3119229754682142,0.09729594262494415,0.3119229754682142,0.14832569357239903,
0.31708602292188115,0.31708602292188115,0.10054354593241574,0.31708602292188115,0.1526757465839104,
0.3100327868852459,0.3100327868852459,0.09612032894383231,0.3100327868852459,0.14674492105250203,
0.3104716857180397,0.3104716857180397,0.0963926676326012,0.3104716857180397,0.14711140833200878,
0.3181042405146383,0.3181042405146383,0.10119030783339486,0.3181042405146383,0.15353915832011328,
0.30961844197138316,0.30961844197138316,0.09586357960878675,0.30961844197138316,0.14639925116583155,
0.3182294394971189,0.3182294394971189,0.10126997616265046,0.3182294394971189,0.15364544764116808,
0.3205519437441953,0.3205519437441953,0.10275354863818176,0.3205519437441953,0.15562212319621738,
0.30505581089954037,0.30505581089954037,0.09305904776357614,0.30505581089954037,0.14261313115710048,
0.31235895393601487,0.31235895393601487,0.09756811610400146,0.31235895393601487,0.14869120344152195,
0.31024416135881105,0.31024416135881105,0.09625143965723199,0.31024416135881105,0.14692137922967394,
0.3133872893724293,0.3133872893724293,0.09821159314019877,0.3133872893724293,0.14955465754069663,
0.31562994201370587,0.31562994201370587,0.09962226029557533,0.31562994201370587,0.15144419736007725,
0.31571238348868175,0.31571238348868175,0.09967430908810444,0.31571238348868175,0.15151382678912348,
0.3102857895430001,0.3102857895430001,0.09627727119232297,0.3102857895430001,0.1469561403484387,
0.31329113924050633,0.31329113924050633,0.09815133792661432,0.31329113924050633,0.1494738447460729,
0.3187224375250568,0.3187224375250568,0.10158399218191373,0.3187224375250568,0.15406425081014602,
0.3183159023866988,0.3183159023866988,0.10132501371225838,0.3183159023866988,0.15371886742596075,
0.30434782608695654,0.30434782608695654,0.09262759924385634,0.30434782608695654,0.14202898550724638,
0.32377428307123035,0.32377428307123035,0.1048297863782892,0.32377428307123035,0.15838015244574513,
0.31490097035757014,0.31490097035757014,0.09916262113213926,0.31490097035757014,0.1508290333152211,
0.3201963906581741,0.3201963906581741,0.10252572859052206,0.3201963906581741,0.15531890454481337,
0.3136172450052576,0.3136172450052576,0.09835577636468779,0.3136172450052576,0.14974799811537817,
0.3126149802890933,0.3126149802890933,0.0977281259011502,0.3126149802890933,0.14890600422619943,
