Majority Class Accuracy,Accuracy,Precision,Recall,F Score,Support
0.013990585774058577,0.011244769874476987,0.010560529856111106,0.011244769874476987,0.009797480632798346,
0.011442256519425226,0.013038850452368281,0.012088874057643443,0.013038850452368281,0.011172600121434962,
0.010059563203176703,0.011383189940436796,0.012880453782922742,0.011383189940436796,0.010315203054270316,
0.012834083090764753,0.01243715268589574,0.011713219137333359,0.01243715268589574,0.010699499872767072,
0.0156519432285449,0.011142061281337047,0.009966639934239022,0.011142061281337047,0.009706027474541265,
0.011303191489361703,0.011702127659574468,0.012822257495947587,0.011702127659574468,0.010688083925752545,
0.01514951916743512,0.010538795942563562,0.009840373284667686,0.010538795942563562,0.0088765524146306,
0.01063264221158958,0.011961722488038277,0.011818760796393444,0.011961722488038277,0.010091113657812413,
0.0121548421191703,0.01070154577883472,0.00927309710433476,0.01070154577883472,0.009019378264896348,
0.01296982530439386,0.012175754367390153,0.011215547014035352,0.012175754367390153,0.010355069621710962,
0.013881544156530937,0.010973030142781597,0.009373321505179888,0.010973030142781597,0.009200905049953719,
0.0127506973037588,0.011688139195112232,0.011255388309093,0.011688139195112232,0.010577517973458626,
0.011100832562442183,0.013347429628650721,0.012202944216161813,0.013347429628650721,0.011649364675449778,
0.013192612137203167,0.011741424802110817,0.011779043562607843,0.011741424802110817,0.010458576557162477,
0.013743887934452227,0.013215276860050218,0.013111140532005813,0.013215276860050218,0.011442805741733467,
0.01045388381632923,0.01005690088659521,0.008649216317447167,0.01005690088659521,0.008339352030302193,
0.012142008710571466,0.011350138577273327,0.011792976013714622,0.011350138577273327,0.010308593337096304,
0.013150973172014729,0.011572856391372961,0.0118368520691497,0.011572856391372961,0.01061149651711683,
0.00810200557843007,0.011024040377208128,0.009809333670015819,0.011024040377208128,0.009064093314783007,
0.011456412957598104,0.0118514616802739,0.01080058757611953,0.0118514616802739,0.010089195471406461,
0.01287838555496548,0.011949017525225704,0.013650729715678572,0.011949017525225704,0.010992752066574404,
0.01253628925837952,0.012668250197941409,0.014241863679130662,0.012668250197941409,0.011784431569683087,
0.0120703227499344,0.01272631855156127,0.011425953566235788,0.01272631855156127,0.010878077955162014,
0.011059907834101382,0.011059907834101382,0.011170531862943693,0.011059907834101382,0.009946257077698487,
0.013135199681570916,0.011543054265622927,0.009365039751730128,0.011543054265622927,0.009526160971373971,
0.0116386721333157,0.010580611030286999,0.010185787572347206,0.010580611030286999,0.009023391086828876,
0.01223404255319149,0.013297872340425532,0.01308982135587603,0.013297872340425532,0.011259769255060259,
0.011681323008268801,0.009056306601916262,0.00846147876368256,0.009056306601916262,0.007936012528035994,
0.010784183197976301,0.01251497803221941,0.012142382719858156,0.01251497803221941,0.010131996338681993,
0.011813113883727104,0.011813113883727104,0.01137380188437195,0.011813113883727104,0.010268972791064111,
