Majority Class Accuracy,Accuracy,Precision,Recall,F Score,Support
0.06997237932395108,0.06760489280547152,0.0688879891005345,0.06760489280547152,0.06666161046401757,
0.06333465555996298,0.07113579267486447,0.06962205449960597,0.07113579267486447,0.06814157220737382,
0.0652318320712103,0.0693503387803906,0.0700756177783681,0.0693503387803906,0.06764610827382551,
0.06454183266932272,0.07211155378486056,0.07046201122382016,0.07211155378486056,0.06986965167441005,
0.06772219265566791,0.07756785524215008,0.07513872591840742,0.07756785524215008,0.07395650824427161,
0.0661745320326918,0.07474294753493277,0.0760028746084587,0.07474294753493277,0.0724962018236491,
0.06735889243876464,0.0694888178913738,0.06980425443745356,0.0694888178913738,0.06778276286205684,
0.06736230352661471,0.07779685642583542,0.07589009457484042,0.07779685642583542,0.07436354295838028,
0.07044854881266491,0.07401055408970976,0.0744726365037987,0.07401055408970976,0.07213358941665368,
0.06348158901940082,0.07469974924112445,0.07455690925667938,0.07469974924112445,0.07358762958054729,
0.06594126900891452,0.07302045097011012,0.07215965395943304,0.07302045097011012,0.06936324670703224,
0.06746666666666666,0.06933333333333333,0.06828354291302838,0.06933333333333333,0.0670046401784994,
0.06551542314790404,0.07105193778012128,0.06984829219359984,0.07105193778012128,0.06885957838790008,
0.07040938791838912,0.07200960128017068,0.07252300104733264,0.07200960128017068,0.07001483981181598,
0.06477572559366755,0.070844327176781,0.06858648715743192,0.070844327176781,0.06826954360013968,
0.06409747053370414,0.07495695934313336,0.07446423841422747,0.07495695934313336,0.072844917865725,
0.06459709379128137,0.06723910171730516,0.06663895143398162,0.06723910171730516,0.06498166315214687,
0.06463124504361618,0.07269362939466033,0.07241532987083608,0.07269362939466033,0.07148862707877933,
0.06382411725516322,0.07928047968021319,0.07712149019934662,0.07928047968021319,0.07666779159186707,
0.062294651071100014,0.07110001314233146,0.07095321784347862,0.07110001314233146,0.06953327183702354,
0.06703762586115528,0.06849496555378909,0.06591237339172386,0.06849496555378909,0.06380581598898952,
0.06761047896268854,0.0723736438211167,0.07288446944804133,0.0723736438211167,0.07069442097185721,
0.06683430386447856,0.07636315510852303,0.07486868727007025,0.07636315510852303,0.07434675878123694,
0.06912503304255882,0.07586571504097277,0.07593901199902685,0.07586571504097277,0.07393365813093691,
0.06661379857256146,0.07071107586571504,0.07212600076691301,0.07071107586571504,0.06964573290367458,
0.0669149926832513,0.07596115471597711,0.07558785226101068,0.07596115471597711,0.07326448225902145,
0.06688741721854305,0.08185430463576158,0.07968234337706522,0.08185430463576158,0.07833340030380936,
0.06596166556510244,0.07243886318572373,0.0692950436687656,0.07243886318572373,0.06910112885819232,
0.0676123558265942,0.07331300543550312,0.07226622733161218,0.07331300543550312,0.07168592048462105,
0.06703615729743996,0.07746107152282924,0.0756286639791749,0.07746107152282924,0.07435783551362107,
