Majority Class Accuracy,Accuracy,Precision,Recall,F Score,Support
0.017518440463645944,0.019625922023182297,0.017958734603342102,0.019625922023182297,0.013692072554076921,
0.018275725069527213,0.020129784134551715,0.020422205374837545,0.020129784134551715,0.015258279629484204,
0.022961203483768806,0.022697281604645025,0.02657408891003021,0.022697281604645025,0.01749177913150113,
0.018069111052492745,0.01701398048008441,0.018003657939183692,0.01701398048008441,0.012406550947407415,
0.020690564048497628,0.01805482340537691,0.021160665992590234,0.01805482340537691,0.014331621049721606,
0.016556291390728478,0.020264900662251655,0.02014742220969425,0.020264900662251655,0.015702333415844084,
0.015784586815227482,0.01830481496219658,0.015836756074482466,0.01830481496219658,0.01279916885040438,
0.019350563286944997,0.0194831013916501,0.02392001657397138,0.0194831013916501,0.01523369855949867,
0.01622049320849268,0.01806672820783331,0.0183116277602542,0.01806672820783331,0.013121386858289048,
0.016733067729083666,0.015670650730411687,0.012138781159746238,0.015670650730411687,0.010639078016173522,
0.01855041738439115,0.01815290844043991,0.01974553775877682,0.01815290844043991,0.013914911477448888,
0.018143292279168322,0.020924380876705072,0.01861367056006098,0.020924380876705072,0.015767056838730618,
0.01862123613312203,0.01901743264659271,0.017225003943471894,0.01901743264659271,0.01440449944835548,
0.01893242177228504,0.02208782540099921,0.02051159803862341,0.02208782540099921,0.01587654500394672,
0.018363273453093812,0.020226214238190286,0.02336369740322144,0.020226214238190286,0.015549152249341433,
0.019722038385175382,0.02183984116479153,0.021632527271333322,0.02183984116479153,0.015890800169640906,
0.017986083760010502,0.01706708677957201,0.014681966086999048,0.01706708677957201,0.011765381085823763,
0.019110816191108163,0.01977438619774386,0.019713062366746702,0.01977438619774386,0.01397802362805205,
0.017037135631571942,0.02182883002795155,0.01937727830588747,0.02182883002795155,0.01594434294389417,
0.020639147802929428,0.019973368841544607,0.01964061171538569,0.019973368841544607,0.014194064473296429,
0.01650692225772098,0.019568690095846646,0.018196552385765747,0.019568690095846646,0.013737095894918531,
0.016544362908605736,0.017878585723815878,0.018886514853199456,0.017878585723815878,0.013226373813719421,
0.01837549933422104,0.019307589880159785,0.018625118932595695,0.019307589880159785,0.014236098671461134,
0.019553805774278215,0.021128608923884514,0.02356888993487937,0.021128608923884514,0.01573561353921129,
0.01855287569573284,0.020673204346673735,0.020944543219706662,0.020673204346673735,0.01533530508455807,
0.020169851380042462,0.019639065817409766,0.020028052289242607,0.019639065817409766,0.014560910906026407,
0.017734250926416093,0.018131286394917945,0.016568959816553527,0.018131286394917945,0.012931823847625942,
0.01687156683233063,0.020664399686110384,0.02348214955833286,0.020664399686110384,0.01641115015853857,
0.019347196630692287,0.019742037378257436,0.019540858492777112,0.019742037378257436,0.014330377677630499,
0.01814595660749507,0.01985535831689678,0.018993915983481498,0.01985535831689678,0.014287938915141673,
