Majority Class Accuracy,Accuracy,Precision,Recall,F Score,Support
0.014047525272416962,0.01483523696993567,0.011400864883059865,0.01483523696993567,0.00953193651539009,
0.01713683100448194,0.01792776166622726,0.01808758144883564,0.01792776166622726,0.011786365231737905,
0.01623119556611243,0.01253628925837952,0.015197394615272102,0.01253628925837952,0.009122921695105174,
0.014500395465330872,0.01674136567360928,0.013854869002946019,0.01674136567360928,0.010207400147334436,
0.016426016690952443,0.016028613061332627,0.01641669798862599,0.016028613061332627,0.010770808672596908,
0.016649048625792813,0.014006342494714588,0.011359653085236012,0.014006342494714588,0.009597353766452212,
0.014406555643669047,0.014406555643669047,0.008303495188967709,0.014406555643669047,0.008071641309859386,
0.015671042057326546,0.014599517814090544,0.013358803107366741,0.014599517814090544,0.009406804335303168,
0.017179384738314023,0.014649087761353043,0.016218401489199594,0.014649087761353043,0.009930870043971696,
0.01717532038578412,0.015854141894569955,0.01187334529331389,0.015854141894569955,0.009837850852113932,
0.017583289264939187,0.014410364886303543,0.01148683540727976,0.014410364886303543,0.010162534145833882,
0.011876484560570071,0.014647664291369754,0.013840045449897191,0.014647664291369754,0.010068171682113197,
0.012976694915254237,0.01694915254237288,0.019412974796632468,0.01694915254237288,0.012354533262896367,
0.014006342494714588,0.016649048625792813,0.02087575571059501,0.016649048625792813,0.011668558820906368,
0.016693163751987282,0.016825649178590356,0.016690076080652785,0.016825649178590356,0.011042277696102682,
0.014189099588913937,0.016973876143747513,0.01439668138434792,0.016973876143747513,0.010503853370137813,
0.014791336502905442,0.01347068145800317,0.02182639955975364,0.01347068145800317,0.00945479892055552,
0.015810276679841896,0.016600790513833993,0.02232284842157867,0.016600790513833993,0.012321126594288731,
0.017407358565211657,0.013187392852433075,0.010314857250999192,0.013187392852433075,0.007765668392444167,
0.01573865890755191,0.014416082528766036,0.016835528268716867,0.014416082528766036,0.00976312268824404,
0.015455746367239101,0.017173051519154558,0.014987562642300039,0.017173051519154558,0.011566545844571318,
0.013797634691195795,0.014586070959264126,0.021930656779636373,0.014586070959264126,0.010599942780389658,
0.01761356111773275,0.014567606939478214,0.01267679903650028,0.014567606939478214,0.009205539639486051,
0.014828544949026877,0.0164173176221369,0.013126230751927136,0.0164173176221369,0.010560751523180109,
0.018391108758930935,0.014554114845197141,0.014924345851120282,0.014554114845197141,0.00949024627621256,
0.014444738934534853,0.014577259475218658,0.014892374166765365,0.014577259475218658,0.010557702557117967,
0.015101772816808929,0.017596848325673015,0.023374343268052006,0.017596848325673015,0.013225204288999556,
0.013552631578947368,0.013421052631578948,0.01256628316738705,0.013421052631578948,0.009431556638810762,
0.012823938017632914,0.015495591771306438,0.015405033023278265,0.015495591771306438,0.010652013958667748,
0.015577557755775578,0.015181518151815182,0.013725595582375644,0.015181518151815182,0.009138323791860426,
