Majority Class Accuracy,Accuracy,Precision,Recall,F Score,Support
0.4259406465288818,0.38195548489666137,0.22821318482790404,0.38195548489666137,0.27389011983077455,
0.42444709310025164,0.3153224738445239,0.22956859233460153,0.3153224738445239,0.25773780118507744,
0.42821357943309163,0.3760052735662492,0.23313803983345743,0.3760052735662492,0.2761938559528786,
0.41757511300186123,0.36386599308694495,0.21992224485714343,0.36386599308694495,0.2630490251046168,
0.41988288528080914,0.3167420814479638,0.2205490887432549,0.3167420814479638,0.2503878810083833,
0.40809555408095555,0.31187790311877905,0.21097451738071668,0.31187790311877905,0.24331920898675855,
0.42165016501650165,0.3718811881188119,0.23464268212570363,0.3718811881188119,0.27206430635606954,
0.4188260179799048,0.36686938127974617,0.2146292276103405,0.36686938127974617,0.2582010825480072,
0.4328752642706131,0.34606236786469347,0.23384054164937323,0.34606236786469347,0.271416343577128,
0.425467474321833,0.37687648143271,0.2389618752390638,0.37687648143271,0.2761730564927157,
0.43000263643553915,0.3746374901133667,0.23511182980630788,0.3746374901133667,0.2737075687653033,
0.4259531772575251,0.3323076923076923,0.22787332973116348,0.3323076923076923,0.26488135151775744,
0.4208056315995307,0.37283274670838223,0.2284363685901839,0.37283274670838223,0.2672543992224606,
0.4226585301140886,0.32687715574422926,0.2277131805045063,0.32687715574422926,0.2644087546847957,
0.42567657645647244,0.3780829222770297,0.23568969234790155,0.3780829222770297,0.2739947125494924,
0.4233161307397115,0.3719730051607781,0.22674967971967797,0.3719730051607781,0.26793878208873223,
0.42058047493403694,0.3766490765171504,0.22703509226992996,0.3766490765171504,0.26805428027256945,
0.4113352800637112,0.3704539421290151,0.22672514961752047,0.3704539421290151,0.26130250940124283,
0.43027098479841375,0.37871777924653005,0.2378841984481092,0.37871777924653005,0.28034720825363046,
0.42931103146156907,0.36944112571352716,0.2345753521568082,0.36944112571352716,0.2746731972661755,
0.41278454208575965,0.3581259925886712,0.22020598994433724,0.3581259925886712,0.2560682801241373,
0.4044884488448845,0.36052805280528055,0.2146324519824182,0.36052805280528055,0.2522676667032898,
0.41896024464831805,0.3644462172583433,0.2212242478749441,0.3644462172583433,0.2588246920630254,
0.4294405501917736,0.3265441079222325,0.23041575877984632,0.3265441079222325,0.2559272992364513,
0.4280237937871778,0.3780568407138136,0.2332350839937965,0.3780568407138136,0.2746424935204356,
0.40522269353128315,0.35882820784729585,0.2168696769564481,0.35882820784729585,0.25548276182971996,
0.41971531195955836,0.34548357057336704,0.23561337044941247,0.34548357057336704,0.27203681866888696,
0.4249538380374571,0.3764178317066737,0.227369871307752,0.3764178317066737,0.26766608210943105,
0.41143158172000527,0.3293823258264191,0.22095295177013985,0.3293823258264191,0.2558999734924758,
0.43061760840998686,0.3776609724047306,0.23661354890297714,0.3776609724047306,0.27773851983194836,
