Majority Class Accuracy,Accuracy,Precision,Recall,F Score,Support
0.013420143502524582,0.016343343077331915,0.013372877635782978,0.016343343077331915,0.01041199179528316,
0.012566137566137565,0.012698412698412698,0.011934685611386175,0.012698412698412698,0.006650738955426868,
0.012299960322708636,0.01203544504695146,0.0075655121513476436,0.01203544504695146,0.007486566454875577,
0.013776659160153663,0.010597430123195126,0.011713267795473116,0.010597430123195126,0.007629686068104786,
0.015023721665788086,0.011860832894043227,0.009412513696471182,0.011860832894043227,0.006420208619661456,
0.013877978528410578,0.011652264990835296,0.0072986648409759805,0.011652264990835296,0.007426136384029531,
0.012531328320802004,0.013190871916633689,0.012132014674647145,0.013190871916633689,0.009017128642074667,
0.01308139534883721,0.011495771670190275,0.011598961438991211,0.011495771670190275,0.007520048965412061,
0.011548556430446194,0.012204724409448819,0.013650886790980662,0.012204724409448819,0.008886119307319931,
0.011939506500397984,0.010480233483682674,0.0060869748578143605,0.010480233483682674,0.005717835108464874,
0.011402810925483956,0.010739856801909307,0.006111504026810118,0.010739856801909307,0.005730008806514403,
0.011614095288372707,0.012405965421670846,0.009467521912366269,0.012405965421670846,0.006700416390898818,
0.012054576765134455,0.012451980394754272,0.008851018044446312,0.012451980394754272,0.00742955471601229,
0.013689614321442676,0.00987231802027116,0.007372901837231407,0.00987231802027116,0.00609142292894392,
0.011444356748224152,0.010392002104709287,0.008371907021861658,0.010392002104709287,0.007047403822525685,
0.011111111111111112,0.012037037037037037,0.008710609957873875,0.012037037037037037,0.007342899480338754,
0.012000527495714097,0.01265989713833575,0.009825384532607596,0.01265989713833575,0.007703359291796866,
0.01285414480587618,0.011935991605456454,0.01628521613008289,0.011935991605456454,0.007946910406603681,
0.011007731621019526,0.010745642772900013,0.006871089036089402,0.010745642772900013,0.006570849566937467,
0.013203063110641669,0.012278848692896752,0.006954183767449853,0.012278848692896752,0.006370176221577283,
0.01284427966101695,0.012314618644067797,0.006209723137257914,0.012314618644067797,0.006958024250781563,
0.010991921599788108,0.010991921599788108,0.006018006371017451,0.010991921599788108,0.006147329612357032,
0.01083652702524118,0.013347429628650721,0.00872926934523619,0.013347429628650721,0.007871753747808578,
0.011402810925483956,0.012065765049058605,0.008143614983347418,0.012065765049058605,0.007595363913576386,
0.011453396524486572,0.01276987888362296,0.0085430335952048,0.01276987888362296,0.007531401169272418,
0.01344157572531275,0.012376896459941443,0.009157132123332008,0.012376896459941443,0.007726609186430425,
0.01282729436656969,0.009124570219518647,0.012330907237513039,0.009124570219518647,0.00565019433898904,
0.014195583596214511,0.011829652996845425,0.008749001876912472,0.011829652996845425,0.007781396346742629,
0.014131008980454305,0.009508716323296355,0.011206548487126267,0.009508716323296355,0.005606585782382495,
0.013758433655245404,0.012303214710940601,0.007135294844740652,0.012303214710940601,0.007093975790198701,
