Majority Class Accuracy,Accuracy,Precision,Recall,F Score,Support
0.20146904512067157,0.16369359916054566,0.0836853528986151,0.16369359916054566,0.1022729288009157,
0.19210006583278472,0.15523370638578013,0.08461758792543801,0.15523370638578013,0.0965360561673292,
0.19708609271523178,0.15178807947019868,0.08604373479317001,0.15178807947019868,0.10102008376570187,
0.20421521141510668,0.16743029192302658,0.09121295263995581,0.16743029192302658,0.1057498961114992,
0.1919766980007944,0.1543757447371905,0.07569656799738447,0.1543757447371905,0.08984094381991962,
0.20167627029858565,0.1639601885804086,0.08507460574318754,0.1639601885804086,0.10128261274542613,
0.2002643754130866,0.16417713152676802,0.08197050751902984,0.16417713152676802,0.09711508988785361,
0.20087048272223687,0.1585333685043524,0.08226959723087246,0.1585333685043524,0.09728245936632132,
0.20237154150197628,0.16100131752305666,0.08400891759749557,0.16100131752305666,0.10174811798536361,
0.20052356020942408,0.15785340314136126,0.08698887558498036,0.15785340314136126,0.103798506564024,
0.19838752312979116,0.161908538197198,0.08295335683599553,0.161908538197198,0.10049638274029685,
0.20291951604418726,0.16057338243029984,0.07982593406936443,0.16057338243029984,0.09760892161026241,
0.19708609271523178,0.15390728476821192,0.08112936822462799,0.15390728476821192,0.09544669987835462,
0.1930797675647121,0.1502905441098785,0.07923252292855787,0.1502905441098785,0.09574033713709829,
0.20129015271195366,0.14323328067403895,0.08293401110302456,0.14323328067403895,0.09912932538440886,
0.19637937819756002,0.15977961432506887,0.09843588534134841,0.15977961432506887,0.09811833666921231,
0.1956090464224309,0.15262531411188995,0.08205690611562211,0.15262531411188995,0.0990800611376474,
0.20199763438033908,0.15061111841240635,0.08620571967554498,0.15061111841240635,0.1002125003895004,
0.19609406137903548,0.1501262123023781,0.076402258569823,0.1501262123023781,0.09485116300845063,
0.19737539766702014,0.14939024390243902,0.0895560720487454,0.14939024390243902,0.09890059026586374,
0.2042457805907173,0.1628428270042194,0.08257986744009005,0.1628428270042194,0.10133751633554866,
0.2020507427369528,0.16458525042723807,0.07991662106338848,0.16458525042723807,0.09908247767814425,
0.19211431595660228,0.16062450383699392,0.08007623559754212,0.16062450383699392,0.09560234701873038,
0.19440021231422505,0.166932059447983,0.09057114053746367,0.166932059447983,0.1019090028704019,
0.1923686295220491,0.15051491946131504,0.07832377088471247,0.15051491946131504,0.09591417070889549,
0.20087451967669273,0.16244865509473963,0.08426889667675183,0.16244865509473963,0.10020655706873718,
0.1964025922497024,0.16003174183309085,0.08444796617569683,0.16003174183309085,0.09693102061350427,
0.19936667106478428,0.1439503892334081,0.08408505844304744,0.1439503892334081,0.09798075395811423,
0.1986754966887417,0.14860927152317882,0.07849788720164314,0.14860927152317882,0.09538867721712802,
0.1915204678362573,0.15895800106326421,0.08178228326066357,0.15895800106326421,0.09693256191353843,
