Majority Class Accuracy,Accuracy,Precision,Recall,F Score,Support
0.023756103998944175,0.022172363732347895,0.018924776495783353,0.022172363732347895,0.014391119208489183,
0.022977819099482003,0.024438836498871033,0.027091183831446205,0.024438836498871033,0.0179944488597317,
0.019762845849802372,0.025032938076416336,0.023287890341778715,0.025032938076416336,0.017621120040095833,
0.023775121502692762,0.024037830027584396,0.024627928715738972,0.024037830027584396,0.01686302606713262,
0.02053524112347642,0.02490726020137785,0.024334760379724048,0.02490726020137785,0.017058559510974007,
0.0252167060677699,0.024691358024691357,0.022134345047035164,0.024691358024691357,0.017825821337247444,
0.02040816326530612,0.02197802197802198,0.02097737874688854,0.02197802197802198,0.015784639160190222,
0.019482217573221758,0.02301255230125523,0.01710884272445186,0.02301255230125523,0.014811996027883712,
0.02558048012593467,0.024531024531024532,0.028097703828518738,0.024531024531024532,0.0179304112227133,
0.02928373565492679,0.022424482258277274,0.023374560546890327,0.022424482258277274,0.016324199327896884,
0.019639065817409766,0.023752653927813165,0.030065358625029653,0.023752653927813165,0.01738940252453624,
0.020717131474103586,0.025365205843293492,0.02538090950728304,0.025365205843293492,0.01713806165731624,
0.024874967096604368,0.024085285601474073,0.019282669543785314,0.024085285601474073,0.01524134705367566,
0.026618990862137464,0.02542709574890743,0.025904987948321644,0.02542709574890743,0.01773987105781693,
0.024107495718614147,0.02213147147938348,0.020481795923973773,0.02213147147938348,0.015650516608824046,
0.019475357710651828,0.02530471648118707,0.028545711598709163,0.02530471648118707,0.01897814843532079,
0.023323615160349854,0.02570898489265836,0.029725565485366336,0.02570898489265836,0.019169929814119017,
0.020629463104998677,0.023406506215286962,0.025864125522822363,0.023406506215286962,0.016857521010178216,
0.021785054132558754,0.025745973065751254,0.0255918848178033,0.025745973065751254,0.01914851850900555,
0.021883289124668436,0.023740053050397877,0.016180469671453344,0.023740053050397877,0.014026148293531377,
0.024795568451595886,0.02321287259298338,0.02270172720304861,0.02321287259298338,0.015932719137184914,
0.02071786751121668,0.023752969121140142,0.021649724596539063,0.023752969121140142,0.015052519684248358,
0.026465528648934762,0.02461294164350933,0.02053492669584893,0.02461294164350933,0.01676163590808149,
0.021455837830722652,0.021060945109911806,0.026576283366513527,0.021060945109911806,0.01544407446313634,
0.02365847211208036,0.02696272799365583,0.02393165570204973,0.02696272799365583,0.017317021610112705,
0.020952128364938337,0.024665163771383107,0.023605790118819716,0.024665163771383107,0.01759759294998267,
0.024370860927152318,0.027019867549668876,0.030365829038800352,0.027019867549668876,0.020042432193208653,
0.02310536044362292,0.023765513599155005,0.02724133557871467,0.023765513599155005,0.01890142954797463,
0.022413793103448276,0.02559681697612732,0.022869975663096953,0.02559681697612732,0.01829723670300656,
0.022670685362337833,0.024898440571353687,0.02243705204211943,0.024898440571353687,0.017747720564981407,
