Majority Class Accuracy,Accuracy,Precision,Recall,F Score,Support
0.01270009260484191,0.013626141023944965,0.014805335899214447,0.013626141023944965,0.012495388859610618,
0.013513513513513514,0.013513513513513514,0.01251505474996749,0.013513513513513514,0.011184562541861414,
0.009919322840894062,0.013093506149980162,0.012078516274236301,0.013093506149980162,0.011435070185817962,
0.015343915343915344,0.014153439153439154,0.015461806208792702,0.014153439153439154,0.013096914292629613,
0.01148363252375924,0.011747624076029566,0.011102283076431728,0.011747624076029566,0.010131962540671259,
0.012280470091113166,0.01373299881156741,0.0132226911561525,0.01373299881156741,0.012012188687999147,
0.012771560236998025,0.01000658327847268,0.013023061303289398,0.01000658327847268,0.010060333904641137,
0.012549537648612946,0.016116248348745046,0.016715497614637205,0.016116248348745046,0.0148084827625989,
0.01302844988035097,0.013161393246477,0.014709323753425615,0.013161393246477,0.012426065507113532,
0.012916831422169501,0.010280743376828785,0.00982670218652889,0.010280743376828785,0.009168470099615371,
0.012348957641747444,0.01327844907714779,0.01299997971956943,0.01327844907714779,0.011972546162281788,
0.012242182302062542,0.013173652694610778,0.01383268813534903,0.013173652694610778,0.012330793217334053,
0.011983144587832499,0.014616802739004477,0.01618697610054668,0.014616802739004477,0.013535356333088734,
0.015081967213114755,0.014688524590163935,0.013176671893540624,0.014688524590163935,0.012530618244286628,
0.013234515616728428,0.01296982530439386,0.01375563292534275,0.01296982530439386,0.011821178923722456,
0.013363323630590103,0.014289494575284467,0.013410240820889707,0.014289494575284467,0.012662224366040762,
0.011936339522546418,0.01273209549071618,0.012653316715766392,0.01273209549071618,0.011517343802745982,
0.012725344644750796,0.012592788971367974,0.014405818538725286,0.012592788971367974,0.012005823453788035,
0.01365323435843054,0.014050901378579003,0.012277480869762967,0.014050901378579003,0.01213195912672719,
0.014538725878932065,0.014538725878932065,0.0153256837136156,0.014538725878932065,0.013741878719904174,
0.013502779984114376,0.015620863118877415,0.015582544180556664,0.015620863118877415,0.013867205444639617,
0.012729658792650918,0.012860892388451443,0.014785026356415322,0.012860892388451443,0.01189676361530781,
0.014289494575284467,0.014421804710240805,0.014449619453592666,0.014421804710240805,0.013070133221577964,
0.015004647457177002,0.012083388660204489,0.01169097034192488,0.012083388660204489,0.010830595250781139,
0.01128518321826872,0.014073287307488051,0.012705384984094686,0.014073287307488051,0.012226458171668855,
0.012696733236344399,0.013887051977251687,0.015324252987718149,0.013887051977251687,0.0130783986265687,
0.013273161667109106,0.012874966817095832,0.011143040845672657,0.012874966817095832,0.011097301535129337,
0.010679482045120812,0.014417300760913096,0.014921438195012068,0.014417300760913096,0.013256571516730785,
0.011121408711770158,0.010724215543492652,0.01197912357509829,0.010724215543492652,0.009622365510731598,
0.012774924272356117,0.015672329777426577,0.014929338003843705,0.015672329777426577,0.014090991815796398,
