Majority Class Accuracy,Accuracy,Precision,Recall,F Score,Support
0.3191433451583235,0.27026671922217843,0.1591629466702878,0.27026671922217843,0.18551637853658004,
0.3068663838812301,0.24310710498409333,0.15906342794577727,0.24310710498409333,0.18029594540857052,
0.31059009483667016,0.25974710221285563,0.15049695799952362,0.25974710221285563,0.17830366323110824,
0.3174771432357228,0.2680535312044521,0.15770704830384713,0.2680535312044521,0.18629349896483233,
0.3168094924192485,0.2678971654581411,0.14667480917629322,0.2678971654581411,0.1758079316539662,
0.31088354995405015,0.2632269922541683,0.1490241741018412,0.2632269922541683,0.17775115692505322,
0.31553140736814206,0.2634508348794063,0.14661032332584073,0.2634508348794063,0.17447394500590896,
0.31403323661303084,0.23832761804273278,0.1522556532987919,0.23832761804273278,0.17667971665788756,
0.3176439652905601,0.2742571653957402,0.1546858616494261,0.2742571653957402,0.1838737445955636,
0.32365747460087085,0.27153978097374326,0.15506779753275962,0.27153978097374326,0.1838385725481238,
0.3181758443947956,0.2090944933631226,0.14050014374196693,0.2090944933631226,0.16196038386002587,
0.3117709437963945,0.22653764581124072,0.14632894237234104,0.22653764581124072,0.17063063906803008,
0.3159006867406233,0.2579239302694136,0.1457150205775056,0.2579239302694136,0.17444964839402077,
0.3167236392321851,0.2604522745201157,0.1503532014073083,0.2604522745201157,0.1769973888770121,
0.31596993274429647,0.2385599367005143,0.15329155787828577,0.2385599367005143,0.1765910815069699,
0.32146652497343253,0.2632837407013815,0.15424545701065145,0.2632837407013815,0.18212406066998627,
0.31696075849354755,0.26678957071372134,0.14971652145083514,0.26678957071372134,0.17935126118960826,
0.31783047294641686,0.27145290187344423,0.15367564102810505,0.27145290187344423,0.17926205944619197,
0.3217665615141956,0.26774447949526814,0.15908226847968748,0.26774447949526814,0.18511560811349978,
0.3047238855622089,0.2283433133732535,0.14745890710440582,0.2283433133732535,0.16910365546043057,
0.3239268680445151,0.2790143084260731,0.16168751758781794,0.2790143084260731,0.1919086573620001,
0.30979978925184404,0.25026343519494204,0.14393605086873099,0.25026343519494204,0.17124290396442196,
0.31155977830562154,0.26774874637107415,0.1479027193666312,0.2677487463710742,0.1770091047173641,
0.313184637719414,0.2555100963441996,0.14926294973184803,0.2555100963441996,0.17580267128989502,
0.31014913554177115,0.23346971096740135,0.14569771351762592,0.23346971096740135,0.16986267581566963,
0.3158790417593926,0.23969105903914126,0.15117511512859,0.23969105903914123,0.17644272868605462,
0.321063122923588,0.2647176079734219,0.15466774952680443,0.264717607973422,0.1834789356869314,
0.3155608214849921,0.2706687730384413,0.15284677101652572,0.2706687730384413,0.18277236274971081,
0.3100888240753016,0.26779795837200054,0.15267054772780653,0.26779795837200054,0.17667634072203303,
0.3159772697238007,0.25584776001057224,0.16475323062326222,0.25584776001057224,0.18520277122329099,
