Majority Class Accuracy,Accuracy,Precision,Recall,F Score,Support
0.19146957214988042,0.1792452830188679,0.06924372526403748,0.1792452830188679,0.0790625716030061,
0.18452459016393444,0.179672131147541,0.07600459925738501,0.179672131147541,0.07983285523076696,
0.18885367142102483,0.18066561014263074,0.07062010174174319,0.18066561014263074,0.08220813467938988,
0.1925964958503491,0.1828481096034778,0.07377451102426127,0.1828481096034778,0.08137965137645295,
0.18936085748312823,0.18300913060738389,0.06279877348789362,0.18300913060738389,0.0814563432036627,
0.1774960380348653,0.1702324352879028,0.06462135897650749,0.1702324352879028,0.07618433743450932,
0.18605572428363926,0.17535983097847616,0.07208036194291682,0.17535983097847616,0.07844146841803011,
0.191289383108287,0.18387609213661638,0.08578358485599781,0.18387609213661638,0.08217299117797756,
0.18108890057864283,0.1704366123093109,0.06294593358452955,0.1704366123093109,0.074574651515004,
0.19255472538995935,0.18442784113252064,0.06885820014875718,0.18442784113252064,0.07970639677502105,
0.18569735282497038,0.17898064006321612,0.06766253971208831,0.17898064006321612,0.08256306579855825,
0.18888888888888888,0.18703703703703703,0.06800301459183433,0.18703703703703703,0.08370007512151859,
0.1887613771270281,0.18216594116871127,0.07396499930983434,0.18216594116871127,0.08340362371509365,
0.19458030403172505,0.18268341044282882,0.07704209898005478,0.18268341044282882,0.08447485509329461,
0.18136993603411514,0.17457356076759062,0.06650183353508876,0.17457356076759062,0.07961222860599183,
0.1811795891318754,0.1750828363154407,0.0730480331174684,0.1750828363154407,0.07828201248049357,
0.18836748182419036,0.17752808988764046,0.07201743831566516,0.17752808988764046,0.08015477323659667,
0.18399788051397536,0.1763147436746589,0.06836416434862648,0.1763147436746589,0.07733158797248448,
0.18502899314707433,0.1787032156035846,0.06822901145128345,0.1787032156035846,0.07622604452552977,
0.19170847636651703,0.18642725112226036,0.07396426624885886,0.18642725112226036,0.08401151393304772,
0.18604343220338984,0.1765095338983051,0.05917693780658716,0.1765095338983051,0.07663539042959984,
0.17871723956275518,0.17160542605030948,0.06552810546452668,0.17160542605030948,0.07531718175115355,
0.18457082675092154,0.17338072669826224,0.059590393368208726,0.17338072669826224,0.07420957273294962,
0.18862275449101795,0.17964071856287425,0.07547458910625171,0.17964071856287425,0.08577916142090473,
0.19137430757056187,0.18055921920337642,0.06894302639152596,0.18055921920337642,0.08349481037297067,
0.18936002106926522,0.18053726626283909,0.08002511489085518,0.18053726626283909,0.08147366398532269,
0.1870788743559255,0.17875544986127626,0.07095799249954673,0.17875544986127626,0.075906837079053,
0.1880782447792757,0.17776896642876025,0.06500237592934947,0.17776896642876025,0.08031101421573375,
0.18665607625099284,0.17381519724649191,0.06680631464660763,0.17381519724649191,0.07726559011959815,
0.18778041699656903,0.1780153074689892,0.05592428465598252,0.1780153074689892,0.07729083599556921,
