Majority Class Accuracy,Accuracy,Precision,Recall,F Score,Support
0.029373024236037933,0.032534246575342464,0.0309095223399133,0.032534246575342464,0.025324622417881665,
0.028865164096480822,0.03611440622116779,0.03713236437235331,0.03611440622116779,0.02840792188048107,
0.029427359490986214,0.03459703075291622,0.042361038098176776,0.03459703075291622,0.029094604845097932,
0.0287569573283859,0.034190299496421946,0.03357806885192698,0.034190299496421946,0.024790346071659683,
0.027957272847158116,0.03415534748780166,0.03686981368864475,0.03415534748780166,0.02811778083783595,
0.03056768558951965,0.03056768558951965,0.024310739591740006,0.03056768558951965,0.02299117021682103,
0.029723991507430998,0.03569532908704883,0.033777527509540974,0.03569532908704883,0.027173038917636342,
0.030671602326811213,0.031068217874140665,0.030764609936114247,0.031068217874140665,0.025304353500374886,
0.030370759926373916,0.031028135682356035,0.02601172768878255,0.031028135682356035,0.023455326615774492,
0.029396186440677968,0.03244173728813559,0.030965706483394643,0.03244173728813559,0.024367208664089816,
0.031335683509596556,0.031857944901423164,0.029718379705616284,0.031857944901423164,0.02634491735557158,
0.028711299285525273,0.032019052659433715,0.026813706867069846,0.032019052659433715,0.025838318305887627,
0.03232216187574513,0.030865015233805804,0.0360916025734055,0.030865015233805804,0.022370834721325977,
0.030882935198627424,0.028771281509832387,0.02593492452927033,0.028771281509832387,0.0223604680856243,
0.031183651804670913,0.032908704883227176,0.02699221352931413,0.032908704883227176,0.026371582734648725,
0.03331103678929766,0.03317725752508361,0.02608200529755095,0.03317725752508361,0.024546326570007538,
0.029155672823218997,0.03284960422163588,0.03084819991486645,0.03284960422163588,0.02451318046530723,
0.0321772385599367,0.03164974284583938,0.036446335992795544,0.03164974284583938,0.025137622518856064,
0.030524220305242204,0.03344392833443929,0.03244844315577956,0.03344392833443929,0.025543448527442225,
0.027902079494603844,0.030402737562516453,0.027506379404902952,0.030402737562516453,0.02503255769312203,
0.03232138183721539,0.0370321905260403,0.034881063497692946,0.0370321905260403,0.02803747545594028,
0.03165053622809312,0.029165576772168453,0.030464925703460554,0.029165576772168453,0.0257887804544961,
0.029501661129568105,0.030830564784053157,0.02579386877956535,0.030830564784053157,0.023780217591165286,
0.028180142217540165,0.033052409797208325,0.029139269305286278,0.033052409797208325,0.024610027489664107,
0.028666224286662243,0.03145321831453218,0.023155115486533543,0.03145321831453218,0.022230081507656152,
0.03047819232790331,0.03231739358906989,0.030508586321485284,0.03231739358906989,0.025949586109773087,
0.029097704217832355,0.032568072610784836,0.04082638427318498,0.032568072610784836,0.026311617317164606,
0.03164472809466826,0.0333732216460577,0.032547062055062345,0.0333732216460577,0.026766720443707922,
0.03056768558951965,0.032420272594945086,0.03420988762269548,0.032420272594945086,0.024561095819597277,
0.025911580072125018,0.02818218244957927,0.031833101266198316,0.02818218244957927,0.023220929948418286,
