Majority Class Accuracy,Accuracy,Precision,Recall,F Score,Support
0.019600052973116143,0.02026221692491061,0.024728596686130026,0.02026221692491061,0.01467069717533877,
0.022697454736289688,0.02204145893466282,0.016901541506529727,0.02204145893466282,0.013956313160147782,
0.022228102672664726,0.02103731145805769,0.02143359314144747,0.02103731145805769,0.014807917102234624,
0.022408963585434174,0.020274776577297586,0.01856828934478525,0.020274776577297586,0.014714905797764053,
0.02357615894039735,0.02066225165562914,0.02148539877566227,0.02066225165562914,0.014387382029823072,
0.021087533156498674,0.022413793103448276,0.02460524306557333,0.022413793103448276,0.015554429013436585,
0.02489406779661017,0.022378177966101694,0.021896672750884763,0.022378177966101694,0.016373244267058665,
0.020438151215602458,0.023376970344643335,0.019987245119477855,0.023376970344643335,0.014991533482764038,
0.01686429512516469,0.017786561264822136,0.014798587596259996,0.017786561264822136,0.01170320612596034,
0.022983924538328683,0.02072538860103627,0.01661325004756596,0.02072538860103627,0.012975271422493108,
0.020542533579141427,0.02264946010007901,0.017497569705117386,0.02264946010007901,0.014427121793270657,
0.020028799581097004,0.02068333551511978,0.020496142574825984,0.02068333551511978,0.013994775573729176,
0.021431406270670722,0.022886625214975524,0.019014756302400355,0.022886625214975524,0.01428960766809423,
0.021203740287106546,0.016857632029500857,0.014398695994136927,0.016857632029500857,0.01129599414418187,
0.01792776166622726,0.02293698919061429,0.02643613421796461,0.02293698919061429,0.016639307300525635,
0.018338870431893688,0.021395348837209303,0.015275051924028947,0.021395348837209303,0.013852936934084866,
0.022233916589922378,0.020260492040520984,0.014745771479512587,0.020260492040520984,0.012903465941012065,
0.019142519994755473,0.021240330405139635,0.020650517584661937,0.021240330405139635,0.015966657313268597,
0.02119205298013245,0.022119205298013245,0.024323186262915495,0.022119205298013245,0.01657887125135768,
0.020467450151855276,0.022448171134292882,0.02244093359883993,0.022448171134292882,0.01496410437262419,
0.02258535937292414,0.02072538860103627,0.018256432965659215,0.02072538860103627,0.013889365303696813,
0.019114157658845242,0.020168731874505668,0.019802359934189256,0.020168731874505668,0.012990832509187531,
0.02198665096191598,0.02028530297081534,0.018487913710144264,0.02028530297081534,0.013645887191336546,
0.021329822251481237,0.018564845292955892,0.01555332229244958,0.018564845292955892,0.012252841392137817,
0.02042982223401433,0.019368532767312284,0.019432278345848885,0.019368532767312284,0.014127590231192998,
0.018373052855811478,0.021967780588470244,0.020666965521443977,0.021967780588470244,0.015205261320087388,
0.02297029702970297,0.021914191419141915,0.01607543810021315,0.021914191419141915,0.013736224437535846,
0.020696018982335883,0.020432375428420774,0.019034038831441117,0.020432375428420774,0.014081670442930348,
0.019843894695065485,0.024871014684482076,0.01954201488490667,0.024871014684482076,0.016468321564102127,
0.0216,0.023466666666666667,0.021989770568459646,0.023466666666666667,0.015794906484071565,
