Majority Class Accuracy,Accuracy,Precision,Recall,F Score,Support
0.20250329380764162,0.1945981554677207,0.07785326709922981,0.1945981554677207,0.08541512756282459,
0.21341945689427894,0.20775112048510413,0.08044000362978332,0.20775112048510413,0.09397976013494624,
0.21408711770157554,0.2049516748311929,0.0716191442254539,0.2049516748311929,0.0910695829476448,
0.2094504911069817,0.20361029997345367,0.08408968170067718,0.20361029997345367,0.09327263235895167,
0.21376667987845158,0.1984410093803673,0.07597277747066257,0.1984410093803673,0.09357051186622409,
0.2125380240708901,0.20645417272847508,0.09465279276805058,0.20645417272847508,0.09490534095581704,
0.20695081967213114,0.19711475409836066,0.07949454483200138,0.19711475409836066,0.08773985749312359,
0.20511816163990076,0.19989554772163468,0.07884789954100084,0.19989554772163468,0.085726177045474,
0.20637429211115502,0.19715527459502172,0.07670949665178675,0.19715527459502172,0.08550955132080587,
0.20561618312483365,0.19949427734894862,0.08097696457132263,0.19949427734894862,0.0894279192453675,
0.20549755517378088,0.19043213955332364,0.06496677879556663,0.19043213955332364,0.08431209344117474,
0.21127681841967555,0.20159602302459445,0.07256289103486353,0.20159602302459445,0.09309167535552032,
0.21474824897581604,0.21038720761199947,0.08130931536191287,0.21038720761199947,0.09714413646340136,
0.20775439989413788,0.20127034537514887,0.0824023437281608,0.20127034537514887,0.08957855755079729,
0.21228233417519607,0.20590190083743187,0.08259721885680377,0.20590190083743187,0.0948523685707399,
0.20518962075848304,0.19587491683300068,0.08394550249664558,0.19587491683300068,0.08905440267286979,
0.20443088352348102,0.19726717962324225,0.07118100882001252,0.19726717962324225,0.08631581351567535,
0.21130480718436345,0.20364500792393028,0.0768795125873766,0.20364500792393028,0.08989692841475969,
0.20482246952835187,0.1935612082670906,0.07689101762846001,0.1935612082670906,0.09085503022261682,
0.20600971001180948,0.19813672746358746,0.07308360510765657,0.19813672746358746,0.08945477423122404,
0.2030757097791798,0.1922975814931651,0.10068030977172751,0.1922975814931651,0.08477206902930315,
0.21683063015155543,0.2069928210582292,0.06384814779437391,0.2069928210582292,0.08999979359948791,
0.20724426164256335,0.20114103754809606,0.07054754406106974,0.20114103754809606,0.08738300555223258,
0.2013760254035459,0.19277586663138396,0.0735086671865942,0.19277586663138396,0.08478809009769228,
0.20446487196323046,0.19829284307288247,0.07469874395210072,0.19829284307288247,0.09038560392598452,
0.21194147884539344,0.20284697508896798,0.07119604863738956,0.20284697508896798,0.09045521773525773,
0.20639112636999868,0.19661956952330648,0.08197168613654883,0.19661956952330648,0.08915795367609872,
0.2173048893600106,0.2094872134623029,0.09037673400328088,0.2094872134623029,0.09689119459132751,
0.21329639889196675,0.20894341115947765,0.06860086899105665,0.20894341115947765,0.0892110700269502,
0.216255442670537,0.20926243567753003,0.08068450510954484,0.20926243567753003,0.09340804187176177,
