Majority Class Accuracy,Accuracy,Precision,Recall,F Score,Support
0.19246584427642924,0.18808860591590396,0.06868680366640173,0.18808860591590396,0.07807574139068217,
0.1979083929044215,0.18811225840614243,0.07840117025997478,0.18811225840614243,0.08456936735344768,
0.2038809144072302,0.19962785752259438,0.077880995146923,0.19962785752259438,0.08686567342862428,
0.20340549102428723,0.1915258711721225,0.06629707908797199,0.1915258711721225,0.08645505549394217,
0.19341672152732062,0.18867676102699144,0.0759709126471124,0.18867676102699144,0.08546217151323231,
0.20205750461619626,0.19453969928778686,0.08215644446839677,0.19453969928778686,0.08713572448044549,
0.19355264896287488,0.19091029198044657,0.06881432526787298,0.19091029198044657,0.08243023514467958,
0.19146957214988042,0.184825936752591,0.07314713081221537,0.184825936752591,0.08162517033330799,
0.19115905801868174,0.18523878437047755,0.0670084637554325,0.18523878437047755,0.07894763149452282,
0.2020684168655529,0.19596923892866613,0.07408347480021521,0.19596923892866613,0.08664990240382589,
0.19045736127586663,0.18215368393304338,0.06591438783822784,0.18215368393304338,0.07917956036939532,
0.1906952293336838,0.18359837035090024,0.06268268203094597,0.18359837035090024,0.08051217947019816,
0.20430107526881722,0.2001049042748492,0.0811328499478034,0.2001049042748492,0.09003889034503287,
0.19748344370860926,0.19099337748344372,0.0756237972468771,0.19099337748344372,0.08388071948575256,
0.1968099129976272,0.1911415765884524,0.07391920295551575,0.1911415765884524,0.08225922042548663,
0.20691035218783352,0.19490394877267878,0.07793977128723151,0.19490394877267878,0.09187893734824013,
0.19490630773291107,0.18593296384270255,0.07696148002762962,0.18593296384270255,0.08413775403183621,
0.19640496960084589,0.18979645783769494,0.07422321511600356,0.18979645783769494,0.08505564937215339,
0.19485001327316168,0.18476241040615873,0.06950315948316728,0.18476241040615873,0.08382422677119951,
0.1982518871672626,0.18884915905178123,0.09418969489267379,0.18884915905178123,0.08667716772799432,
0.20339205890086773,0.19458322377070733,0.07089775173704617,0.19458322377070733,0.08774645018170303,
0.19473684210526315,0.1875,0.06914981589211118,0.1875,0.08154213658675631,
0.19866666666666666,0.18933333333333333,0.07334149401882205,0.18933333333333333,0.08646417129650334,
0.20155857878747854,0.19442609959054286,0.07219413155177323,0.19442609959054286,0.08757400011374754,
0.20555188367481825,0.1953734302709848,0.07639592835973408,0.1953734302709848,0.08390011776389357,
0.1971905645375033,0.1921547839915187,0.07409983868403636,0.1921547839915187,0.08392369114975351,
0.20247173284249276,0.19037601893242176,0.07387111324430007,0.19037601893242176,0.08483002772483791,
0.19348082209713313,0.18785181306453724,0.07447455483387244,0.18785181306453724,0.08342467579218105,
0.19129392971246006,0.1843716719914803,0.08073381922406703,0.1843716719914803,0.07998111900646086,
0.19808348647939092,0.18758204253084798,0.06849531649714091,0.18758204253084798,0.08726765021178569,
