Majority Class Accuracy,Accuracy,Precision,Recall,F Score,Support
0.21909667194928684,0.2091917591125198,0.08771556056022116,0.2091917591125198,0.09376967438939243,
0.22747747747747749,0.21913089560148383,0.08569149126845764,0.21913089560148383,0.10275862924308247,
0.22299789251844046,0.21759747102212856,0.07758853504706675,0.21759747102212856,0.09174808218649848,
0.22679591023768425,0.21736821139290932,0.1100489085115304,0.21736821139290932,0.09934907851561132,
0.21848184818481847,0.20976897689768978,0.07962442422023418,0.20976897689768978,0.09752058139956114,
0.2198862885098506,0.21552294063202432,0.0883657615867663,0.21552294063202432,0.09449022599924221,
0.21974101479915434,0.2147198731501057,0.07671715144149058,0.2147198731501057,0.09391245331126517,
0.22245762711864406,0.2163665254237288,0.08101308227954608,0.2163665254237288,0.0976341721883172,
0.22135174611605365,0.21378303014207942,0.08479479535059019,0.21378303014207942,0.09592752460709235,
0.22546419098143236,0.21657824933687003,0.08166377869286971,0.21657824933687003,0.09525258939888921,
0.21863419798835362,0.21532556908417153,0.08552334706938106,0.21532556908417153,0.0962895518421572,
0.2295647558386412,0.21536624203821655,0.09665561201587868,0.21536624203821655,0.09778825823138856,
0.22499667950591049,0.2155664762916722,0.09104140919706805,0.2155664762916722,0.10755075725151288,
0.22746553552492046,0.22468186638388124,0.09748276669122813,0.22468186638388124,0.10242993358355634,
0.22851097593229305,0.2201798466014282,0.08735834286595308,0.2201798466014282,0.10237205531922972,
0.22076719576719578,0.21693121693121692,0.10370683778185856,0.21693121693121692,0.0956371098311257,
0.2174780526735834,0.21268954509177973,0.09737466478607332,0.21268954509177973,0.09748540841380635,
0.22968523640194916,0.22402212564203872,0.09288041877068973,0.22402212564203872,0.10662849641496547,
0.23258904837852207,0.22939925571504519,0.0986133157058333,0.22939925571504519,0.10375813616146949,
0.21916357861302277,0.21334039174166225,0.07777803413731858,0.21334039174166225,0.09277883279107214,
0.22071419159309527,0.2122809329292397,0.08119869033791793,0.2122809329292397,0.0969211593679854,
0.2241766962042058,0.21809284486179076,0.08646243215053952,0.21809284486179076,0.09808777966319873,
0.2200925313945803,0.21665565102445472,0.07982888655051695,0.21665565102445472,0.09545162157570063,
0.2288616277535945,0.22173855691861233,0.08387582155172951,0.22173855691861233,0.09704558942479836,
0.21187117380889006,0.21173808890071866,0.09676121960924414,0.21173808890071866,0.09375160624377876,
0.22501977326654363,0.21539678354864222,0.08251834417390874,0.21539678354864222,0.1003225254752504,
0.228000529310573,0.22350138944025408,0.09324854636100731,0.22350138944025408,0.10267185018168606,
0.2154717975751186,0.2080917237743806,0.08555742029461103,0.2080917237743806,0.09193660899659069,
0.21928316360269806,0.21333156989816163,0.07821637098677256,0.21333156989816163,0.09451683794964258,
0.22328931572629052,0.2098172602374283,0.07248580751711417,0.2098172602374283,0.09774336519637172,
