Majority Class Accuracy,Accuracy,Precision,Recall,F Score,Support
0.5495911369031917,0.5495911369031917,0.3020504177625428,0.5495911369031917,0.3898453089583113,
0.5558201058201058,0.5558201058201058,0.30893599003387356,0.5558201058201058,0.39713587564293223,
0.5558335528048459,0.5558335528048459,0.30895093842365745,0.5558335528048459,0.39715165914333556,
0.5569303672502304,0.5566671054363564,0.3488142756206264,0.5566671054363564,0.39855424909207776,
0.5484683728948415,0.5484683728948415,0.3008175560659149,0.5484683728948415,0.38853561536234726,
0.5436046511627907,0.5436046511627907,0.29550601676581933,0.5436046511627907,0.38287785223141946,
0.5529068997483777,0.5529068997483777,0.30570603978936256,0.5529068997483777,0.3937210142332384,
0.5531662269129287,0.5531662269129287,0.30599287459708574,0.5531662269129287,0.39402463084106176,
0.5580904655149677,0.5580904655149677,0.31146496769871335,0.5580904655149677,0.39980344478363833,
0.5446393248054859,0.5446393248054859,0.29663199412457564,0.5446393248054859,0.3840792984626752,
0.5574954056182725,0.5574954056182725,0.31080112728548215,0.5574954056182725,0.3991037484468274,
0.5529146195724339,0.5529146195724339,0.30571457653692935,0.5529146195724339,0.39373005145782214,
0.5449275362318841,0.5449275362318841,0.29694601974375134,0.5449275362318841,0.3844141719009163,
0.5432196669310071,0.5432196669310071,0.2950876065406343,0.5432196669310071,0.3824311118681808,
0.5459089713233359,0.5459089713233359,0.29801660497130283,0.5459089713233359,0.38555517886178425,
0.5516509746717941,0.5516509746717941,0.3043187978563405,0.5516509746717941,0.3922516117656036,
0.5557310172391104,0.5557310172391104,0.30883696352161644,0.5557310172391104,0.39703131209622117,
0.5567610478962689,0.5567610478962689,0.30998286445455137,0.5567610478962689,0.39824077673763375,
0.5493770491803278,0.5493770491803278,0.30181514216608435,0.5493770491803278,0.38959547300091313,
0.5519154557463672,0.5519154557463672,0.30461067029172023,0.5519154557463672,0.39256090808789956,
0.549520766773163,0.5497870074547391,0.38248667093560035,0.5497870074547391,0.3909002277419484,
0.5493908898305084,0.5493908898305084,0.3018303498287579,0.5493908898305084,0.3896116232641278,
0.5590259396506088,0.5590259396506088,0.3125100012022461,0.5590259396506088,0.4009041713215911,
0.5463497899159664,0.5463497899159664,0.2984980929412206,0.5463497899159664,0.38606800982259254,
0.5504969110932044,0.5504969110932044,0.3030468491231594,0.5504969110932044,0.3909028737238709,
0.5549793910384258,0.5549793910384258,0.3080021244773819,0.5549793910384258,0.39614946185453426,
0.5459551593024781,0.5459551593024781,0.2980670359689942,0.5459551593024781,0.3856089022704637,
0.5471451021477213,0.5471451021477213,0.34709311302603385,0.5471451021477213,0.38755881735525943,
0.5496123012222368,0.5496123012222368,0.3020736816548028,0.5496123012222368,0.3898700099586794,
0.5469059242644149,0.5469059242644149,0.29910608999551386,0.5469059242644149,0.38671529445172287,
