Majority Class Accuracy,Accuracy,Precision,Recall,F Score,Support
0.18471927966101695,0.18471927966101695,0.053578567923319234,0.18471927966101695,0.061837685471725135,
0.18965064355135278,0.18951930654058313,0.04586966732998284,0.18951930654058313,0.06072937611025139,
0.18024332187252048,0.18024332187252048,0.032491951820162075,0.18024332187252048,0.05505863911076769,
0.1892464574228579,0.19030591974572905,0.07020752261160844,0.19030591974572905,0.06406667368799586,
0.18567251461988304,0.1862041467304625,0.07247521151930027,0.1862041467304625,0.05976074438025293,
0.1826295457572932,0.1826295457572932,0.04190895728030175,0.1826295457572932,0.05733212259621486,
0.18233430155796146,0.18233430155796146,0.033245797524629625,0.18233430155796146,0.056237559006486824,
0.1838777660695469,0.18427291886195996,0.0673403109368654,0.18427291886195996,0.057970205928383284,
0.1921957671957672,0.19166666666666668,0.04944461718494598,0.19166666666666668,0.06265196308414758,
0.1836574859678893,0.1836574859678893,0.03373007215204546,0.1836574859678893,0.05699296046687699,
0.18022035676810075,0.18022035676810075,0.032479376993621516,0.18022035676810075,0.05503951326947553,
0.18229715489989462,0.18229715489989462,0.033232252684596175,0.18229715489989462,0.056216413186598514,
0.18145747916942204,0.18158973680730062,0.051756807282713126,0.18158973680730062,0.056045697035374396,
0.19741918318478116,0.19741918318478116,0.03897433388934618,0.19741918318478116,0.06509722649621492,
0.19135720893352715,0.19135720893352715,0.0569325613605887,0.19135720893352715,0.06199077964801882,
0.18541638995882587,0.18329127374153273,0.04938724215431855,0.18329127374153273,0.0658321341530117,
0.18758238861059848,0.18771421038755604,0.06565654651424069,0.18771421038755604,0.05954729094449031,
0.18445182724252493,0.18445182724252493,0.03405868514202801,0.18445182724252493,0.05750008674062315,
0.17675576519916142,0.17675576519916142,0.05644685375061818,0.17675576519916142,0.053598644652178624,
0.18779652082235107,0.18766473379019505,0.04911949341716915,0.18766473379019505,0.06307473294104601,
0.18639365918097756,0.18639365918097756,0.03474259618287441,0.18639365918097756,0.05856841178139612,
0.18465643762508338,0.18465643762508338,0.03409799995638631,0.18465643762508338,0.05756605691476865,
0.19433359936153233,0.19406757116254322,0.04543331763121569,0.19406757116254322,0.06348549751581059,
0.19514767932489452,0.1952795358649789,0.05382922140330572,0.1952795358649789,0.06751602134185236,
0.18203529255672019,0.18203529255672019,0.033141244876303086,0.18203529255672019,0.05607373627925912,
0.19272967614011896,0.19272967614011896,0.037144728065075135,0.19272967614011896,0.062285241674009416,
0.17407894736842106,0.1738157894736842,0.03906378439741909,0.1738157894736842,0.05381408486530381,
0.19005235602094242,0.19070680628272252,0.06972463555985796,0.19070680628272252,0.06326740767378977,
0.19242902208201892,0.19256046267087276,0.09114714247117339,0.19256046267087276,0.06285271003791837,
0.18100692594565795,0.18100692594565795,0.032763507240296905,0.18100692594565795,0.05548402218566577,
