Majority Class Accuracy,Accuracy,Precision,Recall,F Score,Support
0.42575436739015354,0.42575436739015354,0.18126678135178984,0.42575436739015354,0.25427490947630627,
0.42479404730268405,0.42479404730268405,0.18044998262379497,0.42479404730268405,0.2532997424651088,
0.4183324566017885,0.4183324566017885,0.1750020442464873,0.4183324566017885,0.24677154278169483,
0.4213091004872909,0.4213091004872909,0.17750135815341023,0.4213091004872909,0.24977164797235799,
0.42143517906700145,0.42143517906700145,0.17760761015523557,0.42143517906700145,0.24989899331436732,
0.4274225444957152,0.4274225444957152,0.18269003154319163,0.4274225444957152,0.25597190158956473,
0.42815636555731645,0.42815636555731645,0.1833178733672504,0.42815636555731645,0.2567196110850416,
0.42265449252348813,0.42265449252348813,0.1786368200502873,0.42265449252348813,0.2511316992131004,
0.4225128814902893,0.4225128814902893,0.17851713502522726,0.4225128814902893,0.25098842667520116,
0.41966173361522197,0.41966173361522197,0.1761159706609335,0.41966173361522197,0.2481097665603025,
0.42041360907271513,0.42041360907271513,0.17674760269354575,0.42041360907271513,0.24886779676650864,
0.42364597093791284,0.42364597093791284,0.1794759086919269,0.42364597093791284,0.2521355903865429,
0.4233007140967998,0.4233007140967998,0.17918349455486063,0.4233007140967998,0.2517858563270196,
0.4176306342241723,0.4176306342241723,0.1744153466424844,0.4176306342241723,0.2460659955164369,
0.42233073775900754,0.42233073775900754,0.1783632520560676,0.42233073775900754,0.2508041868476986,
0.4243143459915612,0.4243143459915612,0.1800426642142463,0.4243143459915612,0.2528131022775123,
0.42609381158849036,0.42609381158849036,0.1815559362740079,0.42609381158849036,0.25461990620627867,
0.4172463577897362,0.4172463577897362,0.17409452308880055,0.4172463577897362,0.2456799724788982,
0.41866913123844735,0.41866913123844735,0.17528384145195625,0.41866913123844735,0.24711024944757867,
0.41576445735410616,0.41576445735410616,0.17286008399895436,0.41576445735410616,0.2441932810236091,
0.4204500592183182,0.4204500592183182,0.17677825229668725,0.4204500592183182,0.24890456535158917,
0.4258745874587459,0.4258745874587459,0.181369164243157,0.4258745874587459,0.25439707788943877,
0.42432219005001315,0.42432219005001315,0.18004932096883947,0.42432219005001315,0.2528210572391873,
0.4264725173816083,0.4264725173816083,0.1818788080818062,0.4264725173816083,0.25500499429972573,
0.4170540576437774,0.4170540576437774,0.17393408699713922,0.4170540576437774,0.2454868761836088,
0.42576361221779546,0.42576361221779546,0.18127465348874533,0.42576361221779546,0.25428430342217817,
0.4168767414090487,0.4168767414090487,0.17378621752782686,0.4168767414090487,0.24530887189947204,
0.43155818540433927,0.43155818540433927,0.18624246738948605,0.43155818540433927,0.26019545595610205,
0.4207068716331625,0.4207068716331625,0.17699427183936228,0.4207068716331625,0.24916367390537064,
0.42074699749241123,0.42074699749241123,0.1770280358988791,0.42074699749241123,0.24920416683805052,
