Majority Class Accuracy,Accuracy,Precision,Recall,F Score,Support
0.2682154171066526,0.21158922914466738,0.12053803711623136,0.21158922914466738,0.14438136954960237,
0.2615465822116653,0.2110055423594616,0.12150622670278272,0.2110055423594616,0.14337652048197191,
0.26092680358083203,0.21155871511321747,0.12257949845330769,0.21155871511321747,0.146135975223755,
0.2693375644585482,0.20600290889858522,0.11561599639892389,0.20600290889858522,0.1418710141697616,
0.2622263012980202,0.21502556706437656,0.12078495278636163,0.21502556706437656,0.1434599148032071,
0.26846346941471794,0.21033161580129475,0.11607995608205122,0.21033161580129475,0.14082043479821077,
0.2697865570727827,0.2050908126740024,0.12355943006313846,0.2050908126740024,0.14746004908457327,
0.27395268930884104,0.21316241575261002,0.12451171489588668,0.21316241575261002,0.14802713436102577,
0.2683994165230076,0.2144277947221854,0.12068923507772017,0.2144277947221854,0.14388829965603828,
0.2632269922541683,0.19784692136011553,0.1177566012116544,0.19784692136011553,0.1384997647573989,
0.2732589048378522,0.2219564061669325,0.1246785669692983,0.2219564061669325,0.14890650526691557,
0.2680111450179116,0.20512140108796603,0.11949353409774212,0.20512140108796603,0.1428281876276854,
0.26947923533289386,0.20988793671720501,0.12669979969324596,0.20988793671720501,0.1484904652938251,
0.2619867549668874,0.21311258278145695,0.1157651452623515,0.21311258278145695,0.14057781656821228,
0.2684028700504916,0.2114004783417486,0.1260950698530879,0.2114004783417486,0.14718606004480844,
0.270338087691495,0.22068145800316957,0.12268398823804416,0.22068145800316957,0.14604180721416152,
0.26469038208168644,0.20566534914361,0.11491115398245884,0.20566534914361,0.1394428186546735,
0.27137790621305663,0.21200577958754763,0.11821842698514087,0.21200577958754763,0.14270642719844664,
0.2633328900119697,0.2247639313738529,0.13305544849839485,0.2247639313738529,0.1540251734405461,
0.26520584329349267,0.2203187250996016,0.12209418892867194,0.2203187250996016,0.1461834420810852,
0.2683765203595981,0.21390798519301957,0.13070629092371228,0.21390798519301957,0.148462897467605,
0.2619016220493208,0.1939865488592905,0.11200612955644834,0.1939865488592905,0.13520264090243533,
0.2750332005312085,0.21142098273572377,0.1246362077246688,0.21142098273572377,0.1469321633393317,
0.2678194297782471,0.1994456177402323,0.11562796360217452,0.1994456177402323,0.13794758829312853,
0.278169482506319,0.21351603033124916,0.12306759033064035,0.21351603033124916,0.15014389578973167,
0.27386167529536704,0.20775255542280632,0.12428841470524576,0.20775255542280632,0.14599904234215047,
0.2668780552252609,0.2172017439556084,0.11838331617997737,0.2172017439556084,0.14190191955905967,
0.26708405488211,0.20700679365925137,0.12242348463111889,0.20700679365925137,0.14328520860300523,
0.2681987247608927,0.20842189160467586,0.11764826596049568,0.20842189160467586,0.14248375954606773,
0.26504599211563734,0.20578186596583442,0.116048049625801,0.20578186596583442,0.14142121995206633,
