Majority Class Accuracy,Accuracy,Precision,Recall,F Score,Support
0.20274732532030115,0.21225729758288206,0.21289603138656038,0.21225729758288206,0.21044727746932826,
0.19370140993543286,0.22361312425879562,0.22457006329417978,0.22361312425879562,0.22336584451059727,
0.19247083775185578,0.20612407211028633,0.2071373096396619,0.20612407211028633,0.20526969964049072,
0.20271517068670095,0.20838275998418349,0.20754833837363604,0.20838275998418349,0.20728627623886695,
0.20366464539941997,0.2121012391247034,0.2106836058829554,0.2121012391247034,0.21016587072887832,
0.20074103480217018,0.2172819902077544,0.21799684408255202,0.2172819902077544,0.21716495788216508,
0.19899444297433183,0.2073299814765811,0.20571193162358287,0.2073299814765811,0.20511453018078124,
0.20319936541512426,0.2127181385510312,0.21113687947050608,0.2127181385510312,0.21075504931352806,
0.20292123109024518,0.21009389671361503,0.2101707085394432,0.21009389671361503,0.20837681435945205,
0.19970999209069337,0.21381492222515158,0.21256898648595476,0.21381492222515158,0.210331447062028,
0.20081162455818824,0.21089147794213903,0.21024703146147763,0.21089147794213903,0.2098506738370449,
0.20232281905767455,0.20971360696845717,0.20712191433848812,0.20971360696845717,0.20585521106868934,
0.1931043523859465,0.21565285789197694,0.21693690916773448,0.21565285789197694,0.21404798033199637,
0.1983251362488369,0.21055430014621826,0.2099379045202959,0.21055430014621826,0.20959751574983423,
0.19820303070940057,0.22395065039560144,0.22347938565467368,0.22395065039560144,0.22108669346936713,
0.20421974522292993,0.22054140127388536,0.21946780383368722,0.22054140127388536,0.21675710373968776,
0.19722589167767504,0.2117569352708058,0.21136723357038342,0.2117569352708058,0.21095947684799798,
0.1940669106116048,0.21366962885520124,0.21401133501389275,0.21366962885520124,0.21241292975220175,
0.19905524209421335,0.2174255347067314,0.2159677610471643,0.2174255347067314,0.21555216563680427,
0.2030590717299578,0.21176160337552744,0.21040045949861882,0.21176160337552744,0.2104416579262564,
0.19862470245966676,0.21264215815921714,0.21184233159288007,0.21264215815921714,0.2100504212993838,
0.19319691735317565,0.20993887855434493,0.21025186325366393,0.20993887855434493,0.20766025805367389,
0.19492533368574072,0.20906567992599445,0.20894074019318748,0.20906567992599445,0.20770056698511433,
0.1987856388595565,0.21119324181626187,0.21014562565567468,0.21119324181626187,0.2074919605517372,
0.20063274452939625,0.2163195359873451,0.21391504841492115,0.2163195359873451,0.2121474982232735,
0.19732353712936238,0.20598268171083706,0.20377476927047763,0.20598268171083706,0.20315823267183428,
0.2064165451411905,0.20920058332228555,0.21002232956919406,0.20920058332228555,0.20835692589907936,
0.19675590135830145,0.21600949492285376,0.2152377474442558,0.21600949492285376,0.21469024856462401,
0.20656216790648246,0.21811902231668437,0.21699794292614757,0.21811902231668437,0.21516540642457263,
0.20572640509013787,0.21261930010604455,0.21449005222570164,0.21261930010604455,0.21252807654284434,
