Majority Class Accuracy,Accuracy,Precision,Recall,F Score,Support
0.36133350833442707,0.30660191626197664,0.18378973440064938,0.30660191626197664,0.21830518868465282,
0.3312648534459995,0.26762608925270664,0.15951384502503665,0.26762608925270664,0.18890420552284815,
0.33834983498349835,0.26666666666666666,0.1765376734183872,0.26666666666666666,0.20018219653720326,
0.34285714285714286,0.3025132275132275,0.17425276774867884,0.3025132275132275,0.2061843980477653,
0.3347513959053443,0.2709385801648498,0.17539840159703765,0.27093858016484973,0.20272025816159192,
0.3399947061937533,0.29314452091053467,0.17398845317252556,0.29314452091053467,0.2003458691391451,
0.355315220258507,0.30862569242943816,0.1786384360856503,0.30862569242943816,0.2120640896666804,
0.3494545932448416,0.2857142857142857,0.1759729282105619,0.2857142857142857,0.2029682870974264,
0.34016122637769264,0.2650984538126074,0.16840021207783115,0.2650984538126074,0.1962371242015477,
0.35077004779607013,0.29527349973446626,0.1818849689811287,0.29527349973446626,0.20956720249449795,
0.346703733121525,0.24728620598358486,0.1616394604048192,0.24728620598358483,0.18982020900987928,
0.3522984676882079,0.29793471019320455,0.17690749684799492,0.29793471019320455,0.2096627774726688,
0.3460175829943577,0.2892008922713555,0.1714897889520542,0.2892008922713555,0.19997864219246675,
0.3467210956017909,0.2881222017382144,0.16959047697447271,0.2881222017382144,0.20251767640798893,
0.33231747714323573,0.28660394858884325,0.15912036667321322,0.28660394858884325,0.19009110640844293,
0.3471782700421941,0.2912710970464135,0.16519859605302198,0.2912710970464135,0.19786938134509963,
0.33950290851401377,0.2847699629825489,0.16327803342635036,0.2847699629825489,0.19632756778288807,
0.34813053243493197,0.29634033557933676,0.17438676016814025,0.29634033557933676,0.20539494219775725,
0.3388043768348012,0.28916466506538563,0.1669956638746527,0.28916466506538563,0.19708474144761148,
0.3465281430825881,0.2832719621251973,0.171329580214142,0.2832719621251973,0.20464972858075986,
0.3426758328926494,0.2911158117398202,0.1672781737448618,0.2911158117398202,0.2018421708448529,
0.34486857746664906,0.29758288204992733,0.16831910986626974,0.29758288204992733,0.20270624873233403,
0.3449006622516556,0.24728476821192052,0.17839821154416197,0.24728476821192052,0.193559614703443,
0.34221338634857523,0.2962226640159046,0.17150341568467053,0.2962226640159046,0.20117034366611336,
0.343349358974359,0.281517094017094,0.15930630555638747,0.281517094017094,0.19347074695389682,
0.3505209020176711,0.29500197810892786,0.16867437887364392,0.29500197810892786,0.2043316933927301,
0.3404227212681638,0.2857331571994716,0.16573210964866433,0.2857331571994716,0.19860533227761507,
0.34605732399947164,0.29811121384229294,0.17944695823643755,0.29811121384229294,0.20543498748283573,
0.3379947229551451,0.28984168865435356,0.17147656594998215,0.28984168865435356,0.20298148384848494,
0.33731422505307856,0.2894108280254777,0.16731194027283125,0.2894108280254777,0.19791216219909732,
