Majority Class Accuracy,Accuracy,Precision,Recall,F Score,Support
0.05087881591119334,0.05550416281221091,0.05383202450172936,0.05550416281221091,0.053453236669213186,
0.05101904888770481,0.05488211003063807,0.05417468512671381,0.05488211003063807,0.0527641861869418,
0.04981549815498155,0.05113336847654191,0.05163256471829116,0.05113336847654191,0.04909023629987969,
0.04850894632206759,0.052485089463220676,0.05183434261014289,0.052485089463220676,0.05132316451742064,
0.05011238926351977,0.05936797567103001,0.059980191319538634,0.05936797567103001,0.05827885832637469,
0.05249169435215947,0.05754152823920266,0.0560984077735295,0.05754152823920266,0.05478202107558926,
0.04773238133015999,0.05698796773767024,0.055108686955954694,0.05698796773767024,0.05383144332032321,
0.05531120884979342,0.05237904838064774,0.052338322430247136,0.05237904838064774,0.05120105900072193,
0.052659574468085106,0.05678191489361702,0.055350061104228444,0.05678191489361702,0.05445513313511518,
0.04630489584715404,0.053867586572906995,0.053442996121973674,0.053867586572906995,0.05220113648037188,
0.04823920265780731,0.051827242524916946,0.050800075951723735,0.051827242524916946,0.049999299441682486,
0.046418567426970786,0.05068694144324396,0.05029882133762351,0.05068694144324396,0.048613920501272334,
0.04597549729943354,0.05150836516927941,0.05173786932802229,0.05150836516927941,0.04946017622124289,
0.051214361140443504,0.056494192185850056,0.056314014156461076,0.056494192185850056,0.05455080277369226,
0.04756258234519104,0.0536231884057971,0.05497578686538951,0.0536231884057971,0.05170090756011101,
0.051143833815408886,0.05140678411780174,0.051008310649369844,0.05140678411780174,0.049415512375863835,
0.050796157389130146,0.054744045269114354,0.05381979287838023,0.054744045269114354,0.053312968634436506,
0.04616196254286468,0.05803218148245846,0.05531294574711234,0.05803218148245846,0.05442530670509602,
0.045472623624552566,0.05515047063502585,0.05467745675580654,0.05515047063502585,0.053105657672400344,
0.05386138613861386,0.052541254125412544,0.05174762636890754,0.052541254125412544,0.050231093972734585,
0.05028450443297605,0.05346036787084822,0.05062086366190947,0.05346036787084822,0.05036493332836221,
0.0531369196369854,0.05734578455872682,0.05585888742313202,0.05734578455872682,0.05441340227005374,
0.04276098719809951,0.05939025999736043,0.05911516975593958,0.05939025999736043,0.057629752145213854,
0.05053017410655845,0.06061002749050923,0.05821942575603943,0.06061002749050923,0.05755987979798325,
0.04765676567656766,0.05676567656765676,0.05551416075784315,0.05676567656765676,0.05408819791123422,
0.04736076200555629,0.0586056356660934,0.05579532803881282,0.0586056356660934,0.05377877108177927,
0.05229710048987157,0.052429498212630744,0.05297135807416018,0.052429498212630744,0.04902021341798383,
0.04707278481012658,0.05669831223628692,0.0553364038532225,0.05669831223628692,0.05464759540721088,
0.05256172020175206,0.054021767985134056,0.054136612372675474,0.054021767985134056,0.0518357688209074,
0.0510862409479921,0.05622119815668203,0.056210912241624895,0.05622119815668203,0.05416399198813052,
