Majority Class Accuracy,Accuracy,Precision,Recall,F Score,Support
0.2055393586005831,0.24251258945136497,0.21616241653135998,0.24251258945136497,0.21042082032485088,
0.19963007002246003,0.2432289602325274,0.18940275438520499,0.2432289602325274,0.20819899251011384,
0.19714809000523287,0.25026164311878596,0.23174018489509268,0.25026164311878596,0.1675685088738796,
0.20535714285714285,0.24813432835820895,0.23307758378783933,0.24813432835820895,0.21992302336930505,
0.2086634970945589,0.24788695192815638,0.23572544185865305,0.24788695192815638,0.2204092281285934,
0.1949901120632828,0.24192485168094924,0.23309704411390814,0.24192485168094924,0.21219017115075675,
0.19857969489742242,0.24263545502367176,0.2440519741688267,0.24263545502367176,0.2116976210113895,
0.19311160772972263,0.25897199947416855,0.20627204170633318,0.25897199947416855,0.22672923908909517,
0.19899907809824838,0.24970367443698144,0.19709431759627571,0.24970367443698144,0.21614954219551188,
0.20740351798372275,0.2479653452349698,0.19545539895648736,0.2479653452349698,0.19672647649429045,
0.1908790482485129,0.2433575677461996,0.19528061264316568,0.2433575677461996,0.2109121129305814,
0.2,0.24090006618133686,0.23733504292036192,0.24090006618133686,0.2195134384105825,
0.19777895293495504,0.24603384452670546,0.186788323188552,0.24603384452670546,0.17828688482967794,
0.20187607345752412,0.24891002774474832,0.1675475375021033,0.24891002774474832,0.18129535317631948,
0.20232128725929835,0.2469005539435505,0.19489187005423833,0.2469005539435505,0.213730390813811,
0.20188729399255714,0.246943115364168,0.23383257772546343,0.246943115364168,0.2198437413414351,
0.19989409584326184,0.2521842732327244,0.1994215013162483,0.2521842732327244,0.21769940040613528,
0.19933554817275748,0.2507641196013289,0.19843229247044533,0.2507641196013289,0.21641568450216542,
0.20423560555923229,0.24341495698213103,0.14185748597205122,0.24341495698213103,0.15420117910507844,
0.2035162493340437,0.24880127863612148,0.19220514570840302,0.24880127863612148,0.19287032795718692,
0.20018462349993407,0.23526308848740604,0.24370894572808566,0.23526308848740604,0.18753124360251108,
0.1989466754443713,0.23462804476629362,0.14018770888535617,0.23462804476629362,0.16793927671600847,
0.19989444517746405,0.2539912917271408,0.24138558332644194,0.2539912917271408,0.23029093305700726,
0.1995506805867583,0.2357605391832959,0.1837476319437477,0.2357605391832959,0.2023956345782181,
0.19105744991375878,0.258988987660873,0.20561208118487795,0.258988987660873,0.2243066199812172,
0.19973262032085562,0.25641711229946523,0.25190498624472585,0.25641711229946523,0.2320281643295691,
0.20566062690120354,0.24335405369660099,0.1886161893573392,0.24335405369660099,0.2070827019491252,
0.19857029388403494,0.24437384167328569,0.237855173081956,0.24437384167328569,0.19437881902457763,
0.2050336012649888,0.24706812491764396,0.18660751947116505,0.24706812491764396,0.1894855417889671,
0.19316671098112204,0.24541345386865196,0.1999435186346404,0.24541345386865196,0.19434613101031445,
