Majority Class Accuracy,Accuracy,Precision,Recall,F Score,Support
0.014500395465330872,0.015423147904033747,0.007616661698785889,0.015423147904033747,0.004898882941903337,
0.016775396085740912,0.015044601251497803,0.01548568302190769,0.015044601251497803,0.005175144794672319,
0.016447804748640403,0.013662289428306142,0.029581777741359838,0.013662289428306142,0.0063316782001817005,
0.014915434811559462,0.017179384738314023,0.021835842173005545,0.017179384738314023,0.0086074454053448,
0.01432550736171906,0.01432550736171906,0.012271285485800412,0.01432550736171906,0.006099628788637704,
0.01453680454605524,0.016122637769261264,0.014029559242100921,0.016122637769261264,0.0065706544815765005,
0.0141287284144427,0.01726844583987441,0.008161957121496219,0.01726844583987441,0.005488219213578872,
0.013037115870693096,0.01529865637887455,0.008538934926573356,0.01529865637887455,0.005149872561389082,
0.015181518151815182,0.015313531353135313,0.02533826844878432,0.015313531353135313,0.006623168096791236,
0.013556618819776715,0.017809675704412546,0.009677322267720645,0.017809675704412546,0.007028520425729221,
0.015455746367239101,0.015852047556142668,0.011336488033711128,0.015852047556142668,0.0055297256583124125,
0.014278159703860392,0.011501850872554203,0.011583065346823514,0.011501850872554203,0.005587241321282903,
0.01459182332062574,0.01459182332062574,0.010531311508705222,0.01459182332062574,0.00611355866576886,
0.013680610365693239,0.015127598000526177,0.01982097985345158,0.015127598000526177,0.007162842972833457,
0.015429249637346697,0.015692997494395358,0.00854778219677432,0.015692997494395358,0.0063033559533256355,
0.013758433655245404,0.014816774705648895,0.015473277453743864,0.014816774705648895,0.005792686993981007,
0.01381467483383292,0.01668187149745862,0.018770188308228,0.01668187149745862,0.0072152975994894735,
0.01643655489809336,0.014464168310322156,0.00838211484323875,0.014464168310322156,0.0055524312009440175,
0.014317910645631711,0.015113350125944584,0.015298165848216538,0.015113350125944584,0.006419823901618136,
0.012839179351422899,0.01588352084712111,0.023209918374109312,0.01588352084712111,0.006555127430886118,
0.010912962470055895,0.015171679531541124,0.021549327775429807,0.015171679531541124,0.0059903229890281755,
0.013043478260869565,0.015678524374176547,0.016569027708598617,0.015678524374176547,0.005604639670321945,
0.014674775251189846,0.016261237440507666,0.007896655844934163,0.016261237440507666,0.005573136108203729,
0.01206896551724138,0.015517241379310345,0.01225961134466477,0.015517241379310345,0.0059113897621833195,
0.012250332889480693,0.0118508655126498,0.00857730275094937,0.0118508655126498,0.005086877243048386,
0.011215199894445178,0.014645731626863702,0.01767148092650117,0.014645731626863702,0.006081826104147327,
0.01508135996824977,0.013626141023944965,0.021551209391478855,0.013626141023944965,0.006718306361216803,
0.014968487394957984,0.015493697478991597,0.02838806788812558,0.015493697478991597,0.007238667517619001,
0.015356102727032035,0.015223722531109346,0.022515936760424616,0.015223722531109346,0.007862037915028885,
0.014175088594303714,0.01575009843811524,0.01602596196585744,0.01575009843811524,0.005938294656629255,
