Majority Class Accuracy,Accuracy,Precision,Recall,F Score,Support
0.0979381443298969,0.12965900079302142,0.10579168933326971,0.12965900079302142,0.09649999920538382,
0.10293340380549683,0.13253171247357293,0.10850869290784501,0.13253171247357293,0.08970148004329218,
0.0976221928665786,0.12628797886393658,0.07420730689707529,0.12628797886393658,0.07144158388508293,
0.09929642904553299,0.12863401035444047,0.08194388983707236,0.12863401035444047,0.08990835119322559,
0.09709643047416089,0.12613212573255195,0.07431148232292359,0.12613212573255195,0.08153261054272483,
0.10023803226659614,0.12747950277704312,0.07538670504320864,0.12747950277704312,0.08989715619221185,
0.09842154131847725,0.13038864570897998,0.0773446755105852,0.13038864570897998,0.08050493292201749,
0.09605715797830114,0.13111934374173062,0.10988863067489585,0.13111934374173062,0.0923849055144072,
0.10133087363288971,0.13190143628936618,0.0889805445646371,0.13190143628936618,0.0908072735579733,
0.0969157139058761,0.13347513959053442,0.08214748756674185,0.13347513959053442,0.0889099340430806,
0.10122902074798468,0.1341350601295097,0.10429033628207293,0.1341350601295097,0.09529261722782047,
0.09702474986835176,0.12493417588204318,0.06052715056494585,0.12493417588204318,0.0788587066886465,
0.09954630370963437,0.13277288497464637,0.08016419202221368,0.13277288497464637,0.09074945398595835,
0.10001322926313004,0.13136658288133352,0.08069311952010012,0.13136658288133352,0.08368785553000502,
0.09871811814457512,0.12937756045989163,0.07315388906474636,0.12937756045989163,0.08102726632736251,
0.10347997373604728,0.1231779382797111,0.05871686588132173,0.1231779382797111,0.06885313341392289,
0.09883103081827843,0.12579702444208288,0.08944760775050617,0.12579702444208288,0.09388548145242838,
0.09516817939135078,0.12640149492792313,0.07927815248998353,0.12640149492792313,0.07565848914854835,
0.10664728426060525,0.13532443504691424,0.0765277617948949,0.13532443504691424,0.0801106192686844,
0.10265509989484753,0.129863301787592,0.08823995211585936,0.129863301787592,0.08308066878943669,
0.10497017892644135,0.1275016567263088,0.08689759202983464,0.1275016567263088,0.08037493370271026,
0.10109542035106242,0.1342219875940346,0.09216646448178668,0.1342219875940346,0.09413710682562677,
0.09799027978457901,0.138053329830553,0.10160659892002066,0.138053329830553,0.09299073511128945,
0.10151815181518152,0.1306930693069307,0.10866629068544104,0.1306930693069307,0.0918038503204268,
0.09659540775930324,0.12232779097387174,0.07129566155681433,0.12232779097387174,0.07358227199820663,
0.0987375415282392,0.133687707641196,0.09876021766334017,0.133687707641196,0.09160995801245353,
0.09917028842354801,0.13156854998024498,0.08111363994812817,0.13156854998024498,0.089772664385928,
0.09587601786183346,0.13265038087733122,0.06781174236050466,0.13265038087733122,0.07328199542328985,
0.10284664830119375,0.13839695657877477,0.10025337074453053,0.13839695657877477,0.1008321914036758,
0.10003943736032601,0.13211515709215196,0.09713508567969432,0.13211515709215196,0.07649675566851456,
