Majority Class Accuracy,Accuracy,Precision,Recall,F Score,Support
0.01105929380413058,0.01145902731512325,0.009989545011805498,0.01145902731512325,0.005778858085220003,
0.012430573922242793,0.012959534514678656,0.009454702823828168,0.012959534514678656,0.005680718642527812,
0.012546222926571579,0.012150026413100899,0.010741780244924956,0.012150026413100899,0.005349062461938454,
0.015622913606623047,0.012818800907998397,0.009856072132735368,0.012818800907998397,0.005574430289588722,
0.013574660633484163,0.01224381155177003,0.01598828054016964,0.01224381155177003,0.005155863439115168,
0.013312244628970607,0.016739159087913538,0.011829336109477654,0.016739159087913538,0.007280314596018628,
0.01258945136496157,0.01285449244632918,0.010109730742572291,0.01285449244632918,0.005956351873569858,
0.012342402123424022,0.013271400132714002,0.010589194316890378,0.013271400132714002,0.006751783446263297,
0.011600316372264698,0.012786712364882678,0.0054527529073657875,0.012786712364882678,0.004190485120054324,
0.012506582411795681,0.010531858873091101,0.010443932740698233,0.010531858873091101,0.004419298843308306,
0.013752975403332451,0.012033853477915895,0.007787625160689267,0.012033853477915895,0.004842369557659935,
0.011372652737371066,0.011372652737371066,0.00853682062040014,0.011372652737371066,0.004516112291849535,
0.013093506149980162,0.009919322840894062,0.009303561692100528,0.009919322840894062,0.0047114379101360964,
0.011703684000531985,0.01276765527330762,0.009398668245285808,0.01276765527330762,0.0052520152328491415,
0.009753525767760644,0.011862396204033215,0.018783014735324458,0.011862396204033215,0.006098827175840552,
0.010949868073878629,0.010422163588390501,0.0068347258839942405,0.010422163588390501,0.0038703846608954596,
0.012703453751488685,0.012703453751488685,0.011512861839353999,0.012703453751488685,0.00509760961915408,
0.012933878843869605,0.012933878843869605,0.012216521652517492,0.012933878843869605,0.00598631805010964,
0.012145214521452145,0.011353135313531354,0.013047070857517691,0.011353135313531354,0.004871878909857339,
0.012159661644197727,0.011895321173671689,0.0056467667242955525,0.011895321173671689,0.003941922512149717,
0.011997363216875412,0.011601845748187211,0.008218225294267805,0.011601845748187211,0.003773089870835809,
0.012644749101557301,0.013975775322773859,0.019921213045953207,0.013975775322773859,0.006859071679507809,
0.013447593935398813,0.012392880685563613,0.021381571700938122,0.012392880685563613,0.0056605355136527865,
0.01269799712004189,0.013745254614478335,0.008937771508172347,0.013745254614478335,0.005918111495803341,
0.01107011070110701,0.011992619926199263,0.007152510612267872,0.011992619926199263,0.004126131550827745,
0.01593625498007968,0.013811420982735724,0.011196687219509003,0.013811420982735724,0.005905687451227976,
0.010722795869737888,0.012178978024887478,0.0062356950485081926,0.012178978024887478,0.004922949096715162,
0.01411051035210339,0.013583014638006066,0.008239556711269991,0.013583014638006066,0.00487282853292634,
0.01023119851182567,0.012622907254849854,0.007337987664564694,0.012622907254849854,0.004487366951736164,
0.013832169674614675,0.010934000790409695,0.00402361225014826,0.010934000790409695,0.0037810967142644122,
