Majority Class Accuracy,Accuracy,Precision,Recall,F Score,Support
0.013336854615079888,0.013072758484088207,0.005020582040783344,0.013072758484088207,0.0037722087139760324,
0.010952317350073461,0.012955790036062509,0.004384629836475302,0.012955790036062509,0.004509447070246667,
0.012929885363902958,0.01039722740602506,0.006594272752384884,0.01039722740602506,0.004362332585999706,
0.011549183592194345,0.013009425195805124,0.011598914305214281,0.013009425195805124,0.004461334496903268,
0.011611030478955007,0.011611030478955007,0.01119331948347263,0.011611030478955007,0.004739785736143145,
0.012311358220810167,0.011252316653428646,0.013581899024971717,0.011252316653428646,0.004050167556227882,
0.01243715268589574,0.012701772955808415,0.007108203064857535,0.012701772955808415,0.004447155784479146,
0.012322777262488406,0.011792765337220087,0.006749692548552799,0.011792765337220087,0.00375523032909836,
0.011903187409072874,0.0095225499272583,0.021957137026733374,0.0095225499272583,0.0031552511052204434,
0.012549537648612946,0.011756935270805813,0.009059465080296123,0.011756935270805813,0.0041051892823684094,
0.01337571182624818,0.011786518341941464,0.01982566693286446,0.011786518341941464,0.005235641385515059,
0.01201796090861067,0.011753829899630216,0.005061751876611759,0.011753829899630216,0.0036002872578928748,
0.014134275618374558,0.010469833791388562,0.004477837114048477,0.010469833791388562,0.003683870233682981,
0.012856196156394963,0.013386348575215375,0.015712903962475266,0.013386348575215375,0.004589412713993931,
0.013007698433766923,0.01128218741704274,0.006007092005793422,0.01128218741704274,0.0035651616438585774,
0.012443738416732858,0.011119936457505957,0.008154163253847517,0.011119936457505957,0.004512213427420752,
0.011918951132300357,0.011389219970864787,0.0033973242840525312,0.011389219970864787,0.0037250927954602287,
0.011443779108449768,0.009846972721224218,0.0026406346977892376,0.009846972721224218,0.0029204347359819732,
0.014477494077388787,0.013029744669649908,0.005631142511672163,0.013029744669649908,0.00425240335105203,
0.011824990145841546,0.014715543292602811,0.0063826701999383645,0.014715543292602811,0.0047361836070541966,
0.011767817003834457,0.012957820970514346,0.010558392076316024,0.012957820970514346,0.004520075505041324,
0.013192612137203167,0.012137203166226913,0.021076692664080403,0.012137203166226913,0.005142787088849797,
0.015287295730100159,0.0139694254085398,0.007341874771082585,0.0139694254085398,0.004987549595687387,
0.014361001317523056,0.013306982872200264,0.005631122107965563,0.013306982872200264,0.0035733803497474768,
0.013154398086633006,0.012091416423066702,0.009996556672310837,0.012091416423066702,0.005711523687017161,
0.012217795484727756,0.012749003984063745,0.01099661201092495,0.012749003984063745,0.004784290754775467,
0.010342084327764518,0.013391673296207902,0.008917851887371061,0.013391673296207902,0.004590396169365867,
0.01216931216931217,0.012698412698412698,0.007453001563344405,0.012698412698412698,0.00468222986053862,
0.013088313061872026,0.011634056054997356,0.007595226352516631,0.011634056054997356,0.004423181037736069,
0.011238926351976729,0.014015602274229802,0.009024006088230275,0.014015602274229802,0.005578584554025624,
