Majority Class Accuracy,Accuracy,Precision,Recall,F Score,Support
0.013112582781456954,0.010728476821192053,0.009779047041400547,0.010728476821192053,0.004712894673724353,
0.011546118115461182,0.01207697412076974,0.008075006611603847,0.01207697412076974,0.004424081046949604,
0.01320829480914014,0.012679963016774534,0.006134941582386063,0.012679963016774534,0.004826508732502607,
0.01628060886829914,0.010456651224354732,0.011509527331916342,0.010456651224354732,0.004629254592534841,
0.014655400052812252,0.012146818061790335,0.008173974943363584,0.012146818061790335,0.005085551180222922,
0.012825598307549915,0.010445590374190137,0.008521690823156125,0.010445590374190137,0.0050036212496411,
0.011392237382434759,0.013511723407073784,0.011031972192518679,0.013511723407073784,0.005515198892901947,
0.013776659160153663,0.012584448271294211,0.007240112243016917,0.012584448271294211,0.005134337868401305,
0.012896433741281748,0.011317278589288065,0.007217530725213217,0.011317278589288065,0.004569231125054182,
0.014255543822597676,0.012803590285110876,0.00797389393663103,0.012803590285110876,0.0055407488723014575,
0.009740687113334211,0.00881927076477557,0.014376682011520791,0.00881927076477557,0.004348187596944905,
0.013418360568619636,0.011956954962136309,0.0041067773045319125,0.011956954962136309,0.003782148062180256,
0.014293207448203515,0.011670600576973512,0.004961991514535457,0.011670600576973512,0.003903032593299951,
0.01163251817580965,0.010707204230006609,0.008851188240895176,0.010707204230006609,0.0042404615632929835,
0.010241596638655462,0.010898109243697478,0.007613948368582015,0.010898109243697478,0.005159945318520139,
0.012162876784769964,0.009915388683236383,0.0061435258677480726,0.009915388683236383,0.003876694874146822,
0.011315789473684211,0.012368421052631579,0.00870942934247724,0.012368421052631579,0.004098134600630149,
0.012822207534699273,0.012161269001982816,0.009354734028288632,0.012161269001982816,0.004088255544423211,
0.014540647719762063,0.010442828816920026,0.006467658645034527,0.010442828816920026,0.004924533107989694,
0.013727560718057022,0.010163674762407603,0.015511305724935651,0.010163674762407603,0.0057719119551796335,
0.012727031685005967,0.01113615272438022,0.00619660063140115,0.01113615272438022,0.003914057580615215,
0.013007698433766923,0.011945845500398195,0.010027914789110814,0.011945845500398195,0.004791294952091371,
0.01253463517614461,0.009631877556405858,0.011972448410499234,0.009631877556405858,0.004346083092262289,
0.013413014608233732,0.010092961487383798,0.007077284238609243,0.010092961487383798,0.004337537412324357,
0.013465346534653465,0.009372937293729374,0.008071868754757478,0.009372937293729374,0.004841405849899503,
0.010975932293044168,0.012166093626024862,0.00832931957325481,0.012166093626024862,0.00480530852034042,
0.012424002114723763,0.010970129526830557,0.006595709143831292,0.010970129526830557,0.004349229033296827,
0.013872215552887823,0.01107109510470855,0.010165622155748432,0.01107109510470855,0.004971281139204948,
0.011806845317060229,0.011408861767046962,0.009099902837537192,0.011408861767046962,0.0055067349671299596,
0.009854158454867954,0.011693601366443306,0.009426412764883383,0.011693601366443306,0.005734984974102366,
