Majority Class Accuracy,Accuracy,Precision,Recall,F Score,Support
0.3770927451501462,0.3770927451501462,0.14219893844487308,0.3770927451501462,0.20652049608956288,
0.3744904667981591,0.3744904667981591,0.14024310972270312,0.3744904667981591,0.20406559828588103,
0.3871095294582839,0.3871095294582839,0.14985378779741398,0.3871095294582839,0.21606626530197262,
0.37740863787375417,0.37740863787375417,0.1424372799417225,0.37740863787375417,0.20681920531817882,
0.38322563629170514,0.38322563629170514,0.14686188831118227,0.38322563629170514,0.2123469728408228,
0.381448739939306,0.381448739939306,0.14550314120128427,0.381448739939306,0.21065297176017833,
0.3832910716668891,0.3832910716668891,0.1469120456195523,0.3832910716668891,0.21240944675876616,
0.3820792342462111,0.3820792342462111,0.14598454124217106,0.3820792342462111,0.2112535050449424,
0.37965653896961693,0.37965653896961693,0.14413908758238828,0.37965653896961693,0.20894923266922233,
0.3707465048799789,0.3707465048799789,0.13745297088072023,0.3707465048799789,0.200551991767078,
0.3766027759418374,0.3766027759418374,0.14182965084709778,0.3766027759418374,0.2060574819777789,
0.3820343461030383,0.3820343461030383,0.14595024160237607,0.3820343461030383,0.21121073005734786,
0.3826571201272872,0.3826571201272872,0.1464264715841091,0.3826571201272872,0.21180445889669178,
0.37511594010865246,0.37511594010865246,0.14071196852359813,0.37511594010865246,0.2046546977158595,
0.38092105263157894,0.38092105263157894,0.14510084833795014,0.38092105263157894,0.21015082370050903,
0.39261213720316623,0.39261213720316623,0.15414429027923782,0.39261213720316623,0.22137433124604447,
0.3821546596166557,0.3821546596166557,0.14604218386672194,0.3821546596166557,0.21132538656307412,
0.3882740447957839,0.3882740447957839,0.1507567338620784,0.3882740447957839,0.2171858422725966,
0.380092899800929,0.380092899800929,0.14447061247907902,0.380092899800929,0.20936360516008476,
0.385978835978836,0.385978835978836,0.14897966182357716,0.385978835978836,0.2149811497206038,
0.3759746266684287,0.3759746266684287,0.14135691989846433,0.3759746266684287,0.20546442813516705,
0.37302115205534125,0.37302115205534125,0.13914477988069401,0.37302115205534125,0.20268410238604337,
0.37648143271003426,0.37648143271003426,0.14173826917540006,0.37648143271003426,0.20594287116004742,
0.3759516933578367,0.3759516933578367,0.14133967573862485,0.3759516933578367,0.2054427875933685,
0.37504971496751954,0.37504971496751954,0.14066228869721764,0.37504971496751954,0.20459229534190373,
0.3816207627118644,0.3816207627118644,0.14563440653278512,0.3816207627118644,0.21081676023300616,
0.3758433655245403,0.3758433655245403,0.14125823540881322,0.3758433655245403,0.20534057720292673,
0.38060493499602016,0.38060493499602016,0.14486011654332473,0.38060493499602016,0.20985020822592138,
0.371587596077392,0.371587596077392,0.138077341558575,0.371587596077392,0.20133944336251344,
0.37059683636847,0.37059683636847,0.13734201512631852,0.37059683636847,0.20041198327907953,
