Majority Class Accuracy,Accuracy,Precision,Recall,F Score,Support
0.031443231153795555,0.04223128535718984,0.015052796963872635,0.04223128535718984,0.019186567458403494,
0.03328947368421053,0.04342105263157895,0.05634815529628293,0.04342105263157895,0.019174720092081283,
0.03231360084756986,0.041583896172692356,0.020234176104052818,0.041583896172692356,0.017416144431513257,
0.03418803418803419,0.0485207100591716,0.015179734361919045,0.0485207100591716,0.01866086773927704,
0.033974190150118516,0.04187516460363445,0.012541010861983724,0.04187516460363445,0.018290218720992714,
0.031266490765171503,0.04525065963060686,0.01371469369947396,0.04525065963060686,0.018382827151146898,
0.029904306220095694,0.04213184476342371,0.015586805396489984,0.04213184476342371,0.019649622764565895,
0.03354821733982371,0.041968162083936326,0.015002354760621079,0.041968162083936326,0.019788659023882778,
0.0341948310139165,0.04546056991385023,0.014564577132118253,0.04546056991385023,0.018690546071705248,
0.033386327503974564,0.04623741388447271,0.02053412553190568,0.04623741388447271,0.021591307801975768,
0.036318013734812464,0.04384574749075541,0.01638978277201091,0.04384574749075541,0.019912187916411857,
0.03472770323599053,0.04367271770586688,0.023403510470016604,0.04367271770586688,0.021755442469157445,
0.036437779531702186,0.0423572744014733,0.014404719797413526,0.0423572744014733,0.01813337810206887,
0.03747534516765286,0.03997370151216305,0.015925086991868353,0.03997370151216305,0.01726490598074159,
0.03254710765581763,0.047964158650678615,0.020562837106200615,0.047964158650678615,0.0197881577176707,
0.03622611464968153,0.04418789808917197,0.015640998957997518,0.04418789808917197,0.019568274561036183,
0.03251165889407062,0.04290473017988008,0.018617669627454574,0.04290473017988008,0.020908499775555447,
0.0335341891537857,0.04532355252816348,0.021408279544743114,0.04532355252816348,0.02111162188474748,
0.032748231595493844,0.04519255960178151,0.01794977556333672,0.04519255960178151,0.020243830394970994,
0.03197251948738274,0.039106883339939225,0.014172168626943855,0.039106883339939225,0.018213103188933984,
0.030430773284152286,0.04478988275589514,0.014325787092885107,0.04478988275589514,0.019319818970158324,
0.03139427516158818,0.04471705579738821,0.01564537484288851,0.04471705579738821,0.02071180871551418,
0.03469279661016949,0.045948093220338986,0.022606446977618246,0.045948093220338986,0.020339195778285416,
0.03435114503816794,0.04330086864964464,0.017964919053819858,0.04330086864964464,0.020778314050074916,
0.03055337004982953,0.04222397062680304,0.020410748353731883,0.04222397062680304,0.020410054954631718,
0.0321390937829294,0.044388830347734456,0.013335850051829865,0.044388830347734456,0.016518286685764234,
0.031706354427049076,0.04341534008683068,0.014433602517733336,0.04341534008683068,0.01762544233992709,
0.03786779258477372,0.0411663807890223,0.01632211714987812,0.0411663807890223,0.018188020211612508,
0.03156365557316429,0.04754358161648178,0.02079786647267667,0.04754358161648178,0.02368960531101564,
0.03278255122273629,0.043225380039656314,0.016126791874104998,0.043225380039656314,0.01844827043563007,
