Majority Class Accuracy,Accuracy,Precision,Recall,F Score,Support
0.22167036988628938,0.22167036988628938,0.04913775288552435,0.22167036988628938,0.08044355350960668,
0.2157742020575046,0.2157742020575046,0.046558506273552826,0.2157742020575046,0.07659071264180464,
0.22668428005284016,0.22668428005284016,0.051385762823074464,0.22668428005284016,0.08377993206346623,
0.21665351223362272,0.21665351223362272,0.04693874436316451,0.21665351223362272,0.07716041402287309,
0.21471015449623662,0.21471015449623662,0.0461004504437978,0.21471015449623662,0.07590362239610408,
0.22104566512243548,0.22104566512243548,0.048861186069419894,0.22104566512243548,0.08003170964866498,
0.20874803562074384,0.20874803562074384,0.04357574237551934,0.20874803562074384,0.07210062162068595,
0.22370138345079613,0.22370138345079613,0.05004230895780013,0.22370138345079613,0.08178843243060252,
0.2213308784850079,0.2213308784850079,0.04898735777094533,0.2213308784850079,0.08021963357171709,
0.2187665431445209,0.2187665431445209,0.047858800399403524,0.2187665431445209,0.07853645256116691,
0.21045665122435472,0.21045665122435472,0.04429200204456969,0.21045665122435472,0.07318230190196262,
0.22348886532343584,0.22348886532343584,0.04994727292355684,0.22348886532343584,0.08164728644318804,
0.23041535226077814,0.23041535226077814,0.053091234557458476,0.23041535226077814,0.08629806911935563,
0.22192936215076436,0.22192936215076436,0.04925264178464512,0.22192936215076436,0.08061454828772371,
0.22056297079423814,0.22056297079423814,0.04864802408557995,0.22056297079423814,0.07971407497955466,
0.21808299085244598,0.21808299085244598,0.047560190899148036,0.21808299085244598,0.07809023072535343,
0.22103174603174602,0.22103174603174602,0.04885503275384228,0.22103174603174602,0.08002254308721647,
0.2186631369953673,0.21614824619457312,0.06543417362753912,0.21614824619457312,0.09079240282148042,
0.2186101605685707,0.2186101605685707,0.04779040230381625,0.2186101605685707,0.07843427512785309,
0.22102890479978785,0.22102890479978785,0.04885377675699368,0.22102890479978785,0.08002067201677626,
0.21998942358540455,0.21998942358540455,0.04839534648943855,0.21998942358540455,0.07933732137973844,
0.22481232714342156,0.22481232714342156,0.0505405824356408,0.22481232714342156,0.08252788009329476,
0.22022946063563234,0.22022946063563234,0.04850101533186153,0.22022946063563234,0.07949490959937447,
0.2285752188909525,0.2285752188909525,0.05224663069104685,0.2285752188909525,0.08505239221447168,
0.218384697130712,0.218384697130712,0.04769187594087282,0.218384697130712,0.07828705671236165,
0.22065727699530516,0.22065727699530516,0.048689633890982825,0.22065727699530516,0.07977609245214878,
0.22219290143818446,0.22219290143818446,0.04936968544951875,0.22219290143818446,0.08078869610750353,
0.21853775469436676,0.21853775469436676,0.047758750226855225,0.21853775469436676,0.07838698479856958,
0.21699484604202457,0.21699484604202457,0.04708676320880195,0.21699484604202457,0.07738202567075782,
0.21458942333244752,0.21458942333244752,0.04604862060615237,0.21458942333244752,0.07582582183172579,
