Majority Class Accuracy,Accuracy,Precision,Recall,F Score,Support
0.01875748303844619,0.02155115072502328,0.018904681958749708,0.02155115072502328,0.0103271809921048,
0.02079768329603791,0.021587468737659602,0.024318380887242273,0.021587468737659602,0.01128031028737793,
0.01658264791721942,0.02122578933404086,0.011573030264797122,0.02122578933404086,0.008876632872902513,
0.019099947671376242,0.022239665096807953,0.017035470431876695,0.022239665096807953,0.008762478069351747,
0.017798286090969017,0.020698747528015822,0.015100153315827826,0.020698747528015822,0.010508281440222887,
0.018077129084092126,0.021826459560792717,0.026114541215629353,0.021826459560792717,0.010997165487752486,
0.018338870431893688,0.020863787375415284,0.014484465010098146,0.020863787375415284,0.008287413631139117,
0.019561194818926778,0.021808088818398096,0.023755793450009114,0.021808088818398096,0.011134039638773933,
0.019483938915218536,0.023959978936282253,0.02054305156577934,0.023959978936282253,0.011260278122034378,
0.021595124536301007,0.021595124536301007,0.025721390411170376,0.021595124536301007,0.010910835858649413,
0.01710976572782311,0.020005264543300868,0.023651196775322954,0.020005264543300868,0.010715723706228347,
0.01751592356687898,0.020169851380042462,0.02745507778839319,0.020169851380042462,0.011630388119095968,
0.019610441234927785,0.019345435272293626,0.016877761142859996,0.019345435272293626,0.010434499683973884,
0.02076488369036667,0.02076488369036667,0.024151605898175877,0.02076488369036667,0.009882854338323088,
0.019159619450317123,0.0177061310782241,0.019315324377306164,0.0177061310782241,0.009371451639163888,
0.018570102135561744,0.0189680328956095,0.011913009202388499,0.0189680328956095,0.008816268688069097,
0.019043866561597057,0.018912529550827423,0.01771728160590297,0.018912529550827423,0.00903180655009851,
0.02054340622929092,0.020013253810470512,0.015182334192855492,0.020013253810470512,0.0097089387861,
0.01793012524719842,0.023335530652603822,0.014598448711395717,0.023335530652603822,0.010395833689265872,
0.018670550847457626,0.023172669491525424,0.02781647989049313,0.023172669491525424,0.01047013035901823,
0.017441086406603648,0.023698575422713353,0.027123010720733542,0.023698575422713353,0.01170120629863329,
0.016780283167278448,0.020844257996853698,0.013475002164218822,0.020844257996853698,0.009830461197588635,
0.016906283280085196,0.021299254526091587,0.015954096890696007,0.021299254526091587,0.010045867172131736,
0.017804942864735582,0.020993887855434493,0.021538222663614538,0.020993887855434493,0.011324435148473581,
0.018528252299605783,0.02128777923784494,0.013558208894014942,0.02128777923784494,0.009242941584113519,
0.019218025182239893,0.02147117296222664,0.018954571859570446,0.02147117296222664,0.011741604912035745,
0.020678685047720042,0.024787910922587485,0.019346644612491224,0.024787910922587485,0.011510509293908101,
0.015520189398921478,0.01762462185979219,0.010885074982920634,0.01762462185979219,0.007726950449961295,
0.02051078470292444,0.0222310440651052,0.01594542418195482,0.0222310440651052,0.011279492903969337,
0.018075491759702286,0.02073365231259968,0.01879061793453511,0.02073365231259968,0.010207343339335644,
