Majority Class Accuracy,Accuracy,Precision,Recall,F Score,Support
0.31378260293922944,0.22997484443267577,0.15291439872187831,0.22997484443267577,0.16828965161860585,
0.31103502765341057,0.27666578878061626,0.1374100647911399,0.27666578878061626,0.1685657201383676,
0.3175342830515244,0.2739981360671016,0.15632103977381662,0.2739981360671016,0.1875439286029529,
0.3073883840379297,0.24298696167522718,0.14374789969506974,0.24298696167522718,0.16845767559298153,
0.31378806009839116,0.291450604972743,0.1534628664453223,0.291450604972743,0.17944740230073233,
0.3162901307966706,0.20795349451710926,0.14000890241412117,0.20795349451710926,0.16448945982005095,
0.31762998152546845,0.29242544206914756,0.14261514766361802,0.29242544206914756,0.16462836045199106,
0.3194591728525981,0.26895546129374337,0.14880382874499806,0.26895546129374337,0.16785422151653073,
0.31905838542359355,0.2585450192844793,0.14525704139562884,0.2585450192844793,0.1770538549980436,
0.3127968337730871,0.25936675461741426,0.14690200615867882,0.25936675461741426,0.17617911721121296,
0.30781456953642383,0.24728476821192052,0.14745787320124273,0.24728476821192052,0.16997112499893857,
0.3125,0.2556938559322034,0.1533487034507069,0.2556938559322034,0.1701720785743172,
0.31117303609341823,0.25331740976645434,0.13289877601047717,0.25331740976645434,0.16272784344827465,
0.31158560695927245,0.22736259391063662,0.14194246733573412,0.22736259391063662,0.16585693845638852,
0.307580367773515,0.25717687524804866,0.13859768438547332,0.25717687524804866,0.17299086326941615,
0.3161094224924012,0.2809567860446676,0.14993010757451614,0.2809567860446676,0.1733294035704584,
0.30981798857446524,0.2610601833399761,0.14819391951453884,0.2610601833399761,0.1810503507860477,
0.32075471698113206,0.30083124422747065,0.1458826014771324,0.30083124422747065,0.16568483188335933,
0.3184645929847783,0.23904698874917274,0.13799231188064157,0.23904698874917274,0.16379723405245514,
0.3143313798614811,0.28835908364411295,0.15562167718755152,0.28835908364411295,0.16896841482309152,
0.3060710498409332,0.22720042417815484,0.14813156328799987,0.22720042417815484,0.17497133890196254,
0.32203164472809465,0.18508177104108497,0.13058161880285216,0.18508177104108497,0.14566379360303708,
0.31612223393045313,0.2719968387776607,0.1486609342950321,0.2719968387776607,0.181095247171485,
0.31289808917197454,0.27123142250530785,0.14574759853916971,0.27123142250530785,0.17944550462083075,
0.31029470067397913,0.28544998017708473,0.13865914109857372,0.28544998017708473,0.16302289675522794,
0.3107374553157686,0.21527869720640805,0.13369487710809733,0.21527869720640805,0.14419546961017096,
0.3159138655462185,0.27862394957983194,0.15136155767814538,0.27862394957983194,0.18575616007399917,
0.31905328573317465,0.2706597910881925,0.14958424630534695,0.2706597910881925,0.17609220096857403,
0.3133774834437086,0.23986754966887416,0.14681557781123042,0.23986754966887414,0.1696855695286673,
0.3077225645732267,0.24570604431624493,0.1360416092372441,0.24570604431624493,0.16888782463782712,
