Majority Class Accuracy,Accuracy,Precision,Recall,F Score,Support
0.013187691487944585,0.011855601438657253,0.008073442584686548,0.011855601438657253,0.00427669408030293,
0.0127163083377032,0.011929732564237022,0.004750447334437823,0.011929732564237022,0.003928607490312809,
0.009814323607427056,0.011007957559681697,0.002131898404907069,0.011007957559681697,0.0021061228567073203,
0.015354070152217075,0.010059563203176703,0.004517943255509924,0.010059563203176703,0.003081056592228857,
0.01434776885612742,0.011846781624325392,0.014630788955235475,0.011846781624325392,0.005691622803919309,
0.010489974770946753,0.009693267826317886,0.0149544311046224,0.009693267826317886,0.0037319103583972825,
0.01166489925768823,0.011399787910922587,0.014887341571360967,0.011399787910922587,0.003915845981446565,
0.013713080168776372,0.012394514767932489,0.007518809043427443,0.012394514767932489,0.004711009774410106,
0.012089356110381078,0.011038107752956636,0.0074316074905132435,0.011038107752956636,0.003877972724004839,
0.009841734273174625,0.010240723500465487,0.0120424784663225,0.010240723500465487,0.004469464346513529,
0.013421052631578948,0.009736842105263158,0.0033669497370102173,0.009736842105263158,0.00322393617465704,
0.01225457899591514,0.010146264329951245,0.012550062883417491,0.010146264329951245,0.0043954033812960164,
0.013405893283780196,0.01008760286700292,0.007269022444139929,0.01008760286700292,0.0036716593936536404,
0.012162876784769964,0.011634056054997356,0.007708542586622503,0.011634056054997356,0.004240568842015345,
0.013072758484088207,0.012148422025617325,0.006577588599942172,0.012148422025617325,0.004463357091999749,
0.015533722782793415,0.010754115772703134,0.006811521973151695,0.010754115772703134,0.003842104790585171,
0.011177644710578843,0.010911510312707918,0.00729252605158095,0.010911510312707918,0.003832680649247742,
0.011150935882118677,0.011947431302270013,0.02433824278323525,0.011947431302270013,0.0057792927468450035,
0.012566137566137565,0.010978835978835979,0.01308562425372134,0.010978835978835979,0.0039232803741072126,
0.013787617658756463,0.010738432984223783,0.003780339103004706,0.010738432984223783,0.0031596633078945003,
0.01109789932619897,0.010569427929713304,0.013561331976507954,0.010569427929713304,0.00478600147649735,
0.012889648822833092,0.013021175851637512,0.012365718715325548,0.013021175851637512,0.00559655236914678,
0.011171698364144169,0.011304694773241123,0.00770144308948547,0.011304694773241123,0.004028002636915866,
0.013203520938917045,0.011069618564950654,0.00877991838932398,0.011069618564950654,0.003247249234672166,
0.009667593696199179,0.01059462322871143,0.007641020737854149,0.01059462322871143,0.0030019082786163806,
0.011514028586553732,0.011646373742721016,0.010067114841196299,0.011646373742721016,0.0046132705623095,
0.014423713113669445,0.013232764324467381,0.0056750931225381905,0.013232764324467381,0.004888717280851953,
0.014433801338407033,0.010234877312688623,0.014722756313463477,0.010234877312688623,0.004298724320080121,
0.013347429628650721,0.011365138099643188,0.011323612000703445,0.011365138099643188,0.004387942588253006,
0.012813738441215323,0.011360634081902245,0.00825741388213087,0.011360634081902245,0.004942251544990151,
