Majority Class Accuracy,Accuracy,Precision,Recall,F Score,Support
0.021516801700092975,0.022977819099482003,0.007046253030624958,0.022977819099482003,0.008535036471423401,
0.019465042372881356,0.0211864406779661,0.0068059641743329945,0.0211864406779661,0.007777624192800551,
0.022887558216899535,0.023419827012641385,0.011518243280019175,0.023419827012641385,0.008872647086644685,
0.0199501246882793,0.023231395196219976,0.011915669224199106,0.023231395196219976,0.009264006118117021,
0.02186224153825892,0.024101145792177005,0.009492836883319493,0.024101145792177005,0.009318369874816067,
0.01785479847709072,0.023368780359721675,0.006369123763331118,0.023368780359721675,0.007527492955335192,
0.01835824809861002,0.023472331497508523,0.006178093113567861,0.023472331497508523,0.007576934669861872,
0.019026077700904736,0.022751463544438532,0.006545630777512737,0.022751463544438532,0.00813657940824612,
0.01752536566082488,0.023982079325339307,0.006721617344238345,0.023982079325339307,0.008302690427981319,
0.01935826040837974,0.026385574118271016,0.010074563304224241,0.026385574118271016,0.009487044130461125,
0.018513620735255223,0.022084104734197304,0.00976834510506937,0.022084104734197304,0.008343321647002274,
0.01896048793423495,0.02015380535666932,0.006729734365596587,0.02015380535666932,0.007669834647345761,
0.017341805665872387,0.025946518400847232,0.008942672823261957,0.025946518400847232,0.010669947861584747,
0.020692399522483088,0.023079984082769598,0.006108037513784194,0.023079984082769598,0.007999369509646562,
0.01694915254237288,0.024569701747470765,0.01013528663960442,0.024569701747470765,0.009592792096787364,
0.01815511947670538,0.025497263382725937,0.009406271290489486,0.025497263382725937,0.007645043081129187,
0.019202754602039466,0.02171897761885843,0.006915210605940521,0.02171897761885843,0.008428426453328985,
0.019558275678552423,0.02368281000532198,0.007737822323150361,0.02368281000532198,0.009398260754223273,
0.018626155878467634,0.022060766182298547,0.005221668924540946,0.022060766182298547,0.0073351259871265295,
0.018922852983988356,0.02368664814079661,0.01120723107906853,0.02368664814079661,0.008673791582546013,
0.01963093835885355,0.02290276141866248,0.008741380506457015,0.02290276141866248,0.010172394267853995,
0.018297533810660304,0.023070803500397773,0.006818809940900173,0.023070803500397773,0.008993396870682197,
0.018506278916060808,0.02670191672174488,0.01386152994531569,0.02670191672174488,0.010325211448353718,
0.02128777923784494,0.01971090670170828,0.007101160298994102,0.01971090670170828,0.007723474468209397,
0.015433741351782864,0.020223523150612027,0.008774184327068012,0.020223523150612027,0.007719332226416338,
0.020575046161962544,0.02439989448694276,0.009295953156979661,0.02439989448694276,0.008406412009522095,
0.0199632256369845,0.021933280798529027,0.007122812607693238,0.021933280798529027,0.008203095902222726,
0.02176493866244559,0.021105395066613904,0.004754481019193127,0.021105395066613904,0.006427526938940862,
0.018547959724430314,0.022919978802331743,0.007826484121450124,0.022919978802331743,0.009598370190655193,
0.017650158061116965,0.02291886195995785,0.007456111520805264,0.02291886195995785,0.008217700350398585,
