Majority Class Accuracy,Accuracy,Precision,Recall,F Score,Support
0.032836608202558355,0.03468284320189898,0.03824255619932459,0.03468284320189898,0.017731738775159687,
0.03566258718252402,0.04158441900250033,0.03736311348908097,0.04158441900250033,0.022332820415513224,
0.03365384615384615,0.03552350427350427,0.03354023832217408,0.03552350427350427,0.020210900763887783,
0.031615302869287994,0.038788522848034,0.03954897427111597,0.038788522848034,0.020098707980847275,
0.03580426999071741,0.03925208858241613,0.029451581462284264,0.03925208858241613,0.01907308157279113,
0.03630801968346855,0.03311610586514164,0.027289919607568915,0.03311610586514164,0.01741035525338478,
0.03182117028270874,0.034845496383957925,0.032342534534315355,0.034845496383957925,0.018827886367785897,
0.034469096671949286,0.03724247226624406,0.038954772274930126,0.03724247226624406,0.021163635424928454,
0.032535378918132525,0.03213860600449676,0.035936024484279315,0.03213860600449676,0.017867104431784943,
0.03154699049630412,0.03326293558606125,0.03117672505723028,0.03326293558606125,0.01839441304560047,
0.03530811954509389,0.03834964295160011,0.03610963842804237,0.03834964295160011,0.022360655687558514,
0.03557831167126165,0.034790599973742946,0.03894515453709058,0.034790599973742946,0.018985493545875306,
0.030783458845289997,0.03897476549081781,0.045399291559962314,0.03897476549081781,0.023738395672522943,
0.03533755274261603,0.03771097046413502,0.039282955031391203,0.03771097046413502,0.017407761591027165,
0.033893817026347146,0.0378657487091222,0.03661473646611343,0.0378657487091222,0.02130996321114135,
0.030080126100091947,0.040457112833311444,0.0393011536035664,0.040457112833311444,0.020154746236713653,
0.03292939936775553,0.0309536354056902,0.033048056932230604,0.0309536354056902,0.016184073188861166,
0.03345626975763962,0.03648577449947313,0.043134946191291504,0.03648577449947313,0.017186739222776692,
0.03472038165915717,0.03458786111847336,0.048120540331108116,0.03458786111847336,0.01718087554919128,
0.03781016148089799,0.0325587501641066,0.036138410470848044,0.0325587501641066,0.01658183225636155,
0.03185302669838752,0.029209621993127148,0.033115827350436784,0.029209621993127148,0.01575651621544478,
0.03311345646437995,0.03680738786279683,0.024257023207850403,0.03680738786279683,0.019194582110608382,
0.032795487340941884,0.03699330972058245,0.03480692501512952,0.03699330972058245,0.019681830479699562,
0.03188405797101449,0.03544137022397892,0.03432864168746448,0.03544137022397892,0.018616710635451884,
0.033674004192872115,0.030660377358490566,0.03698955461145434,0.030660377358490566,0.015180259332918188,
0.03458826659571638,0.029932153784754556,0.037933738787751685,0.029932153784754556,0.01721755263226412,
0.03506682545983856,0.03519915310308323,0.0361672104849724,0.03519915310308323,0.019299367378737973,
0.035001981244221374,0.034209483555672965,0.04316631751451872,0.034209483555672965,0.01935814348021846,
0.031443231153795555,0.03565320352585186,0.028887684357673266,0.03565320352585186,0.016169678737221256,
0.03317597692105953,0.036585365853658534,0.029832859932108335,0.036585365853658534,0.020421801952995637,
