Majority Class Accuracy,Accuracy,Precision,Recall,F Score,Support
0.41700671317625376,0.4162169277346321,0.1959849096390547,0.4162169277346321,0.2457043067022308,
0.4251124636147129,0.42524477374966924,0.21919088468331133,0.42524477374966924,0.2542816467133448,
0.4266243218208284,0.42675664946407305,0.2319135566227732,0.42675664946407305,0.25577250973238747,
0.41947067429179413,0.41920468147360024,0.17591425829799562,0.41920468147360024,0.24782972171841333,
0.4318932487779099,0.43162901307966706,0.18663958250759677,0.43162901307966706,0.26059566788391014,
0.4230869678767302,0.42282580308174456,0.2139758792659007,0.42282580308174456,0.2517120472124289,
0.4257740142894946,0.4257740142894946,0.18128351124419073,0.4257740142894946,0.25429487341937523,
0.4195859872611465,0.41892250530785563,0.19278481254052404,0.41892250530785563,0.24849356218952096,
0.4180187310381216,0.4180187310381216,0.17473965949872144,0.4180187310381216,0.24645606672740603,
0.4230769230769231,0.4230769230769231,0.17899408284023666,0.4230769230769231,0.2515592515592516,
0.42870309414088215,0.4280447662936142,0.19658440816823455,0.4280447662936142,0.25737175552433256,
0.42158805654643944,0.421455938697318,0.2103491907589608,0.421455938697318,0.25027605869331954,
0.4281956864807996,0.42806417674907943,0.18334345691857443,0.42806417674907943,0.2567281192659795,
0.4237399657849717,0.4236083695223056,0.17952342061882387,0.4236083695223056,0.25217580881157775,
0.42092072285978105,0.42092072285978105,0.1771742549328006,0.42092072285978105,0.2493795073608543,
0.42823124751951314,0.4280989548882127,0.1833496053153142,0.4280989548882127,0.2567404014771921,
0.4267887959644232,0.4265232974910394,0.18210788863661245,0.4265232974910394,0.25523916266797425,
0.4290058170280275,0.4290058170280275,0.18404599104388542,0.4290058170280275,0.2575860627728651,
0.43390191897654584,0.43390191897654584,0.18827087529152897,0.43390191897654584,0.26259937698654895,
0.41995482928125416,0.41968911917098445,0.21074782913038365,0.41968911917098445,0.2485502549490293,
0.4240539825350622,0.4240539825350622,0.17982178010384686,0.4240539825350622,0.2525491060159573,
0.4178028316727845,0.4178028316727845,0.17460498617114661,0.4178028316727845,0.2462845879110634,
0.4181866243721914,0.4181866243721914,0.1748800528038083,0.4181866243721914,0.24662487968566887,
0.42155434926519264,0.42155434926519264,0.2209517096292683,0.42155434926519264,0.25085042576410793,
0.42541583499667335,0.42554890219560876,0.2152441676788456,0.42554890219560876,0.25431468088533266,
0.41834983498349837,0.417953795379538,0.19909690719902554,0.417953795379538,0.2469007998657024,
0.41543971348985276,0.41543971348985276,0.17259015554453094,0.41543971348985276,0.24386790041237352,
0.42801867911941294,0.42801867911941294,0.183199989675127,0.42801867911941294,0.25657926237785234,
0.4205059920106525,0.4205059920106525,0.17684883776396865,0.4205059920106525,0.24898432975900264,
0.41629198624702457,0.41629198624702457,0.17341367906651228,0.41629198624702457,0.24483646384037994,
