Majority Class Accuracy,Accuracy,Precision,Recall,F Score,Support
0.6496738985758019,0.6496738985758019,0.42207617449068136,0.6496738985758019,0.5117086169030965,
0.6448230668414154,0.6448230668414154,0.41579678753076854,0.6448230668414154,0.5055823886629106,
0.6416950931514038,0.6416950931514038,0.4117725925745888,0.6416950931514038,0.5016432031652708,
0.6426311626680727,0.6426311626680727,0.412974811232119,0.6426311626680727,0.5028211087403667,
0.6395979367808491,0.6395979367808491,0.40908552073431903,0.6395979367808491,0.49900711821766336,
0.6581646068892979,0.6581646068892979,0.4331806497617441,0.6581646068892979,0.5224820840608667,
0.6389329107237189,0.6389329107237189,0.4082352644058838,0.6389329107237189,0.4981720261210882,
0.6500065763514402,0.6500065763514402,0.42250854930012066,0.6500065763514402,0.5121295337311785,
0.6378874551017694,0.6378874551017694,0.40690040537621175,0.6378874551017694,0.49686003041146587,
0.6416215502442889,0.6416215502442889,0.4116782137378846,0.6416215502442889,0.5015506937961711,
0.6435057244374259,0.6435057244374259,0.4140996173837364,0.6435057244374259,0.5039223304506387,
0.6548730764172037,0.6548730764172037,0.42885874621613274,0.6548730764172037,0.5182980523734315,
0.6441062608463489,0.6441062608463489,0.4148728752614649,0.6441062608463489,0.5046789068826947,
0.6481163251817581,0.6481163251817581,0.4200547709671064,0.6481163251817581,0.5097392272002182,
0.6525871172122492,0.6525871172122492,0.42586994555139385,0.6525871172122492,0.5153978765970223,
0.6603420630678781,0.6603420630678781,0.43605164025674154,0.6603420630678781,0.5252551868149773,
0.6438666666666667,0.6438666666666667,0.41456428444444443,0.6438666666666667,0.504377018952605,
0.6530774321641297,0.6530774321641297,0.42651013240209346,0.6530774321641297,0.5160195452474683,
0.6459430979978925,0.6459430979978925,0.41724248585111495,0.6459430979978925,0.5069950308229297,
0.6446346280447663,0.6446346280447663,0.41555380367441425,0.6446346280447663,0.5053448305031104,
0.6417811839323467,0.6417811839323467,0.41188308804960466,0.6417811839323467,0.5017515026735465,
0.6500789889415481,0.6500789889415481,0.4226026918632655,0.6500789889415481,0.5122211660113875,
0.6561062179571447,0.6561062179571447,0.4304753692420283,0.6561062179571447,0.5198644441695681,
0.6407177727932445,0.6407177727932445,0.4105192643731357,0.6407177727932445,0.5004142347702445,
0.6478128716796617,0.6478128716796617,0.4196615167138499,0.6478128716796617,0.509355793884626,
0.6511906345616603,0.6511906345616603,0.4240492425408177,0.6511906345616603,0.5136284492715641,
0.6354893953365828,0.6354893953365828,0.4038467715852556,0.6354893953365828,0.49385434443877174,
0.660577177654223,0.660577177654223,0.43636220763761885,0.660577177654223,0.5255548655125274,
0.646807943489271,0.646807943489271,0.41836051576081995,0.646807943489271,0.5080865894712581,
0.6491903371383063,0.6491903371383063,0.4214480938337478,0.6491903371383063,0.511096972063333,
