Majority Class Accuracy,Accuracy,Precision,Recall,F Score,Support
0.2682702418506835,0.2682702418506835,0.07196892266262421,0.2682702418506835,0.11349146307746813,
0.2674050632911392,0.2674050632911392,0.07150546787373817,0.2674050632911392,0.11283759225019357,
0.26771341865681486,0.26771341865681486,0.07167047452891903,0.26771341865681486,0.11307046762170637,
0.26533034419095347,0.26533034419095347,0.07040019154848984,0.26533034419095347,0.1112755919775296,
0.2614594309799789,0.2614594309799789,0.06836103404837438,0.2614594309799789,0.10838403894648807,
0.26876160169716257,0.26876160169716257,0.07223279854682425,0.26876160169716257,0.11386346883481002,
0.27308707124010556,0.27308707124010556,0.07457654847849848,0.27308707124010556,0.1171585984387603,
0.2650032829940906,0.2650032829940906,0.07022673999764607,0.2650032829940906,0.11103013081741407,
0.2617476240760296,0.2617476240760296,0.06851181870944649,0.2617476240760296,0.10859829240354989,
0.27029886273472625,0.27029886273472625,0.07306147519568638,0.27029886273472625,0.11503037173220498,
0.27091267235718974,0.27091267235718974,0.07339367604371404,0.27091267235718974,0.11549759104626628,
0.26101964949548595,0.26101964949548595,0.06813125742274632,0.26101964949548595,0.10805740806656672,
0.2754817275747508,0.2754817275747508,0.07589018222756923,0.2754817275747508,0.11899846244268773,
0.2756188448229971,0.2756188448229971,0.07596574762156336,0.2756188448229971,0.11910414765329723,
0.2644135188866799,0.2644135188866799,0.06991450897003663,0.2644135188866799,0.11058804406266803,
0.2706627937681542,0.2706627937681542,0.07325834793038238,0.2706627937681542,0.11530729992201083,
0.2669641685260533,0.2669641685260533,0.071269867276807,0.2669641685260533,0.1125049453604045,
0.26721980771763465,0.26721980771763465,0.07140642563664965,0.26721980771763465,0.11269777382229905,
0.266320277111644,0.266320277111644,0.07092649000082286,0.266320277111644,0.11201982828956894,
0.2807901365504441,0.2807901365504441,0.07884310078401706,0.2807901365504441,0.12311634597119153,
0.26048536006330786,0.26048536006330786,0.06785262280731112,0.26048536006330786,0.10766110413833484,
0.2718973273352739,0.2718973273352739,0.07392815661206507,0.2718973273352739,0.11624862325475664,
0.2619394099748644,0.2619394099748644,0.06861225449798009,0.2619394099748644,0.10874096482864692,
0.2666403578005788,0.2666403578005788,0.0710970804080207,0.2666403578005788,0.11226087968880948,
0.26479504415447475,0.26479504415447475,0.07011641540877023,0.26479504415447475,0.11087395658739888,
0.26537344945896013,0.26537344945896013,0.07042306767774728,0.26537344945896013,0.11130795846531835,
0.2655962095288234,0.2655962095288234,0.07054134651607866,0.2655962095288234,0.11147528095448535,
0.2683857387185897,0.2683857387185897,0.07203090474752308,0.2683857387185897,0.1135788625632036,
0.27210255054843396,0.27210255054843396,0.07403979801496306,0.27210255054843396,0.1164053919757377,
0.27221852098600935,0.27221852098600935,0.0741029231678104,0.27221852098600935,0.1164940172548004,
