Majority Class Accuracy,Accuracy,Precision,Recall,F Score,Support
0.7936571125265393,0.7936571125265393,0.6298916122639638,0.7936571125265393,0.7023545446506224,
0.7935260423604635,0.7935260423604635,0.6296835799042602,0.7935260423604635,0.702173891019204,
0.7980503227506257,0.7980503227506257,0.636884317642378,0.7980503227506257,0.7084165660815137,
0.7901250998136812,0.7901250998136812,0.6242976733555796,0.7901250998136812,0.6974905535043974,
0.7956493078444298,0.7956493078444298,0.6330578210733202,0.7956493078444298,0.7051018462321782,
0.7881871035940803,0.7881871035940803,0.6212389102720254,0.7881871035940803,0.694825400567308,
0.7849306014540648,0.7849306014540648,0.6161160490990399,0.7849306014540648,0.6903529454838534,
0.7955112219451371,0.7955112219451371,0.6328381042406453,0.7955112219451371,0.7049113327791632,
0.7901756239271095,0.7901756239271095,0.6243775166485968,0.7901756239271095,0.6975600698649883,
0.7974115161119916,0.7974115161119916,0.6358651260280249,0.7974115161119916,0.7075342739580022,
0.7946511320005296,0.7946511320005296,0.6314704215897231,0.7946511320005296,0.703724986243774,
0.7989956389586362,0.7989956389586362,0.6383940310749193,0.7989956389586362,0.709722711106136,
0.7924877661684963,0.7924877661684963,0.6280368595267332,0.7924877661684963,0.7007432590395676,
0.7859793267956533,0.7859793267956533,0.6177635021501484,0.7859793267956533,0.6917924444943265,
0.7964554953048538,0.7964554953048538,0.6343413560013,0.7964554953048538,0.7062143845580254,
0.7868917840999734,0.7868917840999734,0.6191986798840392,0.7868917840999734,0.6930455278755662,
0.7870541611624835,0.7870541611624835,0.6194542526031805,0.7870541611624835,0.6932685825260315,
0.7975890846469731,0.7975890846469731,0.6361483479479964,0.7975890846469731,0.7077794957493626,
0.7932003747824923,0.7932003747824923,0.6291668345550862,0.7932003747824923,0.7017250759067029,
0.7993900822063114,0.7993900822063114,0.6390245035298132,0.7993900822063114,0.710267895604134,
0.7911768590674944,0.7911768590674944,0.6259608223239058,0.7911768590674944,0.6989380408250558,
0.7991797856859373,0.7991797856859373,0.6386883298490206,0.7991797856859373,0.709977218430698,
0.7893407761828815,0.7893407761828815,0.6230588609449937,0.7893407761828815,0.6964116273861893,
0.7944606413994169,0.7944606413994169,0.6311677107327729,0.7944606413994169,0.7034623063569168,
0.8008715172322726,0.8008715172322726,0.6413951871139223,0.8008715172322726,0.7123164323234686,
0.7968543484007401,0.7968543484007401,0.6349768525651681,0.7968543484007401,0.7067649674892332,
0.7975525405693004,0.7975525405693004,0.6360900549685454,0.7975525405693004,0.7077290266765613,
0.8011626370722684,0.8011626370722684,0.6418615710405914,0.8011626370722684,0.7127191713058367,
0.7798601029431174,0.7798601029431174,0.6081817801624496,0.7798601029431174,0.6834040261442801,
0.7972776529668296,0.7972776529668296,0.6356516559202965,0.7972776529668296,0.7073494235807182,
