Majority Class Accuracy,Accuracy,Precision,Recall,F Score,Support
0.026101783840503674,0.02833158447009444,0.028748945353918847,0.02833158447009444,0.01614653108107948,
0.029092832583972494,0.03200211584236974,0.019196912740978716,0.03200211584236974,0.014558292589721824,
0.028154190238126563,0.031706354427049076,0.029457961824953225,0.031706354427049076,0.017913418070916412,
0.02764854446364482,0.03735212016482786,0.03238575873104521,0.03735212016482786,0.020230318478803994,
0.028939333598831808,0.030532324439134475,0.02199422059264115,0.030532324439134475,0.015151915676532807,
0.029218215319821005,0.035798894445906816,0.032111868174020834,0.035798894445906816,0.018606005892006137,
0.029191321499013805,0.03944773175542406,0.033747630628751336,0.03944773175542406,0.02148328758063487,
0.028183853549321743,0.033715264059001715,0.032805493746982155,0.033715264059001715,0.0199489063295873,
0.029373024236037933,0.03411485774499473,0.03396145572426561,0.03411485774499473,0.01965402214637686,
0.028756100778261445,0.03535153673657829,0.026895183896869644,0.03535153673657829,0.02081192601910752,
0.02859778597785978,0.03268318397469689,0.03356873442888158,0.03268318397469689,0.020360177962625115,
0.030171277997364954,0.034782608695652174,0.025465633167466077,0.034782608695652174,0.017992012168735673,
0.032771782047907344,0.03342984996051593,0.02240175502244747,0.03342984996051593,0.018297867849584325,
0.03173970783532536,0.03054448871181939,0.0360104661661843,0.03054448871181939,0.01859860616350307,
0.02881578947368421,0.03513157894736842,0.02688728411303725,0.03513157894736842,0.01933303587895431,
0.03342581582771832,0.03435064077156824,0.03013424506345996,0.03435064077156824,0.017992551265414554,
0.029787794912350073,0.0313694477395545,0.028067302372435047,0.0313694477395545,0.018276821146799113,
0.030578181332621177,0.03391641073574576,0.029987098490668194,0.03391641073574576,0.017277772276544243,
0.02583808135683053,0.030740691665562474,0.02956993112460717,0.030740691665562474,0.01555039662727152,
0.02880441930816783,0.03248717611469157,0.031863861106629136,0.03248717611469157,0.0165340658763156,
0.030964668519253672,0.034934497816593885,0.028886048366958465,0.034934497816593885,0.020018958899733267,
0.028661999735834102,0.030643243957205125,0.028836343969902867,0.030643243957205125,0.01743044095384997,
0.03016550987720235,0.03443673251468233,0.0335573296975563,0.03443673251468233,0.018330287118090188,
0.029617876504032793,0.03226232976332143,0.03092139532741622,0.03226232976332143,0.021051917971330762,
0.031871460555775055,0.03305676280784933,0.027884825485313014,0.03305676280784933,0.018419371915364725,
0.028869286287089013,0.03475006682705159,0.0225769460803544,0.03475006682705159,0.018061119220838386,
0.03116370808678501,0.033136094674556214,0.029118264815344554,0.033136094674556214,0.018473150695355583,
0.03296995479925552,0.033368784897633605,0.030991071811722202,0.033368784897633605,0.018788702968287156,
0.028770362585391486,0.031135049921177087,0.03068505352712267,0.031135049921177087,0.018918405695140555,
0.025991073772643737,0.034129692832764506,0.02776684540414017,0.034129692832764506,0.016664688099235145,
