Majority Class Accuracy,Accuracy,Precision,Recall,F Score,Support
0.20349529988084206,0.20230372037600952,0.10482230152735993,0.20230372037600952,0.07372357823121,
0.21377578001057643,0.19143310417768378,0.08583693108736969,0.19143310417768378,0.11286891376309825,
0.19604504976427448,0.19486642221058145,0.06893803921352179,0.19486642221058145,0.06972370045844734,
0.20577330508474576,0.18445444915254236,0.05986811499288082,0.18445444915254236,0.08889949854824693,
0.208311345646438,0.187467018469657,0.0616569482345558,0.187467018469657,0.09163979364138798,
0.20449438202247192,0.19629874421678783,0.08570824543883725,0.19629874421678783,0.09101013290539539,
0.19835805084745764,0.1972987288135593,0.05476339234830564,0.1972987288135593,0.06828450877428353,
0.20725593667546174,0.1891820580474934,0.07923603334987683,0.1891820580474934,0.09338251092706014,
0.20625739450506111,0.20428552648876036,0.05929587706897003,0.20428552648876036,0.07775254096709487,
0.21385463133035948,0.2128050380477565,0.06298248248172499,0.2128050380477565,0.07903377163255565,
0.21102238512894358,0.20905877732687525,0.054138711438790524,0.20905877732687525,0.07439817290395048,
0.20659078877713075,0.20566437268395976,0.06442070296750269,0.20566437268395976,0.07211329860644361,
0.21209730440499672,0.2056541748849441,0.07535294783755585,0.2056541748849441,0.09062465144462459,
0.21005171727887548,0.20116695398488263,0.0677251955751041,0.20116695398488263,0.08729151392618777,
0.20822893313991825,0.20611895028352895,0.0811859202675848,0.20611895028352895,0.07698582622723325,
0.20383344348975546,0.20277594183740913,0.07010028081643574,0.20277594183740913,0.07586804502343866,
0.20866605576646158,0.20709516952480692,0.054364963814722105,0.20709516952480692,0.07258019625121957,
0.20868310598111228,0.20671563483735572,0.0740172342965677,0.20671563483735572,0.0736924393203317,
0.20897486511383076,0.19805237531254113,0.06789639891634996,0.19805237531254113,0.09315667782900254,
0.21214125115725432,0.19428647004364502,0.07034959682588851,0.19428647004364502,0.0986237731479148,
0.20294814424848645,0.20044748618057384,0.06944998705357956,0.20044748618057384,0.07513113136355896,
0.20728511530398322,0.18841719077568134,0.07437802718771962,0.18841719077568134,0.09271778240650712,
0.21894904458598727,0.19771762208067942,0.08436271297171055,0.19771762208067942,0.09799848563197472,
0.2066006600660066,0.20607260726072607,0.05851406284946789,0.20607260726072607,0.07345910239659983,
0.20377007832204966,0.2031063321385902,0.06623781179409433,0.2031063321385902,0.07122399948757019,
0.21509633148588017,0.20678279229348112,0.06422654562901382,0.20678279229348112,0.09457750726425512,
0.20479216309240136,0.2018797987821022,0.05907809223928521,0.2018797987821022,0.0732891750995402,
0.21817702150112123,0.21553884711779447,0.05480371103465669,0.21553884711779447,0.07893838611727806,
0.20623184578822287,0.20002640612622127,0.0756442378509997,0.20002640612622127,0.08776598987215305,
0.20487675589716406,0.19732308507818713,0.0662090108470324,0.19732308507818713,0.08601415288196992,
