Majority Class Accuracy,Accuracy,Precision,Recall,F Score,Support
0.783289817232376,0.783289817232376,0.6135429377799291,0.783289817232376,0.6881023284618237,
0.7956578947368421,0.7956578947368421,0.6330714854570637,0.7956578947368421,0.7051136937749959,
0.7861850777748484,0.7861850777748484,0.6180869765158444,0.7861850777748484,0.6920749525976673,
0.7949393779652082,0.7949393779652082,0.6319286146397121,0.7949393779652082,0.7041225151080962,
0.7916392796108848,0.7916392796108848,0.6266927490228406,0.7916392796108848,0.6995746924670553,
0.7891629493571242,0.7891629493571242,0.6227781606380348,0.7891629493571242,0.6961670661264356,
0.7875264270613108,0.7875264270613108,0.620197873319954,0.7875264270613108,0.6939174312958918,
0.7833597046413502,0.7833597046413502,0.6136524268557834,0.7833597046413502,0.6881981523510923,
0.7915675389902194,0.7915675389902194,0.6265791687830324,0.7915675389902194,0.6994759116211617,
0.7925398708316858,0.7925398708316858,0.6281194468579051,0.7925398708316858,0.7008150357810186,
0.7841014129143008,0.7841014129143008,0.6148150257342029,0.7841014129143008,0.6892153341551503,
0.7925098554533508,0.7925098554533508,0.6280718709906911,0.7925098554533508,0.7007736878878614,
0.7986230636833046,0.7986230636833046,0.6377987978469076,0.7986230636833046,0.7092078498546476,
0.7938335318247982,0.7938335318247982,0.6301716762494329,0.7938335318247982,0.7025977216608092,
0.7897599151081045,0.7897599151081045,0.6237207235115605,0.7897599151081045,0.6969881471212709,
0.7937160281055283,0.7937160281055283,0.6299851332716158,0.7937160281055283,0.702435751702557,
0.7900224363204434,0.7900224363204434,0.6241354498896892,0.7900224363204434,0.6973493038139311,
0.7963776801171927,0.7963776801171927,0.6342174093888416,0.7963776801171927,0.7061069800727723,
0.7974160895045285,0.7974160895045285,0.6358724198006942,0.7974160895045285,0.7075405895314727,
0.7980119284294235,0.7980119284294235,0.6368230379156472,0.7980119284294235,0.7083635295700367,
0.7846255798542081,0.7846255798542081,0.6156373005615523,0.7846255798542081,0.6899344125862475,
0.801030519223147,0.801030519223147,0.6416498927269045,0.801030519223147,0.7125363905589701,
0.7907647907647908,0.7907647907647908,0.6253089543132834,0.7907647907647908,0.6983708385803471,
0.7976664014850172,0.7976664014850172,0.6362716880580567,0.7976664014850172,0.707886276933746,
0.7930531618719342,0.7930531618719342,0.6289333175550723,0.7930531618719342,0.7015222202318536,
0.7865909990761515,0.7865909990761515,0.6187253998276182,0.7865909990761515,0.6926323933654227,
0.7915783898305084,0.7915783898305084,0.6265963472466605,0.7915783898305084,0.6994908520926504,
0.7910269984118581,0.7910269984118581,0.6257237122164737,0.7910269984118581,0.6987317475072305,
0.8087373468300479,0.8087373468300479,0.6540560961577052,0.8087373468300479,0.7232184344553831,
0.790384361378946,0.790384361378946,0.6247074387124042,0.790384361378946,0.697847291551695,
