Majority Class Accuracy,Accuracy,Precision,Recall,F Score,Support
0.38411302145808346,0.2455017992802879,0.1788834671042204,0.2455017992802879,0.19694354141154577,
0.37244291936122476,0.3418239408736967,0.1853990136455254,0.3418239408736967,0.21780406237679156,
0.3805251352421164,0.3154769758543343,0.195702866878252,0.3154769758543343,0.2253988829851997,
0.37315010570824525,0.2506606765327696,0.17372191331235348,0.2506606765327696,0.1962526041192469,
0.3721083939193655,0.24084600132187706,0.1917589080393304,0.24084600132187706,0.19425531999980244,
0.3824940047961631,0.34399147348787634,0.19036303197920643,0.34399147348787634,0.225237436902854,
0.38055665479488193,0.31117266851338876,0.183027481822103,0.31117266851338876,0.21243629185389556,
0.3817916777100451,0.36032335011926847,0.1876549156273732,0.36032335011926847,0.2233224713265325,
0.3788697141351601,0.351995784481623,0.18768071394671287,0.351995784481623,0.2241540969384807,
0.3821698238177242,0.2747383759438336,0.1914676485247218,0.2747383759438336,0.20421786286149005,
0.37056970333420847,0.2901023890784983,0.17266827562324627,0.2901023890784983,0.21303428281695025,
0.38500065902201136,0.3531039936733887,0.19066932091217073,0.3531039936733887,0.23268658146684348,
0.38251293618150456,0.3046304895847154,0.21020316916238715,0.3046304895847154,0.22156100593563752,
0.3864779042074623,0.3262767928023287,0.21194795102140407,0.3262767928023287,0.2477353343926143,
0.37679235262878386,0.3106744556558683,0.18739149671293098,0.3106744556558683,0.21658210149502302,
0.3779015784586815,0.19339434938320732,0.17848995064544962,0.19339434938320732,0.1623619072866936,
0.3820090353441403,0.3359022056869519,0.20380966277771728,0.3359022056869519,0.240550195790051,
0.3784860557768924,0.23824701195219122,0.17690339027712534,0.23824701195219122,0.17610321731307155,
0.3805871462576038,0.33390637397513884,0.20685917141035723,0.33390637397513884,0.22866995403832607,
0.3718204820881609,0.2819283526434945,0.19038806856559698,0.2819283526434945,0.20442348647054526,
0.3786872176454956,0.2692001062981664,0.18772945425818172,0.2692001062981664,0.21347490468375208,
0.3807140034251087,0.2774338031879858,0.19722413508519288,0.2774338031879858,0.21863077473058729,
0.37703184881723273,0.3032906039381525,0.20418279743227763,0.3032906039381525,0.2265272533735059,
0.37534354142127996,0.24316188980499934,0.2012328820907051,0.24316188980499934,0.21376203231193716,
0.378193310508296,0.3281538056360284,0.19203377718498396,0.3281538056360284,0.23600896931674117,
0.3821706448635105,0.3659501516550178,0.1841752312828426,0.3659501516550178,0.22150004921919883,
0.37552798310454066,0.3545406546990496,0.18627409791671912,0.3545406546990496,0.21864669584029486,
0.38409898644201657,0.35013821245228377,0.20393470169829236,0.35013821245228377,0.23927210479681463,
0.3786842105263158,0.2732894736842105,0.17764441672499087,0.2732894736842105,0.21273568003719912,
0.37212395265327836,0.3605532650618433,0.19967677253955024,0.3605532650618433,0.21849711433330166,
