Majority Class Accuracy,Accuracy,Precision,Recall,F Score,Support
0.027814394938043763,0.03163722646981281,0.029672772298533934,0.03163722646981281,0.016769649526006784,
0.022652443039641774,0.0305544580534703,0.029409014702522912,0.0305544580534703,0.014431951389660148,
0.021975112523166536,0.026211278792692614,0.02940552228644446,0.026211278792692614,0.015345669644737008,
0.027244011581995263,0.029218215319821005,0.01909185418670855,0.029218215319821005,0.015158173714691707,
0.02424321845105491,0.030664395229982964,0.029189177175052088,0.030664395229982964,0.01766716919228777,
0.02637478570486615,0.031385994988790716,0.019407973659018706,0.031385994988790716,0.01529210715515908,
0.029575596816976128,0.029442970822281166,0.03178687087094541,0.029442970822281166,0.015522972808906575,
0.026228639554907934,0.030467611604185985,0.034070783983909524,0.030467611604185985,0.014754060056265705,
0.02411849521562459,0.03198322191637174,0.030457575509884212,0.03198322191637174,0.017746424843808527,
0.023310944290794153,0.03094955880416173,0.020918097075961588,0.03094955880416173,0.015946173361432548,
0.023989396951623592,0.027965540092776672,0.020487874350121026,0.027965540092776672,0.01475562787703412,
0.027655896822231085,0.03004919558569339,0.029429749985683647,0.03004919558569339,0.018664374087803606,
0.026420079260237782,0.02998678996036988,0.025702385979114156,0.02998678996036988,0.01648283668549282,
0.026862511578668785,0.028053460367870847,0.023690155042337985,0.028053460367870847,0.016013742347994454,
0.02262802699483922,0.03162630673547704,0.028798352445206548,0.03162630673547704,0.01774994441212351,
0.024736842105263158,0.029342105263157895,0.029986503183333967,0.029342105263157895,0.015727778881455615,
0.023900196979645436,0.030466185160866712,0.01812566796221101,0.030466185160866712,0.01580930877469524,
0.025026483050847457,0.028204449152542374,0.021175055805511944,0.028204449152542374,0.016309566601277733,
0.026228639554907934,0.030600079480725923,0.019482142386081005,0.030600079480725923,0.013757655602126734,
0.0260444209413009,0.03358011634056055,0.02248396209229752,0.03358011634056055,0.016981969517884884,
0.028419654714475433,0.03054448871181939,0.030353614865889982,0.03054448871181939,0.01671051188541385,
0.0293687707641196,0.03282392026578073,0.02499289841607644,0.03282392026578073,0.01742635545036989,
0.02443609022556391,0.02859828141783029,0.028847266553282753,0.02859828141783029,0.016269105786037328,
0.02384737678855326,0.028881822999470057,0.026553257221998815,0.028881822999470057,0.01537065205323315,
0.026281035393555204,0.033544638140517696,0.0234901944750127,0.033544638140517696,0.017742364669497204,
0.023502854866551588,0.032532200239012085,0.026611758515697415,0.032532200239012085,0.017747884300434988,
0.024097989615230995,0.033018239914791636,0.025100210963932057,0.033018239914791636,0.018625430589682263,
0.02565798174844597,0.03160957545298241,0.027931536142060894,0.03160957545298241,0.017024367577092324,
0.027231668437832094,0.03055260361317747,0.02530265063153719,0.03055260361317747,0.01718690249237981,
0.02489406779661017,0.031117584745762712,0.028186179891061328,0.031117584745762712,0.01678005515011297,
