Majority Class Accuracy,Accuracy,Precision,Recall,F Score,Support
0.6496177168468231,0.6496177168468231,0.42200317804127924,0.6496177168468231,0.5116375433308525,
0.6552589852008457,0.6552589852008457,0.4293643376864421,0.6552589852008457,0.5187881069068402,
0.6567381519724649,0.6567381519724649,0.4313050002562084,0.6567381519724649,0.5206676743005031,
0.6482722375509131,0.6482722375509131,0.4202568939792676,0.6482722375509131,0.509936264659419,
0.648867099509739,0.648867099509739,0.4210285128261815,0.648867099509739,0.5106882330921234,
0.6526315789473685,0.6526315789473685,0.4259279778393352,0.6526315789473685,0.5154542406972846,
0.6430353157411054,0.6430353157411054,0.41349441729026315,0.6430353157411054,0.5033299203355868,
0.6429899097185342,0.6429899097185342,0.4134360239998488,0.6429899097185342,0.5032727487299978,
0.6506278916060806,0.6506278916060806,0.4233166533357738,0.6506278916060806,0.5129159097437541,
0.6489347624718804,0.6489347624718804,0.4211163259444358,0.6489347624718804,0.5107737862390018,
0.6474087784241143,0.6474087784241143,0.4191381263806038,0.6474087784241143,0.5088453234801199,
0.6444238900634249,0.6444238900634249,0.41528215008447716,0.6444238900634249,0.505079198367107,
0.6566376352599631,0.6566376352599631,0.4311729840397963,0.6566376352599631,0.5205398873751117,
0.6491734452899501,0.6491734452899501,0.4214261620696239,0.6491734452899501,0.5110756097525335,
0.6435880398671097,0.6435880398671097,0.41420556505998835,0.6435880398671097,0.5040260150511663,
0.6535275253874934,0.6535275253874934,0.4270982264391007,0.6535275253874934,0.5165904043103402,
0.6515950435011864,0.6515950435011864,0.42457610071531293,0.6515950435011864,0.5141406816228533,
0.6414669667681716,0.6414669667681716,0.41147986945475856,0.6414669667681716,0.5013562597179855,
0.6497294443711231,0.6497294443711231,0.4221483508828084,0.6497294443711231,0.5117788887422463,
0.6461660287712815,0.6461660287712815,0.41753053673804863,0.6461660287712815,0.5072763371865942,
0.6567085261070721,0.6567085261070721,0.43126608826172297,0.6567085261070721,0.5206300100055746,
0.6537648612945839,0.6537648612945839,0.4274084938635265,0.6537648612945839,0.5168914926986015,
0.6530639197041733,0.6530639197041733,0.42649248321937894,0.6530639197041733,0.5160024099923524,
0.6541611624834874,0.6541611624834874,0.4279268265017476,0.6541611624834874,0.517394358188505,
0.637503299023489,0.637503299023489,0.40641045626583205,0.637503299023489,0.49637818318679594,
0.6429139072847682,0.6429139072847682,0.41333829218016754,0.6429139072847682,0.5031770567494783,
0.6501381033802447,0.6501381033802447,0.4226795534668617,0.6501381033802447,0.5122959740169855,
0.643568299482278,0.643568299482278,0.41418015609851105,0.643568299482278,0.5040011494855154,
0.657637420718816,0.657637420718816,0.4324869771296971,0.657637420718816,0.5218113101502667,
0.6479652311339391,0.6479652311339391,0.41985894075845914,0.6479652311339391,0.5095482997169314,
