Majority Class Accuracy,Accuracy,Precision,Recall,F Score,Support
0.1804761271445671,0.11450990823247773,0.07188500460548713,0.11450990823247773,0.07727417561524311,
0.17937574081390756,0.16185960753325432,0.06612737215283618,0.16185960753325432,0.07662085161259095,
0.17685646811860403,0.1503542377328785,0.06136346624414571,0.1503542377328785,0.07692896403159123,
0.1771066860081762,0.1214558881709086,0.06550836470715168,0.1214558881709086,0.06263397292053179,
0.17487132110333906,0.16008974528177378,0.06073260691769844,0.16008974528177378,0.07277850746196936,
0.1718235681369322,0.13666886109282422,0.076136781587828,0.13666886109282422,0.0899626859306802,
0.18626929217668972,0.13398084087280468,0.07751184292751988,0.13398084087280468,0.08310515039132993,
0.18498411016949154,0.1150688559322034,0.0772301152755405,0.1150688559322034,0.07639431300538427,
0.18156790770844258,0.15416885159937074,0.07017850698172551,0.15416885159937074,0.08241401263362047,
0.1781441106088806,0.11938314278117522,0.07349900933301458,0.11938314278117522,0.07914086624230643,
0.18559299548951977,0.12788538073759617,0.06821835137025234,0.12788538073759617,0.08063684043749067,
0.18636903975696736,0.16840575881653677,0.07039297829455689,0.16840575881653677,0.07373182471618643,
0.17892512874686387,0.12636999867951934,0.06950409541186699,0.12636999867951934,0.07519633353408184,
0.17313037723362013,0.14917273328921243,0.055205071607011234,0.14917273328921243,0.06742519134391499,
0.18005027119989417,0.15398862283370815,0.06509613617787625,0.15398862283370815,0.0741521626371948,
0.1786937055570187,0.16368185409533842,0.05923658803235543,0.16368185409533842,0.07075763848479519,
0.18026315789473685,0.1318421052631579,0.07591187191608684,0.1318421052631579,0.07579947904495954,
0.17810587922319765,0.12476722532588454,0.06238043561411065,0.12476722532588454,0.07219873919674334,
0.17808759700118373,0.1533605155859529,0.07087926059714594,0.1533605155859529,0.08207343953566845,
0.17512925891555084,0.13906933580803393,0.06728510367655816,0.13906933580803393,0.07066859545370685,
0.18848653667595172,0.16673298846000795,0.0748844843118809,0.16673298846000795,0.07905900321529305,
0.18264900662251657,0.12675496688741722,0.08673890351317029,0.12675496688741722,0.08218507689848055,
0.1745339151130504,0.12481819383842391,0.07078429424164667,0.12481819383842391,0.07515213036179906,
0.1798437293073765,0.14554363660442327,0.07233828935889354,0.14554363660442327,0.08060094065632065,
0.18040353422128444,0.1214558881709086,0.05402499741552881,0.1214558881709086,0.06757102564777277,
0.17500329945888873,0.11772469315032334,0.06460949455088115,0.11772469315032333,0.067171151015357,
0.18264419278377667,0.14998683170924415,0.07365517866655,0.14998683170924415,0.07528883318104129,
0.18118237001847454,0.15386645552916337,0.06368120838764085,0.15386645552916337,0.0752399174321284,
0.17825856118927527,0.1485266790549509,0.06578160125085447,0.1485266790549509,0.06882479274218824,
0.17376263970196915,0.12001064395955295,0.06847032233164127,0.12001064395955295,0.07397345180286626,
