Majority Class Accuracy,Accuracy,Precision,Recall,F Score,Support
0.1688070965179399,0.1688070965179399,0.028495835834817077,0.1688070965179399,0.04876054555060566,
0.17447709822610538,0.17447709822610538,0.030442257805402027,0.17447709822610538,0.05183967886880227,
0.1813615333773959,0.1813615333773959,0.03289200578900029,0.1813615333773959,0.055684910774037644,
0.1664021164021164,0.16626984126984126,0.02768596430409799,0.16626984126984126,0.04746793607567464,
0.1712139185448794,0.1712139185448794,0.0293142059034926,0.1712139185448794,0.05005781683317541,
0.16917591125198098,0.16917591125198098,0.028620488947938144,0.16917591125198098,0.04895839654665936,
0.17265230114392124,0.17265230114392124,0.02980881709029127,0.17265230114392124,0.05083999248747954,
0.1705160353701993,0.1705160353701993,0.029075718318371056,0.1705160353701993,0.04968017086442609,
0.16816380449141347,0.1644649933949802,0.04607459099193603,0.1644649933949802,0.07021747474119194,
0.17493368700265252,0.17493368700265252,0.030601794848342,0.17493368700265252,0.05209110128829409,
0.17737448668697842,0.17737448668697842,0.03146170852746908,0.17737448668697842,0.053443842860905505,
0.17679630850362557,0.17679630850362557,0.03125693470050915,0.17679630850362557,0.053122081493023054,
0.1714664897146649,0.1714664897146649,0.029400757095069285,0.1714664897146649,0.05019478978392366,
0.16908658922914466,0.16908658922914466,0.0285902746571455,0.16908658922914466,0.04891044841425637,
0.16671077004498544,0.15837523154273617,0.04451359215981792,0.15837523154273617,0.0677481927550277,
0.17305905773059058,0.17305905773059058,0.02994943746259988,0.17305905773059058,0.05106211365102163,
0.1707933972310969,0.1707933972310969,0.02917038453773926,0.1707933972310969,0.0498301145304144,
0.1741841337224728,0.1741841337224728,0.030340112440648288,0.1741841337224728,0.05167862785619858,
0.1675026399155227,0.1675026399155227,0.028057134378669257,0.1675026399155227,0.04806350481691312,
0.1721994445179209,0.1721994445179209,0.02965264869228052,0.1721994445179209,0.050593179908007005,
0.16498539952216618,0.16498539952216618,0.027220182055488793,0.16498539952216618,0.04673051193028428,
0.17476499404210247,0.17476499404210247,0.03054280314253611,0.17476499404210247,0.05199814992349267,
0.17335814942834352,0.17335814942834352,0.03005304797321988,0.17335814942834352,0.05122570289022432,
0.17802779616148245,0.17802779616148245,0.03169389620611435,0.17802779616148245,0.053808401311728975,
0.16963461284790923,0.16963461284790923,0.028775901876060057,0.16963461284790923,0.04920494239819811,
0.16677679397383374,0.16677679397383374,0.027814499008190587,0.16677679397383374,0.047677497790231775,
0.16818361693707953,0.16818361693707953,0.028285729006038304,0.16818361693707953,0.048426854470365044,
0.17743415017690997,0.16917835146114532,0.0478977221679565,0.16917835146114532,0.07330855545583181,
0.17392448362057625,0.17392448362057625,0.030249726002684094,0.17392448362057625,0.05153606799202102,
0.16885331933875622,0.16885331933875622,0.02851144345171599,0.16885331933875622,0.048785323153884674,
