Majority Class Accuracy,Accuracy,Precision,Recall,F Score,Support
0.20798734677738237,0.18689864241465665,0.07933164989842853,0.18689864241465665,0.08696402386092363,
0.2105123440403504,0.1498539952216618,0.09095638966350315,0.1498539952216618,0.09818698676134141,
0.2094000262570566,0.16029933044505712,0.07603580632280825,0.16029933044505712,0.09200148993962878,
0.19093766369827134,0.1744368779465689,0.07308008004099764,0.1744368779465689,0.07839079987033702,
0.21199313168669925,0.18095363888521993,0.08713946717360627,0.18095363888521993,0.10639112896729773,
0.21224976799681824,0.18533739891289938,0.08380955792081758,0.18533739891289938,0.0904938782702266,
0.20300651855793533,0.1584408673673008,0.08790999146760008,0.1584408673673008,0.09932615354841864,
0.20820648577101258,0.1469225678358703,0.08124112065658771,0.1469225678358703,0.09005300661438505,
0.20419469726948952,0.1548608363012795,0.06810398308270431,0.1548608363012795,0.08734513730096731,
0.20262043409211222,0.1119640021175225,0.07779200150667252,0.1119640021175225,0.07669404178803102,
0.22182539682539681,0.1814814814814815,0.09330284595398851,0.1814814814814815,0.10338982080652576,
0.20343877149232184,0.1375508596928731,0.08423181229907858,0.1375508596928731,0.08637828398096874,
0.21136603375527427,0.16429324894514769,0.07968611217410529,0.16429324894514769,0.09356266630069371,
0.2123378342599947,0.17725708234048188,0.08604936375746125,0.17725708234048188,0.10420545479211206,
0.20222045995241872,0.18649220195611949,0.0885755225693241,0.18649220195611949,0.09221125103888365,
0.2107952312328049,0.1405738241844622,0.08938607282519886,0.1405738241844622,0.08582934535536382,
0.21377293273065673,0.13892581760170167,0.08272566508674917,0.13892581760170167,0.09381306872054657,
0.19918378093733544,0.14270668773038442,0.07677347929810463,0.14270668773038442,0.08739475468357884,
0.21357943309162822,0.183520105471325,0.08922935543785589,0.183520105471325,0.0992862727259352,
0.20329524315705555,0.165426521392506,0.08583345160558427,0.165426521392506,0.09062858464268822,
0.20710215979859548,0.17662647409566715,0.09268938644244437,0.17662647409566715,0.09382545395294559,
0.21690400843881857,0.1259229957805907,0.0873949119855053,0.1259229957805907,0.09561504175689207,
0.21197668256491786,0.14825119236883944,0.10463987312395308,0.14825119236883944,0.10570364807410929,
0.19437103594080338,0.119053911205074,0.07970880533350791,0.119053911205074,0.0871966750738944,
0.20474934036939313,0.15197889182058047,0.10498394835962323,0.15197889182058047,0.11417317413983558,
0.2013971266640306,0.17938579148543563,0.07893550517037598,0.17938579148543563,0.09653964785307427,
0.2121492853361567,0.17469560614081525,0.08336866517685786,0.17469560614081525,0.09697740480296248,
0.20640381053188675,0.15652288965334746,0.11685002667475027,0.15652288965334746,0.09101332190856923,
0.21566551997883038,0.17650172003175443,0.08856249533144284,0.17650172003175443,0.10598472608421544,
0.20746229161153745,0.18536649907382904,0.09040813445680669,0.18536649907382904,0.08675294301823727,
