Majority Class Accuracy,Accuracy,Precision,Recall,F Score,Support
0.2950798220361162,0.2950798220361162,0.08707210137286601,0.2950798220361162,0.1344659995334833,
0.2888422708797692,0.2888422708797692,0.08342985744698199,0.2888422708797692,0.12946480625597795,
0.2892904953145917,0.2892904953145917,0.08368899067936181,0.2892904953145917,0.1298217755943999,
0.2999208652070694,0.2999208652070694,0.0899525253865571,0.2999208652070694,0.13839692521933356,
0.2917158986477616,0.2917158986477616,0.08509816552387112,0.2917158986477616,0.13175987941769005,
0.2963893664859146,0.2963893664859146,0.08784665656592178,0.2963893664859146,0.135525111261974,
0.29555198285101825,0.29555198285101825,0.08735097456716859,0.29555198285101825,0.13484750241351526,
0.28718898888300687,0.28718898888300687,0.08247751533564385,0.28718898888300687,0.12815136867697408,
0.29542136695421367,0.29542136695421367,0.08727378405309616,0.29542136695421367,0.13474192456512235,
0.3019860581349467,0.3019860581349467,0.09119557930788343,0.3019860581349467,0.14008687533646585,
0.28059100067159165,0.28059100067159165,0.07873130965788516,0.28059100067159165,0.12296089792384203,
0.288791964049696,0.288791964049696,0.0834007984996809,0.288791964049696,0.12942476493663949,
0.2918324051975603,0.2918324051975603,0.08516615272339303,0.2918324051975603,0.13185325337982762,
0.28751146638710523,0.28751146638710523,0.08266284330406354,0.28751146638710523,0.12840715669278552,
0.296630405943221,0.296630405943221,0.08798959773004009,0.296630405943221,0.1357203985449237,
0.29403973509933773,0.29403973509933773,0.08645936581728872,0.29403973509933773,0.13362706487625994,
0.2915409836065574,0.2915409836065574,0.08499614512227896,0.2915409836065574,0.13161974138045837,
0.2862228081740277,0.2862228081740277,0.08192349591902624,0.2862228081740277,0.12738616575354944,
0.28906765132533296,0.28906765132533296,0.08356010704274429,0.28906765132533296,0.12964425405731558,
0.3015831134564644,0.3015831134564644,0.09095237432209466,0.3015831134564644,0.1397565370690204,
0.2971754409229545,0.2971754409229545,0.08831324268775242,0.2971754409229545,0.1361623723386508,
0.2888359157727453,0.2888359157727453,0.08342618624028042,0.2888359157727453,0.1294597476983883,
0.29427430093209056,0.29427430093209056,0.0865973641890706,0.29427430093209056,0.13381609157611524,
0.28357227410232805,0.28357227410232805,0.08041323463956586,0.28357227410232805,0.12529599814829784,
0.29436825988550125,0.29436825988550125,0.08665267242801801,0.29436825988550125,0.13389183760683876,
0.28724530299020906,0.28724530299020906,0.082509864089937,0.28724530299020906,0.12819602277556663,
0.29103885804916735,0.29103885804916735,0.08470361689456336,0.29103885804916735,0.13121776523838377,
0.2900743099787686,0.2900743099787686,0.08414310530965871,0.2900743099787686,0.1304469124899379,
0.28744025491237385,0.28744025491237385,0.08262190014409046,0.28744025491237385,0.12835065523054334,
0.281171326354843,0.281171326354843,0.07905731476414161,0.281171326354843,0.12341411821801154,
