Majority Class Accuracy,Accuracy,Precision,Recall,F Score,Support
0.0637455457305002,0.08407021248515244,0.07840651363436006,0.08407021248515244,0.052651733652901656,
0.06933825467967308,0.08515686791457949,0.04325650675497741,0.08515686791457949,0.04798442012696869,
0.0662626794888684,0.08602292188117508,0.04466530006282574,0.08602292188117508,0.05092053330098847,
0.06989883063986335,0.0890815924320063,0.04687564677685459,0.0890815924320063,0.054473005816392174,
0.06185978448849275,0.09684714646800585,0.05239289632741426,0.09684714646800585,0.05719435505853019,
0.06856010568031704,0.08494055482166446,0.059935404788820076,0.08494055482166446,0.054076733501774006,
0.06705929594431803,0.08512916610895463,0.0503928581737668,0.08512916610895463,0.050331084808377155,
0.06755333157756123,0.09125625493810903,0.037447441050792195,0.09125625493810903,0.05118172106696523,
0.07297046748774996,0.08899483512117601,0.04653951796891871,0.08899483512117601,0.05269681873778536,
0.0696160488906603,0.08914574199548293,0.03604931365486858,0.08914574199548293,0.05052481180776185,
0.06632247815726768,0.09054805401111994,0.047536638124865895,0.09054805401111994,0.054713327521918036,
0.06630348126494819,0.09154929577464789,0.04835086892976201,0.09154929577464789,0.05576553865598238,
0.06575666097913112,0.09148182176138601,0.05219611818073322,0.09148182176138601,0.05414064221534798,
0.06329948569167876,0.08532243175524198,0.06921858200391613,0.08532243175524198,0.052679072189364795,
0.06607755209707201,0.08810340279609602,0.04341694236867943,0.08810340279609602,0.04921612996930086,
0.06497435222938314,0.08812310929896093,0.0358780938346784,0.08812310929896093,0.047939750726750635,
0.06536379242044105,0.08622738676878383,0.04369218512111009,0.08622738676878383,0.04509799876091432,
0.06866896004233924,0.09010320190526594,0.07349317038434244,0.09010320190526594,0.062167173481348474,
0.07210323267260875,0.08793401622987894,0.048095257665975576,0.08793401622987894,0.0516482208214077,
0.06977363515312916,0.09014647137150467,0.044870791050044684,0.09014647137150467,0.04913735334656345,
0.06807324840764331,0.08611995753715498,0.03401591547372399,0.08611995753715498,0.047150802678698873,
0.06722134178552562,0.09442683571051241,0.0477238480479428,0.09442683571051241,0.05379173369085209,
0.06625395152792413,0.08864594309799789,0.04089845453208727,0.08864594309799789,0.05135039504110075,
0.05975833990018387,0.09429997373259785,0.05931326783415835,0.09429997373259785,0.05536184616273735,
0.06709180284309818,0.09140427793277534,0.041295532379294404,0.09140427793277534,0.053503423306275694,
0.06998011928429423,0.09131875414181577,0.043718094697086075,0.09131875414181577,0.052571761152671814,
0.06968503937007874,0.08740157480314961,0.039340363115013925,0.08740157480314961,0.04860999691954958,
0.06718003186404674,0.08643122676579926,0.040534382754309296,0.08643122676579926,0.05142797591382492,
0.06762646942279751,0.08770307753269053,0.04791664101152273,0.08770307753269053,0.055522824761872216,
0.06756217582125283,0.09269849714057721,0.04725039515226596,0.09269849714057721,0.055416706744994874,
