Majority Class Accuracy,Accuracy,Precision,Recall,F Score,Support
0.47208256152421274,0.4722148716591691,0.3931745793800056,0.4722148716591691,0.3030762043957326,
0.48815477757304554,0.48815477757304554,0.23829508686738957,0.48815477757304554,0.3202557831464448,
0.4719595044625017,0.4719595044625017,0.22274577385249014,0.4719595044625017,0.30265204059921147,
0.4813734588360069,0.4813734588360069,0.23172040687174084,0.4813734588360069,0.3128453604856884,
0.4737323575535808,0.4737323575535808,0.2244223465932737,0.4737323575535808,0.30456323421685383,
0.47943037974683544,0.47943037974683544,0.22985348902419486,0.47943037974683544,0.3107324172476816,
0.483531137484998,0.483531137484998,0.23380236091753603,0.483531137484998,0.31519710643067017,
0.48194370685077004,0.4816781731279873,0.23241948271362403,0.4816781731279873,0.31354644821206734,
0.4784426443689574,0.4781813430885811,0.22887205311598277,0.4781813430885811,0.3095730714028789,
0.47299077733860345,0.47299077733860345,0.22372027544737635,0.47299077733860345,0.30376330780779714,
0.46779705573080965,0.4679284963196635,0.3911814648000479,0.4679284963196635,0.2984696880375284,
0.4766416633767601,0.4766416633767601,0.2271872752665647,0.4766416633767601,0.3077080660815658,
0.47086092715231787,0.4705960264900662,0.22164399498836587,0.4705960264900662,0.30135438605281195,
0.4727583037941447,0.4727583037941447,0.2235004138063168,0.4727583037941447,0.30351268532050546,
0.47440814707049334,0.47440814707049334,0.2250630900068588,0.47440814707049334,0.30529279216753846,
0.47282608695652173,0.4726935312831389,0.22353146308987892,0.4726935312831389,0.3035279614918014,
0.478525980911983,0.478525980911983,0.2578704799183606,0.478525980911983,0.3100953026869877,
0.47541847897719786,0.47541847897719786,0.22602273015299232,0.47541847897719786,0.3063845727480351,
0.47825512227362854,0.47825512227362854,0.2287279619809634,0.47825512227362854,0.3094566811027431,
0.4749409603778536,0.47507215953817894,0.30795559338866424,0.47507215953817894,0.3061848058334033,
0.4721376571806751,0.4721376571806751,0.22291396732805666,0.4721376571806751,0.3028439171306362,
0.4672023182297155,0.4672023182297155,0.21827800615922033,0.4672023182297155,0.29754315876843535,
0.48105110260134687,0.48105110260134687,0.23147129398714922,0.48105110260134687,0.31255023484514116,
0.48486868417544327,0.48486868417544327,0.23509764089402574,0.48486868417544327,0.3166578208558246,
0.47651184332407037,0.47651184332407037,0.2270635368281034,0.47651184332407037,0.30756751170639496,
0.4773445732349842,0.4773445732349842,0.22785784159688918,0.4773445732349842,0.30846946030734357,
0.4745650152742728,0.4745650152742728,0.22521195372227076,0.4745650152742728,0.3054622229463118,
0.48276317527407214,0.48276317527407214,0.2330602834007045,0.48276317527407214,0.3143594166447058,
0.49088524590163934,0.49088524590163934,0.24096832464391293,0.49088524590163934,0.3232553616132717,
0.46566296883254094,0.4657950343370312,0.3057793748922715,0.4657950343370312,0.2962132034533365,
