Majority Class Accuracy,Accuracy,Precision,Recall,F Score,Support
0.17978272390037095,0.17978272390037095,0.03232182781303702,0.17978272390037095,0.05479284813763131,
0.173015873015873,0.173015873015873,0.029934492315444695,0.173015873015873,0.051038511931610714,
0.1870026525198939,0.1870026525198939,0.03496999204947618,0.1870026525198939,0.05892150615710623,
0.1817580964970258,0.1817580964970258,0.03303600564222214,0.1817580964970258,0.05590992901194864,
0.17680507802168738,0.17680507802168738,0.031260035614254965,0.17680507802168738,0.053126955683783804,
0.17052214144084601,0.17052214144084601,0.029077800721571893,0.17052214144084601,0.04968346978174847,
0.17642425833552114,0.16946705171961143,0.04468152037979189,0.16946705171961143,0.0669743882508165,
0.18691588785046728,0.18691588785046728,0.03493754913092847,0.18691588785046728,0.058871145779674734,
0.17627611742925153,0.17627611742925153,0.031073269575931275,0.17627611742925153,0.05283329163197128,
0.17802081960732638,0.17802081960732638,0.03169141221366425,0.17802081960732638,0.05380450274932841,
0.1805610955989895,0.1805610955989895,0.032602309243907425,0.1805610955989895,0.05523188823593372,
0.18178238613991338,0.18178238613991338,0.03304483591072057,0.18178238613991338,0.055923723856903605,
0.17669671261930012,0.17669671261930012,0.03122172825046753,0.17669671261930012,0.0530667382948129,
0.17522498676548437,0.17522498676548437,0.030703795986964173,0.17522498676548437,0.052251775332770575,
0.18100692594565795,0.18100692594565795,0.032763507240296905,0.18100692594565795,0.05548402218566577,
0.18155158624366835,0.17808584377499334,0.047864670932481305,0.17808584377499334,0.07191115258509415,
0.17370022489747322,0.17370022489747322,0.030171768129432775,0.17370022489747322,0.051413073780519014,
0.18261562998405104,0.18261562998405104,0.03334846831447184,0.18261562998405104,0.056397814249963166,
0.1742683891378856,0.1742683891378856,0.030369471452713518,0.1742683891378856,0.051724923762973676,
0.1800236873272799,0.1800236873272799,0.03240852799891024,0.1800236873272799,0.054928605835556796,
0.17425742574257425,0.17425742574257425,0.03036565042642878,0.17425742574257425,0.051718898702686464,
0.1802802008987576,0.1802802008987576,0.0325009508360964,0.1802802008987576,0.05507327973704488,
0.1753899021940259,0.1753899021940259,0.03076161779162997,0.1753899021940259,0.05234283148801808,
0.17444620253164558,0.17444620253164558,0.030431477577711905,0.17444620253164558,0.05182268461869699,
0.18532716457369464,0.18532716457369464,0.03434615792892529,0.18532716457369464,0.05795219911504849,
0.17626666666666665,0.17626666666666665,0.031069937777777775,0.17626666666666665,0.05282805108441019,
0.17636895268474215,0.17636895268474215,0.031106007471112817,0.17636895268474215,0.05288478142868667,
0.1707026597856292,0.1707026597856292,0.02913939805788827,0.1707026597856292,0.049781040154506996,
0.16721744877726372,0.16470588235294117,0.0418661300460449,0.16470588235294117,0.06322101549797117,
0.17604139028920138,0.17604139028920138,0.030990571094954924,0.17604139028920138,0.05270319795008917,
