Majority Class Accuracy,Accuracy,Precision,Recall,F Score,Support
0.38393212249768,0.38379954925096116,0.1474507156581034,0.38379954925096116,0.21305031524454351,
0.37468622010833663,0.3742898665609724,0.15510146841375522,0.3742898665609724,0.20445920033499246,
0.36815000660240327,0.3678859104714116,0.15684101709651524,0.3678859104714116,0.19833023136279576,
0.3777571086898751,0.3513154398086633,0.17397604102346606,0.3513154398086633,0.22846178263047281,
0.36727369400505117,0.3670078426159777,0.148351120274417,0.3670078426159777,0.19761072768203297,
0.3722550953320184,0.37264957264957266,0.22361489625693107,0.37264957264957266,0.20309416565397392,
0.3756788978672672,0.3752814942376474,0.15282135438539135,0.3752814942376474,0.20591507884876034,
0.36704665959703076,0.36704665959703076,0.18606895825566855,0.36704665959703076,0.1976200858350299,
0.3774009802622864,0.3768711087561266,0.17192960502644286,0.3768711087561266,0.2072196232229286,
0.38087670507217586,0.38074427228181695,0.14503583140165638,0.38074427228181695,0.21005573126462798,
0.38819957761351637,0.38819957761351637,0.20483406195466738,0.38819957761351637,0.21761581273624017,
0.38047360762005555,0.3802090223574547,0.1447744139150059,0.3802090223574547,0.209700095560464,
0.38204178788680243,0.3778101031473155,0.16176913302741136,0.3778101031473155,0.2139838627650319,
0.3669301712779974,0.3669301712779974,0.1346377505941005,0.3669301712779974,0.19699287267647667,
0.38496101493326285,0.38496101493326285,0.14821456998421817,0.38496101493326285,0.21402642170065742,
0.38460526315789473,0.38460526315789473,0.14792120844875345,0.38460526315789473,0.21366552964183716,
0.38037457135320496,0.3798470060670008,0.16014704926595774,0.3798470060670008,0.2097495327914018,
0.37483496171111697,0.37483496171111697,0.14050124852097454,0.37483496171111697,0.20438998488386848,
0.38039735099337746,0.38039735099337746,0.14475966503948326,0.38039735099337746,0.20971325310547656,
0.38349323169930344,0.3833618083848075,0.14703598276378396,0.3833618083848075,0.2125498302996139,
0.3760336002100013,0.3760336002100013,0.14141982995558594,0.3760336002100013,0.20553968608254386,
0.3866067890635319,0.3859463743230749,0.16404489729510732,0.3859463743230749,0.21605907297729351,
0.36738494280393724,0.36738494280393724,0.1612333479576235,0.36738494280393724,0.19774347798323025,
0.3763313609467456,0.3763313609467456,0.18504281721469742,0.3763313609467456,0.2060700893717047,
0.3840560549973559,0.3833950290851401,0.1474791524751499,0.3833950290851401,0.21301760724726634,
0.37393955461293743,0.3736744432661718,0.16087358269560265,0.3736744432661718,0.20375126968930135,
0.37383177570093457,0.37370014479399766,0.13977458332871767,0.37370014479399766,0.20345220190069074,
0.3790322580645161,0.3790322580645161,0.14366545265348596,0.3790322580645161,0.20835691378985094,
0.38635467332719864,0.38569738398843173,0.14925143009111266,0.38569738398843173,0.21522016547218545,
0.37035567896337435,0.37035567896337435,0.13719961073620043,0.37035567896337435,0.20022510263972426,
