Majority Class Accuracy,Accuracy,Precision,Recall,F Score,Support
0.4300607020321985,0.4300607020321985,0.1849522074324274,0.4300607020321985,0.2586634359920522,
0.4198815009874918,0.4198815009874918,0.17630047487150904,0.4198815009874918,0.24833125123314376,
0.4324683965402528,0.4324683965402528,0.18702891400609736,0.4324683965402528,0.26112815397228456,
0.4193805662634587,0.4193805662634587,0.17588005935945927,0.4193805662634587,0.24782650057336808,
0.41106875246483504,0.41106875246483504,0.16897751925299584,0.41106875246483504,0.2395028859619041,
0.43447912551033846,0.43447912551033846,0.18877211050422846,0.43447912551033846,0.26319255142464315,
0.4275352762758803,0.4275352762758803,0.18278641246029328,0.4275352762758803,0.25608671883351575,
0.40821160679036717,0.40821160679036717,0.16663671591837334,0.40821160679036717,0.23666431254344805,
0.41882476666228474,0.41882476666228474,0.17541418516971724,0.41882476666228474,0.2472668778997571,
0.4265540451365976,0.4265540451365976,0.18194835342239454,0.4265540451365976,0.25508792189499185,
0.4173249078462349,0.4173249078462349,0.17416007870886843,0.4173249078462349,0.24575886269228395,
0.4199575934269812,0.4199575934269812,0.17636438027698162,0.4199575934269812,0.24840795400281912,
0.4210107441305213,0.4210107441305213,0.17725004667333527,0.4210107441305213,0.24947038212830666,
0.43237162519851774,0.43237162519851774,0.18694522227680752,0.43237162519851774,0.26102893828394297,
0.41958504030659444,0.41958504030659444,0.17605160604908646,0.41958504030659444,0.24803248984796822,
0.4187887584113999,0.4187887584113999,0.17538402417176188,0.4187887584113999,0.2472306368823181,
0.4237957357199263,0.4237957357199263,0.1796028256143936,0.4237957357199263,0.2522873486814869,
0.4158061953931692,0.4158061953931692,0.1728947921273424,0.4158061953931692,0.24423511168395406,
0.42452830188679247,0.42452830188679247,0.1802242791028836,0.42452830188679247,0.2530301137073597,
0.421494206951658,0.421494206951658,0.17765736649380712,0.421494206951658,0.2499586218853284,
0.4307327983160111,0.4307327983160111,0.18553074354514146,0.4307327983160111,0.2593506541032865,
0.42641209228321403,0.42641209228321403,0.18182727244534821,0.42641209228321403,0.25494353760602645,
0.4223850766155896,0.4223850766155896,0.1784091529475575,0.4223850766155896,0.2508591462054181,
0.4240623349181194,0.4240623349181194,0.17982886389620725,0.4240623349181194,0.25255757348086455,
0.4251615455624423,0.4251615455624423,0.1807623398250447,0.4251615455624423,0.2536727718873534,
0.42722568661271065,0.42722568661271065,0.18252178730170204,0.42722568661271065,0.25577144387708994,
0.4197645191162852,0.4197645191162852,0.17620225150892618,0.4197645191162852,0.24821334684233562,
0.4141079936474325,0.4141079936474325,0.171485430402702,0.4141079936474325,0.24253512627474333,
0.42466480817735297,0.42466480817735297,0.180340199304308,0.42466480817735297,0.253168602564173,
0.42792613258934503,0.42792613258934503,0.1831207749528737,0.42792613258934503,0.2564849410253592,
