Majority Class Accuracy,Accuracy,Precision,Recall,F Score,Support
0.48035855523332455,0.48035855523332455,0.23074434158584692,0.48035855523332455,0.31174115320930273,
0.4728138642677603,0.4728138642677603,0.22355295024381205,0.4728138642677603,0.30357257718368374,
0.4731919378211039,0.4731919378211039,0.22391061001889148,0.4731919378211039,0.3039802272473228,
0.487344262295082,0.487344262295082,0.23750442999193766,0.487344262295082,0.31936712436090725,
0.478490366851412,0.478490366851412,0.22895303116959884,0.478490366851412,0.3097119011430239,
0.47642810242941563,0.47642810242941563,0.22698373678449377,0.47642810242941563,0.30747685770949384,
0.4768457263826409,0.4768457263826409,0.22738184676938844,0.4768457263826409,0.30792904459470305,
0.47044760260326735,0.47044760260326735,0.22132094679516176,0.47044760260326735,0.30102527475761415,
0.46877887788778877,0.46877887788778877,0.2197536363537344,0.46877887788778877,0.29923311079984505,
0.47071240105540896,0.47071240105540896,0.22157016450734818,0.47071240105540896,0.30130998330923914,
0.47358689910195456,0.47358689910195456,0.2242845510010049,0.47358689910195456,0.3044062771427871,
0.47760202047055694,0.47760202047055694,0.2281036899575583,0.47760202047055694,0.30874848138731753,
0.4782029062791628,0.4782029062791628,0.22867801957383777,0.4782029062791628,0.30940004055255355,
0.47211208035950303,0.47211208035950303,0.22288981642137784,0.47211208035950303,0.3028163675784063,
0.4765676567656766,0.4765676567656766,0.22711673147512773,0.4765676567656766,0.30762793758142015,
0.4843398969208405,0.4843398969208405,0.2345851357492904,0.4843398969208405,0.31608007874196586,
0.48795496203194555,0.48795496203194555,0.23810004497159742,0.48795496203194555,0.3200366288593156,
0.4779158952658027,0.4779158952658027,0.2284036029477137,0.4779158952658027,0.30908876977283656,
0.46829590488771466,0.46829590488771466,0.2193010545346035,0.46829590488771466,0.2987150666355283,
0.47258450891668885,0.47258450891668885,0.22333611806802797,0.47258450891668885,0.3033253666810957,
0.47661822985468955,0.47661822985468955,0.2271649370298177,0.47661822985468955,0.30768269338266596,
0.4738161192454821,0.4738161192454821,0.22450171485684894,0.4738161192454821,0.3046536293439133,
0.46617238183503246,0.46617238183503246,0.21731668958574726,0.46617238183503246,0.29644084458030506,
0.4813398391138072,0.4813398391138072,0.23168804071810578,0.4813398391138072,0.31280876217669296,
0.4811594202898551,0.4811594202898551,0.23151438773366942,0.4811594202898551,0.3126123826540741,
0.48793035219628017,0.48793035219628017,0.238076028594386,0.48793035219628017,0.3200096405627731,
0.47591804151144224,0.47591804151144224,0.22649798223608686,0.47591804151144224,0.3069248777583032,
0.48267685416941114,0.48267685416941114,0.232976945550879,0.48267685416941114,0.31426530318555707,
0.47783511975651716,0.47783511975651716,0.2283264016727251,0.47783511975651716,0.30900118507177354,
0.47625347268157164,0.47625347268157164,0.2268173702412565,0.47625347268157164,0.3072878397085147,
