Majority Class Accuracy,Accuracy,Precision,Recall,F Score,Support
0.050577459179609714,0.05973715651135006,0.04580926282938627,0.05973715651135006,0.04001291404591619,
0.0505196684646757,0.0586764899355348,0.05451917924554078,0.0586764899355348,0.03421376484670049,
0.05120402222810267,0.058216459380788566,0.058650622480610974,0.058216459380788566,0.04043555200131178,
0.04899894625922023,0.059272918861959956,0.04764386863841933,0.059272918861959956,0.03736231374004259,
0.049066035253880556,0.0570902394106814,0.050014802876015896,0.0570902394106814,0.039261833387199734,
0.04734042553191489,0.06037234042553191,0.0504212619111976,0.06037234042553191,0.03807851880849048,
0.049682034976152624,0.05604133545310016,0.04684524109890756,0.05604133545310016,0.033793287524069696,
0.046006134151220165,0.06267502333644485,0.05238175573671902,0.06267502333644485,0.040170611031850226,
0.05047821466524974,0.06176939426142402,0.04750323557938808,0.06176939426142402,0.038701054396959166,
0.05256189593538991,0.05573944128160996,0.04588248359919843,0.05573944128160996,0.035333201089830034,
0.05145206206073465,0.06007160853998143,0.05414355771267073,0.06007160853998143,0.03866049444814214,
0.048027444253859346,0.05845098297928487,0.05499712407346595,0.05845098297928487,0.038088850373924836,
0.0521476421909891,0.06199921187442532,0.06782558195709483,0.06199921187442532,0.03972937945950691,
0.05166973442019458,0.06284512227189061,0.056866790853528394,0.06284512227189061,0.035616342207671854,
0.047013640577406965,0.05390014567606939,0.05611993734210663,0.05390014567606939,0.036339786105200333,
0.04837221563200211,0.06063002504283643,0.04573219947243346,0.06063002504283643,0.03825613827256072,
0.04901311431977745,0.06212743409723142,0.040718958845648134,0.06212743409723142,0.03732754341507157,
0.0504930966469428,0.06364234056541748,0.06032408794303952,0.06364234056541748,0.03728040536353856,
0.05534858967535923,0.05867482703565727,0.05177794988223568,0.05867482703565727,0.04000012586426891,
0.04996003197442046,0.058353317346123104,0.0461508021099142,0.058353317346123104,0.03805604197044719,
0.051721863042617756,0.06333289352157277,0.05333807136922575,0.06333289352157277,0.04142515605478674,
0.05084745762711865,0.0557468220338983,0.04482769096052869,0.0557468220338983,0.033425905846071156,
0.04838282078472959,0.06190349946977731,0.054191962340208746,0.06190349946977731,0.03905098171891445,
0.04833156779661017,0.05455508474576271,0.051516104152150535,0.05455508474576271,0.03895282688620651,
0.04907004352987732,0.05962274106318428,0.048250270017918456,0.05962274106318428,0.03930375391996947,
0.048703435566671054,0.06252468079505068,0.062134970767550105,0.06252468079505068,0.04181586528805046,
0.04606221045665122,0.05916611515552614,0.06015520603691776,0.05916611515552614,0.04032222584599112,
0.05128883013879709,0.06411103767349637,0.04256207863906646,0.06411103767349637,0.03925855654867732,
0.05261070720423001,0.061467283542630535,0.044507081186536464,0.061467283542630535,0.03972123393160543,
0.051349572086899276,0.053456221198156684,0.04716669216197418,0.053456221198156684,0.03355926615626916,
