Majority Class Accuracy,Accuracy,Precision,Recall,F Score,Support
0.2502297492451096,0.2502297492451096,0.06261492740727043,0.2502297492451096,0.10016547349809492,
0.2527602523659306,0.2527602523659306,0.06388774517608892,0.2527602523659306,0.1019951663623302,
0.24701873935264054,0.24701873935264054,0.06101825759136777,0.24701873935264054,0.09786261531730295,
0.25534426229508195,0.25534426229508195,0.06520069228701962,0.25534426229508195,0.10387699095038123,
0.2602739726027397,0.2602739726027397,0.0677425408144117,0.2602739726027397,0.10750446694460988,
0.24789473684210525,0.24789473684210525,0.06145180055401662,0.24789473684210525,0.09848875668716288,
0.25309710936459306,0.25309710936459306,0.06405814676871278,0.25309710936459306,0.10223971676256548,
0.2452556668423827,0.2452556668423827,0.06015034211830182,0.2452556668423827,0.09660721684700481,
0.24286856838176485,0.24286856838176485,0.05898514150780799,0.24286856838176485,0.0949177459441389,
0.24963638767684782,0.24963638767684782,0.062318326052345455,0.24963638767684782,0.09973833455378027,
0.24687129495455143,0.24687129495455143,0.06094543627253713,0.24687129495455143,0.09775738124560579,
0.2451891608849326,0.2451891608849326,0.06011772461545735,0.2451891608849326,0.09655998703479368,
0.25259515570934254,0.25259515570934254,0.063804312687827,0.25259515570934254,0.10187539429161331,
0.2500330207370228,0.2500330207370228,0.06251651145888049,0.2500330207370228,0.10002377604716489,
0.2517721186663166,0.2517721186663166,0.06338919973772582,0.2517721186663166,0.1012791366614923,
0.24730897009966776,0.24730897009966776,0.061161726691758365,0.24730897009966776,0.09806988991167306,
0.24385434468252926,0.24385434468252926,0.05946494142054578,0.24385434468252926,0.09561399479731383,
0.2619394099748644,0.2619394099748644,0.06861225449798009,0.2619394099748644,0.10874096482864692,
0.2526752273943285,0.2526752273943285,0.06384477053877563,0.2526752273943285,0.10193347667867306,
0.24719693971771534,0.24719693971771534,0.06110632700580379,0.24719693971771534,0.09798986039788442,
0.24418145956607495,0.24418145956607495,0.059624585195818695,0.24418145956607495,0.09584548095840227,
0.24907260201377848,0.24907260201377848,0.06203716107391409,0.24907260201377848,0.09933315481245303,
0.25225225225225223,0.25225225225225223,0.0636311987663339,0.25225225225225223,0.10162680666277789,
0.24960547080483955,0.24960547080483955,0.062302891055705606,0.24960547080483955,0.09971609841877194,
0.2548013680610366,0.2548013680610366,0.06492373716577583,0.2548013680610366,0.10348050108695414,
0.2579500657030223,0.2579500657030223,0.06653823639619354,0.2579500657030223,0.10578835871200938,
0.24841269841269842,0.24841269841269842,0.06170886873267826,0.24841269841269842,0.09885972613245342,
0.2544285526833749,0.2544285526833749,0.06473388842055687,0.2544285526833749,0.10320856980189622,
0.2568674062334918,0.2568674062334918,0.0659808643851217,0.2568674062334918,0.1049925617577265,
0.2523020257826888,0.2523020257826888,0.06365631221404855,0.2523020257826888,0.1016628750947893,
