Majority Class Accuracy,Accuracy,Precision,Recall,F Score,Support
0.018838304552590265,0.019099947671376242,0.03498092595360941,0.019099947671376242,0.008474019972180733,
0.017857142857142856,0.018119747899159665,0.01504370882641505,0.018119747899159665,0.0069388434482427945,
0.019212808539026016,0.020547031354236158,0.02393926235906621,0.020547031354236158,0.008834826528556172,
0.015752165922814386,0.0175899186138094,0.016012248410191783,0.0175899186138094,0.008165091941380025,
0.023856337658933018,0.018351028968410014,0.0164481430100909,0.018351028968410014,0.008462221884487161,
0.01881542334702531,0.019610441234927785,0.01327225139246702,0.019610441234927785,0.008157086698861412,
0.017868873998160558,0.020365260806727105,0.022906381988510322,0.020365260806727105,0.008741801719975966,
0.020037154989384288,0.020567940552016984,0.018298813542628193,0.020567940552016984,0.008360492502067244,
0.019644279267321475,0.017255110167241836,0.01310949548589154,0.017255110167241836,0.007353990927772506,
0.020742502312062358,0.02179944510503369,0.030704955163058458,0.02179944510503369,0.009424834533575425,
0.017425742574257427,0.021254125412541253,0.021859927004331973,0.021254125412541253,0.011614659415657227,
0.020267585110610678,0.019075374221751224,0.022423721519774422,0.019075374221751224,0.008782225832842983,
0.01628923321414382,0.015229770891272679,0.013907015630789225,0.015229770891272679,0.006571541169737964,
0.01764783353088371,0.015672329777426577,0.012792370380276962,0.015672329777426577,0.007317319792676774,
0.01986408782017773,0.018295870360690015,0.02291199053272518,0.018295870360690015,0.008256337091838728,
0.021511087504979418,0.02018324259726464,0.023698261400386503,0.02018324259726464,0.009544781905795252,
0.019442984760903836,0.0198370993168681,0.02131447888761538,0.0198370993168681,0.007999449115102938,
0.020825095558191644,0.018320811915117963,0.01306750154099042,0.018320811915117963,0.00729209416073345,
0.02071513392268109,0.01728460219026257,0.032668195764923684,0.01728460219026257,0.008065248980577406,
0.017928286852589643,0.017928286852589643,0.010915888076157895,0.017928286852589643,0.0074735897865589205,
0.018701435532727514,0.019491637034110366,0.015362011870717607,0.019491637034110366,0.009149820350290307,
0.018119747899159665,0.019432773109243698,0.023974731166392198,0.019432773109243698,0.009164833916377443,
0.015918958031837915,0.01749769767135903,0.015711259850410397,0.01749769767135903,0.008238763515299116,
0.019024970273483946,0.019817677368212445,0.0171843002843059,0.019817677368212445,0.008312383269490175,
0.020329524315705554,0.016476215785277703,0.009564705875751079,0.016476215785277703,0.005912474245925499,
0.020216701902748414,0.018763213530655392,0.02405546140714972,0.018763213530655392,0.008572717104214353,
0.016052631578947367,0.017236842105263158,0.017002315212882757,0.017236842105263158,0.0074937731764986035,
0.01933006752283861,0.0189328743545611,0.01548565370091531,0.0189328743545611,0.008685155819257636,
0.017257278355947835,0.02068238703728099,0.010243196592665508,0.02068238703728099,0.007543069036494303,
0.020800421274354924,0.017377567140600316,0.022498250796018752,0.017377567140600316,0.007260042833204262,
