Majority Class Accuracy,Accuracy,Precision,Recall,F Score,Support
0.1816737288135593,0.1708156779661017,0.13217879021739848,0.1708156779661017,0.07845264061632563,
0.19204681473600213,0.19058385423593563,0.058172585155488774,0.19058385423593563,0.06586547901171545,
0.18534711181770006,0.18071012188659247,0.05057196236912606,0.18071012188659247,0.07572981260547998,
0.18256772673733804,0.18204423504776862,0.07274164225278353,0.18204423504776862,0.05954454660299239,
0.1925808997632202,0.18652986056300974,0.0797601914267425,0.18652986056300974,0.08328652185774058,
0.18531746031746033,0.18015873015873016,0.05459636437683846,0.18015873015873016,0.07606577486397581,
0.1897415611814346,0.185126582278481,0.05078606455849952,0.185126582278481,0.07647242121770792,
0.18303512259774685,0.17680583167660702,0.055658880086725766,0.17680583167660702,0.07414600561684918,
0.18465796757611705,0.18320811915117965,0.05867581548309714,0.18320811915117965,0.06380584924774627,
0.19400422609614368,0.17934495509772846,0.06470673601347342,0.17934495509772846,0.08368201111126938,
0.1924244423914478,0.18912498350270557,0.051477523598432544,0.18912498350270557,0.06422847631422551,
0.18459302325581395,0.18340380549682875,0.06797050179383689,0.18340380549682875,0.061332069647294984,
0.17992574913815965,0.1685229382126757,0.059159805815279506,0.1685229382126757,0.06960393147191511,
0.18813825608798115,0.17426027755957058,0.050553147341995425,0.17426027755957058,0.07059011021440234,
0.18951930654058313,0.17966903073286053,0.061551331126854375,0.17966903073286053,0.08256729390832883,
0.18507225241946176,0.1844093861858677,0.06188702662829347,0.1844093861858677,0.0616599561823185,
0.1853902953586498,0.1843354430379747,0.06153455336002536,0.1843354430379747,0.06086987316097508,
0.18771466314398944,0.1763540290620872,0.07239051575140536,0.1763540290620872,0.0748206876789543,
0.1933227764581684,0.18514119820533123,0.07112603060331561,0.18514119820533123,0.08346454922397203,
0.19235348591083476,0.18362217224500596,0.06353979810939958,0.18362217224500596,0.0765613360476573,
0.18994192185850053,0.18413410770855332,0.07318478155894145,0.18413410770855332,0.07248827551143651,
0.19374584165003328,0.18589487691284098,0.05182065788619541,0.18589487691284098,0.07839421963188811,
0.1880443388756928,0.18606492478226444,0.04582599134691104,0.18606492478226444,0.061986032826488444,
0.1837357389227912,0.18320509418944017,0.05347455769842783,0.18320509418944017,0.059396901404369117,
0.18570102135561745,0.17893619843480568,0.04742098221689308,0.17893619843480568,0.06917079340176607,
0.18734244394321348,0.18442351068064217,0.06901738071260995,0.18442351068064217,0.06607183852363414,
0.17777189031659824,0.17101602861306134,0.04876233221836061,0.17101602861306134,0.06240002041062906,
0.1885256662728108,0.18511224891689643,0.05507578013884405,0.18511224891689643,0.07158300728583046,
0.1884001047394606,0.15710919088766692,0.058155205962545316,0.15710919088766692,0.07473299300198841,
0.18436926304746917,0.1774193548387097,0.05205831455241999,0.1774193548387097,0.07397965894183073,
