Majority Class Accuracy,Accuracy,Precision,Recall,F Score,Support
0.5411468011680383,0.5411468011680383,0.2928398604144003,0.5411468011680383,0.3800285088902062,
0.5425884223075904,0.5425884223075904,0.29440219602224005,0.5425884223075904,0.3816989571098137,
0.5446831079289313,0.5446831079289313,0.29667968806311984,0.5446831079289313,0.3841301643557168,
0.5489372868013644,0.5489372868013644,0.3013321448408435,0.5489372868013644,0.38908243401269,
0.5461660918015389,0.5461660918015389,0.29829739983376696,0.5461660918015389,0.38585427712517123,
0.5586754966887417,0.5586754966887417,0.31211831060041223,0.5586754966887417,0.400491713975716,
0.5495829471733086,0.5495829471733086,0.3020414158236997,0.5495829471733086,0.38983575080594735,
0.5459716893769017,0.5459716893769017,0.298085085601068,0.5459716893769017,0.3856281297378869,
0.5442666666666667,0.5442666666666667,0.2962262044444444,0.5442666666666667,0.3836464398779716,
0.5587542528133996,0.5587542528133996,0.31220631503706053,0.5587542528133996,0.400584395485765,
0.5503691983122363,0.5503691983122363,0.3029062544508537,0.5503691983122363,0.39075370535044635,
0.5484848484848485,0.5484848484848485,0.30083562901744715,0.5484848484848485,0.3885548241712625,
0.5481248360870705,0.5481248360870705,0.30044083593547793,0.5481248360870705,0.3881351541324673,
0.5477260708619778,0.5477260708619778,0.30000384870190033,0.5477260708619778,0.3876704726370845,
0.5479925551714969,0.5479925551714969,0.30029584052338615,0.5479925551714969,0.38798098804824976,
0.5529271838245011,0.5529271838245011,0.3057284706120937,0.5529271838245011,0.39374475995603997,
0.5447593935398813,0.5447593935398813,0.29676279684993934,0.5447593935398813,0.3842187956143705,
0.5561940398236002,0.5561940398236002,0.30935180993529654,0.5561940398236002,0.3975748550873034,
0.5417220302949775,0.5417220302949775,0.2934627581069124,0.5417220302949775,0.3806947716129661,
0.5495135279221645,0.5495135279221645,0.3019651173694634,0.5495135279221645,0.3897547351837406,
0.555364238410596,0.555364238410596,0.3084294373053813,0.555364238410596,0.3966009114631064,
0.5457192007410347,0.5457192007410347,0.2978094460574338,0.5457192007410347,0.38533447202397525,
0.5502183406113537,0.5502183406113537,0.3027402223451116,0.5502183406113537,0.39057752629313,
0.5550416281221091,0.5550416281221091,0.3080712089484417,0.5550416281221091,0.39622245909966153,
0.5391510677563933,0.5391510677563933,0.29068387386285904,0.5391510677563933,0.37771974428291344,
0.5530740935365213,0.5530740935365213,0.30589095294124463,0.5530740935365213,0.39391675415137106,
0.5553047404063205,0.5553047404063205,0.308363354717731,0.5553047404063205,0.3965311063569082,
0.5533236421303026,0.5533236421303026,0.3061670529403432,0.5533236421303026,0.3942089653904334,
0.5483359746434231,0.5483359746434231,0.3006723410881528,0.5483359746434231,0.38838126351407243,
0.5530313036586977,0.5530313036586977,0.3058436228264387,0.5530313036586977,0.3938666556249306,
