Majority Class Accuracy,Accuracy,Precision,Recall,F Score,Support
0.03649926735047289,0.05608099107499667,0.022858799154927393,0.05608099107499667,0.024891344932654942,
0.038817005545286505,0.052020068655928176,0.01888328799785449,0.052020068655928176,0.024957187297163865,
0.042860899290034185,0.05548251380489087,0.02061819375349223,0.05548251380489087,0.026505307914332556,
0.04069998674267533,0.04838923505236643,0.057961984679163026,0.04838923505236643,0.023195396729389327,
0.04039200105946232,0.05323798172427493,0.02081900535836667,0.05323798172427493,0.026979108080635635,
0.043213149522799574,0.0516967126193001,0.028254349592656245,0.0516967126193001,0.024875394921441276,
0.042382889384595196,0.05366749770371342,0.022095712113287883,0.05366749770371342,0.027741907578135484,
0.039029535864978905,0.05419303797468354,0.02977809427188017,0.05419303797468354,0.027762414304582463,
0.04392425039452919,0.057864281956864806,0.02073224571927408,0.057864281956864806,0.027690097351956648,
0.03977650658507383,0.05547425834774511,0.022267951853518906,0.05547425834774511,0.027332011879209486,
0.040216959915332716,0.05357851567667681,0.025363534597874927,0.05357851567667681,0.028589041795245105,
0.041639127561136816,0.05366820885657634,0.022865561751792624,0.05366820885657634,0.026159483046068646,
0.04145282273983419,0.05066456112646401,0.018234721684158656,0.05066456112646401,0.025011560701713575,
0.038436050364479786,0.05672630881378396,0.039250782605293126,0.05672630881378396,0.02774468770982366,
0.04429708222811671,0.05212201591511936,0.02017850690492668,0.05212201591511936,0.02502742790860446,
0.04005305039787799,0.05596816976127321,0.020175888685204067,0.05596816976127321,0.026404987406281333,
0.03713947056499407,0.05966021335440538,0.03336749113278667,0.05966021335440538,0.030166942094540017,
0.04340900039824771,0.05774591796097173,0.02752548078735345,0.05774591796097173,0.03195479653886623,
0.039931919350615346,0.05289342759884787,0.018867437524726045,0.05289342759884787,0.024047817527843234,
0.0414954262229882,0.056078483362057535,0.02380368742218644,0.056078483362057535,0.029534836197894848,
0.04097611901344121,0.0537648440558528,0.018761632936041748,0.0537648440558528,0.024164078242207978,
0.038648613119495204,0.05402918364664125,0.028833814841917316,0.05402918364664125,0.025132897166375276,
0.04239862633733985,0.04821027605336151,0.022399608815673135,0.04821027605336151,0.02504853222967028,
0.04226654338924845,0.050719852067098135,0.01959536590286482,0.050719852067098135,0.02465896463257322,
0.04042412193505633,0.05129224652087475,0.01973391416214944,0.05129224652087475,0.023950761776685654,
0.03663821405121471,0.05147734734077479,0.02127516259898686,0.05147734734077479,0.02479058148789493,
0.03903983117910841,0.04998681086784489,0.016291756961463122,0.04998681086784489,0.022066153306544285,
0.03679509398746834,0.05079322756965738,0.020309888967865532,0.05079322756965738,0.019517238566931494,
0.038334434897554524,0.04943820224719101,0.02446614616067037,0.04943820224719101,0.025306669855179938,
0.04036697247706422,0.053866317169069464,0.03186877356668954,0.053866317169069464,0.029376820525343062,
