Majority Class Accuracy,Accuracy,Precision,Recall,F Score,Support
0.027340624166444383,0.03254201120298746,0.01671502084597319,0.03254201120298746,0.01474531287105221,
0.02613516367476241,0.036034846884899684,0.01072591876997466,0.036034846884899684,0.014265780025112418,
0.026705446853516657,0.032390269698572186,0.012560564173457552,0.032390269698572186,0.014938349867769117,
0.023617891542419844,0.03153450323261644,0.013439408246810204,0.03153450323261644,0.012040048572516195,
0.023669430328964965,0.034100026745119014,0.012704800161680508,0.034100026745119014,0.01355008439815586,
0.02540690750297737,0.030435357946274978,0.009246705632380095,0.030435357946274978,0.010898194429437714,
0.023344763914534425,0.029675547348984435,0.028074567635842776,0.029675547348984435,0.013129378589971387,
0.021559755123768964,0.03606601011445302,0.010710845629988747,0.03606601011445302,0.013821277506154072,
0.0241839566538919,0.030659442315316508,0.010594743026384522,0.030659442315316508,0.01282810253373735,
0.022871496562665256,0.03252247488101533,0.011836898282513813,0.03252247488101533,0.0132314022271784,
0.027814745807825392,0.03127495342028214,0.01620614636446252,0.03127495342028214,0.012239393316453831,
0.022877545622851096,0.030018513620735255,0.016800528305606948,0.030018513620735255,0.012178027287342172,
0.022166512732550468,0.032194220873466156,0.011447208699774185,0.032194220873466156,0.01208377883811135,
0.027579836368434942,0.03299023489047242,0.017333860149689836,0.03299023489047242,0.015326000495422504,
0.024577167019027485,0.031580338266384775,0.016298487230110664,0.031580338266384775,0.013825744391558245,
0.02364909499273352,0.03289734443123266,0.010320505088491154,0.03289734443123266,0.013053475166560894,
0.027485533929510784,0.030247238295633878,0.018640240425106855,0.030247238295633878,0.012944107779891856,
0.02502995606443882,0.03235254959392891,0.014892527794234242,0.03235254959392891,0.015057422379682104,
0.021212121212121213,0.03293807641633729,0.015928550852651754,0.03293807641633729,0.01260106291541454,
0.02293698919061429,0.0330872660163459,0.011988429400084252,0.0330872660163459,0.012297152423452995,
0.023610558429499932,0.03170181721713755,0.010685629841511416,0.03170181721713755,0.012743697260848726,
0.024848004229447527,0.03198519693365054,0.012127024539613751,0.03198519693365054,0.012608531630442926,
0.023985239852398525,0.0382182393252504,0.01529025070137409,0.0382182393252504,0.015840578110591134,
0.026071995764955003,0.032027527792482795,0.008973496010886924,0.032027527792482795,0.0122451095970261,
0.023549532956189976,0.032890409156689907,0.010071448166334821,0.032890409156689907,0.012627821824089289,
0.023725258880587234,0.0342115611482501,0.010216800090349459,0.0342115611482501,0.013297681584753947,
0.022225144660704892,0.0316938453445555,0.01017327029072898,0.0316938453445555,0.011966020508584075,
0.02488418266048974,0.033752481800132364,0.014592802595044146,0.033752481800132364,0.012913854953855448,
0.02666489785088883,0.03223666755107456,0.021774116674447803,0.03223666755107456,0.01492351735458741,
0.024880889359449446,0.036527263102170464,0.012812647556650875,0.036527263102170464,0.014856563323610518,
