Majority Class Accuracy,Accuracy,Precision,Recall,F Score,Support
0.47410253013644194,0.40654391310107296,0.2720025617466991,0.40654391310107296,0.31286389313049895,
0.4663253249310752,0.39306813706183535,0.2846234955233782,0.39306813706183535,0.31531052311414287,
0.4748816412414519,0.38045765386638614,0.2583895536867959,0.38045765386638614,0.29758974657727033,
0.48762210624916363,0.38338016860698515,0.2756831508899833,0.38338016860698515,0.312327006238209,
0.484547022151479,0.45510014590794534,0.29074082186593797,0.45510014590794534,0.3349329611787192,
0.4751286449399657,0.42433038659453753,0.2818385516500141,0.42433038659453753,0.3263360349158289,
0.47593300804430966,0.4371620730581564,0.2828173440110047,0.4371620730581564,0.3279782438507224,
0.47627276352518944,0.41964641765253224,0.27347924745006547,0.41964641765253224,0.31582182011689874,
0.4769433465085639,0.4156785243741766,0.28173448925366845,0.4156785243741766,0.3270971752315832,
0.48213116900117814,0.4615787406728629,0.2694487644629692,0.4615787406728629,0.3198229672571918,
0.47902927987338434,0.4618834080717489,0.2761880108138447,0.4618834080717489,0.32139701883434246,
0.4735576923076923,0.453258547008547,0.26322060350669807,0.453258547008547,0.31226649098524845,
0.4921792152704136,0.4626193001060445,0.2961934315775641,0.4626193001060445,0.34599459224658524,
0.4879820390913893,0.4628895932382462,0.2979646323730828,0.4628895932382462,0.34068779673906335,
0.47585566463252854,0.46219156274873974,0.2797820317230307,0.46219156274873974,0.32128164251784663,
0.48129049319053285,0.4692582308607695,0.2782522300134606,0.4692582308607695,0.3206843343510649,
0.4808979913351713,0.36497308651700144,0.2801581242667234,0.36497308651700144,0.30324580839119475,
0.48024396711747547,0.4669848846459825,0.27577472345707277,0.4669848846459825,0.3208016214788965,
0.4824480063584581,0.4650947145317261,0.27898025742285204,0.4650947145317261,0.3187255314359352,
0.4766798418972332,0.43847167325428194,0.2743532518318305,0.43847167325428194,0.31480480431977603,
0.4773969862648353,0.4515268702493666,0.26785197967136576,0.4515268702493666,0.32128614270239136,
0.4795904799893631,0.3167132030315118,0.2792595255387672,0.3167132030315118,0.2923304998313533,
0.4755855498213577,0.4512372634643377,0.28368017046370747,0.4512372634643377,0.31607577646443286,
0.47175290390707497,0.321805702217529,0.26278350832924185,0.321805702217529,0.27294695061356783,
0.4723070792933989,0.4533138531013415,0.25641552525253186,0.4533138531013415,0.30900895621853686,
0.4818707304256437,0.45428271150814503,0.28785545651246147,0.45428271150814503,0.3333650052230937,
0.47899381008823916,0.36823389964440933,0.2753924745683533,0.36823389964440933,0.3069460618492494,
0.47998409331919406,0.37526511134676566,0.275577405466287,0.37526511134676566,0.3078727987480145,
0.47932355661249837,0.46505482890738536,0.2774397074690094,0.46505482890738536,0.3190961754042482,
0.478404875463699,0.46078431372549017,0.26605025451700637,0.46078431372549017,0.3170877643200351,
