Majority Class Accuracy,Accuracy,Precision,Recall,F Score,Support
0.18901069871879542,0.13644168537841764,0.06902117695068277,0.13644168537841764,0.0853978896055451,
0.18594823032223984,0.13576333861595352,0.07143063397989244,0.13576333861595352,0.07473277158059903,
0.18389740877842412,0.16644632469592807,0.07927502246987322,0.16644632469592807,0.07680263664604783,
0.18877887788778877,0.16475247524752476,0.07285183551212351,0.16475247524752476,0.0795183875377896,
0.18914994720168954,0.147571277719113,0.06844552241306207,0.147571277719113,0.0695307121054989,
0.18029350104821804,0.1335167714884696,0.0674980782146501,0.1335167714884696,0.07867919357039761,
0.19272343791194305,0.10888478776693909,0.07473246873158024,0.10888478776693909,0.07941969645723712,
0.18765693141271308,0.17074137703184883,0.07265652800407255,0.17074137703184883,0.08437488076557806,
0.18838470697182166,0.16113242492393173,0.07836630164646645,0.16113242492393173,0.0883127758157394,
0.1952733034063903,0.14827039873250594,0.08180129990169147,0.14827039873250594,0.09253469535887242,
0.18478688524590164,0.13691803278688525,0.0764728525313009,0.13691803278688525,0.09007919129233095,
0.19474720945502297,0.1397242284963887,0.07722329232189874,0.1397242284963887,0.07621734067794746,
0.18623428193249503,0.14215751158173395,0.07591563302022958,0.14215751158173395,0.09399366889615561,
0.1868713605082054,0.12705134992059292,0.07819463264295441,0.12705134992059292,0.0840752775564421,
0.18268341044282882,0.10971579643093192,0.06515734989543108,0.10971579643093192,0.07299069193751756,
0.18578224101479915,0.10887949260042283,0.07232532225516924,0.10887949260042283,0.07254380693111842,
0.18386967552410202,0.13860328481773268,0.07288877336716722,0.13860328481773268,0.0898124653809626,
0.18186610437532946,0.15379546652609383,0.06694632456812484,0.15379546652609383,0.08107393139977105,
0.19244935543278086,0.17087608524072612,0.06295153182644152,0.17087608524072612,0.07792136144662125,
0.1870274572224433,0.1647433346597692,0.06744400685655627,0.1647433346597692,0.08054489322626612,
0.18447114749768917,0.1542321404991417,0.07127596582378096,0.1542321404991417,0.08155003834678765,
0.19669749009247028,0.1310435931307794,0.086104459799582,0.1310435931307794,0.09214532920655874,
0.18351415718444034,0.14064567345858692,0.07618319344404031,0.14064567345858692,0.07567656697139152,
0.19347566635724706,0.16881050258586394,0.07827527039106999,0.16881050258586394,0.0843678534039296,
0.18112211221122113,0.1611881188118812,0.07167317076831478,0.1611881188118812,0.08091994100728639,
0.19175366723932866,0.1517113783533765,0.0839805471359239,0.1517113783533765,0.08311538141934864,
0.1926932207860723,0.154049063571617,0.07228501357442806,0.154049063571617,0.0867870248293205,
0.19184588995909752,0.16426969257157936,0.07569663863239076,0.16426969257157936,0.09330120685164275,
0.19096345514950167,0.1657142857142857,0.07848960958746207,0.1657142857142857,0.08620866734856014,
0.18767322159165897,0.1545466543486868,0.07378606947353936,0.1545466543486868,0.09530291251695286,
