Majority Class Accuracy,Accuracy,Precision,Recall,F Score,Support
0.018359529784704794,0.02641658961828028,0.005319337139761936,0.02641658961828028,0.007776439763187245,
0.021848516949152543,0.027409957627118644,0.011111660756919692,0.027409957627118644,0.012729434354075697,
0.018452616317385002,0.026360880453407145,0.007575813368334188,0.026360880453407145,0.008907190858242998,
0.021063717746182202,0.026987888362295945,0.010627539646100356,0.026987888362295945,0.011178379160219909,
0.020893561103810774,0.025361366622864652,0.008992806839634607,0.025361366622864652,0.010210923410685873,
0.0229516946890846,0.02748865759274086,0.007327959602578298,0.02748865759274086,0.010002779936924834,
0.01752755278183508,0.029345372460496615,0.009732641055104595,0.029345372460496615,0.011388778544495902,
0.020233150207691276,0.028138818169636877,0.007836487365780253,0.028138818169636877,0.009868719808652275,
0.021910259774337443,0.02374704801889268,0.02634145500488745,0.02374704801889268,0.009281573220528886,
0.020882897171556964,0.028152260111022998,0.00814046905641462,0.028152260111022998,0.010867771412304343,
0.02288570301196896,0.026173878732079443,0.006220797021440279,0.026173878732079443,0.008669669923265491,
0.022162883845126834,0.025767690253671562,0.00980223078287837,0.025767690253671562,0.010681484882491049,
0.02161307327358988,0.027675276752767528,0.008165818536846458,0.027675276752767528,0.010903805610493521,
0.022550441777660555,0.02637478570486615,0.011357726920250163,0.02637478570486615,0.009645893599491116,
0.01980592848597634,0.02964242988169613,0.008572194834893326,0.02964242988169613,0.010702024250565182,
0.021610225326129925,0.025299775991566742,0.005747989709448311,0.025299775991566742,0.007976615578961165,
0.018075491759702286,0.026182881446039342,0.013650822890043492,0.026182881446039342,0.010388208115534793,
0.021759198206514573,0.02492417249109851,0.012013328376645772,0.02492417249109851,0.01104335168633381,
0.02176493866244559,0.024007386888273315,0.00833158876292962,0.024007386888273315,0.010641159815531593,
0.02531813361611877,0.026246023329798515,0.005907427902795139,0.026246023329798515,0.008015783415813492,
0.02380315592404386,0.02460550949451725,0.007661485706918564,0.02460550949451725,0.009694225294762325,
0.022685549436139523,0.023472331497508523,0.00975785796783801,0.023472331497508523,0.008504617349388111,
0.01922821906908898,0.023471688105025857,0.008158489204347568,0.023471688105025857,0.009001548941530022,
0.019813672746358747,0.028342737173599267,0.011000289601274513,0.028342737173599267,0.01194628235631409,
0.01710648455112054,0.02188038721654953,0.005113885147764414,0.02188038721654953,0.007130248161429097,
0.021684516726166864,0.02644453259288642,0.008513255183966064,0.02644453259288642,0.010274481871573473,
0.019309615130273773,0.02896442269541066,0.010194205464084002,0.02896442269541066,0.010986464308959368,
0.019947159841479524,0.02536327608982827,0.009280849349126341,0.02536327608982827,0.01094651437815184,
0.023096212221195723,0.02428401742114293,0.007214208480627009,0.02428401742114293,0.009052612726856687,
0.020206022187004756,0.027601690438457473,0.009991666621753199,0.027601690438457473,0.010076934964994162,
