Majority Class Accuracy,Accuracy,Precision,Recall,F Score,Support
0.4255150554675119,0.40768621236133123,0.23143522911213926,0.40768621236133123,0.26463366933177107,
0.41904887366618365,0.3263074693716243,0.22371716022231425,0.3263074693716243,0.25122360500735075,
0.42193870840457715,0.3878732079442325,0.2295644184098642,0.3878732079442325,0.27173148496241495,
0.41968430826369546,0.2931423265685104,0.22571546100334816,0.2931423265685104,0.23709663402790232,
0.4237695078031212,0.34933973589435774,0.23261194651257053,0.34933973589435774,0.25800816020621664,
0.41863238802014313,0.4069705804399682,0.2215053573921008,0.4069705804399682,0.25931917213739447,
0.41572884946378924,0.3756123394677612,0.22773802152173842,0.3756123394677612,0.27073900331107514,
0.4152046783625731,0.3799840510366826,0.23539215603259592,0.3799840510366826,0.2707727032751389,
0.4354219101867797,0.410915353026891,0.23678398759294866,0.410915353026891,0.274564721850864,
0.42568370986920334,0.3564539569295812,0.23421705556684932,0.3564539569295812,0.2586694494543133,
0.4264491311845072,0.3960737498341955,0.22065342261639276,0.3960737498341955,0.26024006084049445,
0.4181125131440589,0.3886698212407992,0.23484268547149512,0.3886698212407992,0.2692053105695301,
0.42569802831811565,0.4090247452692867,0.22998831439896558,0.4090247452692867,0.26597311812807234,
0.42682440515751696,0.3937259072178652,0.2245367995311604,0.3937259072178652,0.2628567479258574,
0.42282852247265057,0.3751153288519837,0.24044289439213085,0.3751153288519837,0.27844502375646746,
0.4166666666666667,0.38248542660307366,0.22413071412553764,0.38248542660307366,0.2533128298628428,
0.427887810713811,0.40980991625681246,0.233024815714773,0.40980991625681246,0.2686002345398933,
0.4172404661016949,0.3561970338983051,0.22790719038254126,0.3561970338983051,0.25178137685253155,
0.4223044397463002,0.3801532769556025,0.2364121882160878,0.3801532769556025,0.2780206442451057,
0.4239144780256038,0.3955391315824205,0.22153357445535193,0.3955391315824205,0.26298932947285986,
0.42433738085912,0.2672672672672673,0.1962528239591834,0.2672672672672673,0.21470235517818678,
0.42764635919122507,0.4117880269591648,0.2262668267868328,0.4117880269591648,0.2688388032979097,
0.41935483870967744,0.3839368005266623,0.2516411066341581,0.3839368005266623,0.28295581448872853,
0.4286851532439963,0.40148600238821813,0.23796460562875482,0.40148600238821813,0.27189024593310435,
0.4182635126205894,0.3820536540240518,0.21992698586111317,0.3820536540240518,0.2578387010289134,
0.4178225595393876,0.3970164878304109,0.22646533978137012,0.3970164878304109,0.263098230932941,
0.41525088897668905,0.3925984459370473,0.21591694715939702,0.3925984459370473,0.2541174580950519,
0.422613531047266,0.2951145240301867,0.24686245795184597,0.2951145240301867,0.2383409300335859,
0.43043135192004206,0.4155707522356654,0.22420958831683865,0.4155707522356654,0.2675559525271989,
0.4164575353321886,0.37194558182538634,0.21620290644650875,0.37194558182538634,0.2590371410908173,
