Majority Class Accuracy,Accuracy,Precision,Recall,F Score,Support
0.19475009942993504,0.19475009942993504,0.037927601227969586,0.19475009942993504,0.06349043410176976,
0.19487382745408904,0.19487382745408904,0.037975808626606065,0.19487382745408904,0.06356455008730237,
0.1889168765743073,0.1889168765743073,0.03568958625459206,0.1889168765743073,0.06003714297912308,
0.1861177724487077,0.1861177724487077,0.03463982522126894,0.1861177724487077,0.05840874494234408,
0.1812276282646162,0.1812276282646162,0.032843453246417915,0.1812276282646162,0.05560901634965888,
0.183289124668435,0.183289124668435,0.03359490322172111,0.183289124668435,0.05678223947361066,
0.18775564058582928,0.18775564058582928,0.0352521805717951,0.18775564058582928,0.05935931494193181,
0.18455445544554455,0.18455445544554455,0.03406034702480149,0.18455445544554455,0.057507439811182726,
0.1878917188958528,0.1878917188958528,0.035303298029638164,0.1878917188958528,0.05943857923759689,
0.18264419278377667,0.18264419278377667,0.03335890115763738,0.18264419278377667,0.056414095399420605,
0.19450770261219022,0.19450770261219022,0.03783324637547223,0.19450770261219022,0.06334533681572282,
0.1868480126766143,0.1868480126766143,0.034912179841200215,0.1868480126766143,0.05883176189083427,
0.18931909212283043,0.18931909212283043,0.03584171864221276,0.18931909212283043,0.06027267010107175,
0.19584374588978035,0.19584374588978035,0.03835477280414086,0.19584374588978035,0.0641467966629747,
0.18968253968253967,0.18968253968253967,0.03597946586041824,0.18968253968253967,0.06048582652985589,
0.18345746765974127,0.18345746765974127,0.03365664244012502,0.18345746765974127,0.056878499413553434,
0.18671761760442745,0.18671761760442745,0.0348634687238732,0.18671761760442745,0.05875613238851293,
0.18638275499474238,0.18638275499474238,0.03473853135943017,0.18638275499474238,0.058562097625203785,
0.19078597981943707,0.19078597981943707,0.03639929009566265,0.19078597981943707,0.0611348986510271,
0.1863775442330717,0.1863775442330717,0.0347365889943506,0.1863775442330717,0.05855908039258431,
0.18657610866959648,0.18657610866959648,0.034810644326289074,0.18657610866959648,0.05867410286107849,
0.19046361114780083,0.19046361114780083,0.03627638717146068,0.19046361114780083,0.06094497443140548,
0.18818845388188454,0.18818845388188454,0.03541489417445419,0.18818845388188454,0.05961157770680494,
0.19055851063829787,0.19055851063829787,0.03631254597668629,0.19055851063829787,0.061000859096320977,
0.18249140439037292,0.18249140439037292,0.03330311267637062,0.18249140439037292,0.05632702707642913,
0.1836173001310616,0.1836173001310616,0.03371531290742035,0.1836173001310616,0.05696995625813693,
0.1963718220338983,0.1963718220338983,0.03856189248891303,0.1963718220338983,0.06446472873852158,
0.18988511818301862,0.18988511818301862,0.03605635810737894,0.18988511818301862,0.06060477193367678,
0.18699723064750098,0.18699723064750098,0.034967964269834687,0.18699723064750098,0.05891835863974145,
0.18381090717020995,0.18381090717020995,0.03378644959473554,0.18381090717020995,0.05708082159083821,
