Majority Class Accuracy,Accuracy,Precision,Recall,F Score,Support
0.19782262347318108,0.1931757833244822,0.19816169562832375,0.1931757833244822,0.17542971549417205,
0.2037355941184263,0.20254338322956683,0.20878601390443685,0.20254338322956683,0.16136644316004664,
0.1897123160546202,0.2206018825401034,0.21113253438960564,0.2206018825401034,0.1939573298720153,
0.19775577557755775,0.19458745874587458,0.19203991178046284,0.19458745874587458,0.17057033713737382,
0.20399579390115669,0.21832281808622503,0.21664351273680743,0.21832281808622503,0.1900622449034707,
0.20102888800949742,0.20010552697533307,0.19399106851521547,0.20010552697533307,0.16673350936382492,
0.203955174686882,0.20883322346736982,0.20462571217503853,0.20883322346736982,0.1739594619616866,
0.2004999342191817,0.20905144059992106,0.2005448965883146,0.20905144059992106,0.1958771370925482,
0.2018952355883127,0.20321137141352988,0.204147350055293,0.20321137141352988,0.1471057904029705,
0.20026385224274407,0.2349604221635884,0.22862836680563087,0.2349604221635884,0.21874409328595756,
0.19941698688220486,0.20113952563932688,0.20292663903261451,0.20113952563932688,0.18316740852129915,
0.20760426259702672,0.20510459150111826,0.2156237476790813,0.20510459150111826,0.16941948162011483,
0.2097244303126656,0.19223635400105987,0.19081681533437458,0.19223635400105987,0.17715693116851225,
0.20309810671256454,0.22534092413610485,0.21903623316329246,0.22534092413610485,0.19904906397236188,
0.2042457805907173,0.2031909282700422,0.2120794770649731,0.2031909282700422,0.1617839405321234,
0.2030550434553595,0.19594416644719514,0.19709598562738964,0.19594416644719514,0.16620981815839053,
0.19801849405548216,0.19907529722589168,0.20354650681215344,0.19907529722589168,0.17176045660924746,
0.2050131926121372,0.22308707124010554,0.22004589110207373,0.22308707124010554,0.19770687811463755,
0.19758171671538666,0.22282753122508636,0.22843343611825676,0.22282753122508636,0.20275143610679888,
0.20184940554821665,0.20792602377807134,0.2141217029868185,0.20792602377807134,0.1971992113225948,
0.2007920792079208,0.21069306930693069,0.2128025942266652,0.21069306930693069,0.19954315193807787,
0.19892119457966057,0.20418366004473096,0.21526718939910966,0.20418366004473096,0.19065519744034526,
0.2080643035973119,0.2402161022532613,0.23758365449213417,0.2402161022532613,0.22755005482637405,
0.20457550912457023,0.1969055805342502,0.20788112945831966,0.1969055805342502,0.17115701529040744,
0.19976124154397135,0.22178007693328028,0.23082193576023968,0.22178007693328028,0.20150118052926347,
0.20104124949939928,0.2252035776264851,0.21982817245530945,0.2252035776264851,0.1982406827238035,
0.2014559894109861,0.20397088021178028,0.21745422574920728,0.20397088021178028,0.18137720667114046,
0.20957051961823966,0.23223753976670203,0.22987980766364388,0.23223753976670203,0.2163222962793865,
0.20392989909718534,0.21335634625597452,0.20701808686978673,0.21335634625597452,0.1926925657827586,
0.20029104378886095,0.21907659743352295,0.22055546570914702,0.21907659743352295,0.1735600928557811,
