Majority Class Accuracy,Accuracy,Precision,Recall,F Score,Support
0.22241310955464516,0.20192943042156733,0.09401064838921003,0.20192943042156733,0.11268846536999991,
0.22821085841987643,0.188116208755094,0.09861262264307628,0.188116208755094,0.11234495384124996,
0.21762756792577867,0.1362491716368456,0.09109653849432192,0.1362491716368456,0.09205718528670519,
0.21792020928711575,0.17200784826684107,0.0880123121207583,0.1720078482668411,0.10383783785935478,
0.21634363541121004,0.1757464641173389,0.09354071740688207,0.1757464641173389,0.11499449856213277,
0.21827683237304032,0.18732413238643977,0.09049665113244845,0.18732413238643977,0.1067489739689773,
0.22509273979862215,0.14825119236883944,0.09475595250089379,0.14825119236883944,0.10327399846151879,
0.22422475483699975,0.17227670288894778,0.1035382012479997,0.17227670288894778,0.11469370481688539,
0.2175709905345954,0.15851219837355018,0.08742177489539857,0.15851219837355018,0.09121149938690422,
0.22129075182967398,0.18589487691284098,0.09035189540504185,0.18589487691284098,0.10559455979758332,
0.2166865949249369,0.17722864354988707,0.08403078613339163,0.17722864354988707,0.10563804396162256,
0.21755775577557757,0.18323432343234322,0.08745328240415273,0.18323432343234322,0.10262497394362007,
0.21685319289005925,0.13403554970375248,0.08277158797446943,0.13403554970375248,0.09068237861296385,
0.22363540010598834,0.19753577106518283,0.09150091093954732,0.19753577106518283,0.09649432657473887,
0.21633524622981448,0.15067396236487388,0.10096792393498545,0.15067396236487388,0.11377841418478125,
0.22293916249670792,0.2042401896233869,0.08351405578560135,0.2042401896233869,0.0941791038735401,
0.21580547112462006,0.1692876965772433,0.09962339863493545,0.1692876965772433,0.11670823901984592,
0.21557366101242154,0.18632295979698144,0.09060520895019761,0.18632295979698144,0.10037417233314029,
0.2193169690501601,0.15728388473852722,0.08599014700917067,0.15728388473852722,0.10559208302246594,
0.2254746835443038,0.1863132911392405,0.10200232439482798,0.1863132911392405,0.11270017288761087,
0.2219441517386723,0.12183877766069547,0.09382623280287325,0.12183877766069547,0.0940218785600662,
0.22220753469927296,0.14672835426305353,0.09515477790743058,0.14672835426305353,0.10270548685493813,
0.21881175075747597,0.16677644579106837,0.10361896058717006,0.16677644579106837,0.10694358500574255,
0.2239743418415074,0.15742349325136978,0.08879829784769058,0.15742349325136978,0.09000663330202198,
0.22526595744680852,0.1875,0.09965566803941237,0.1875,0.10071983529864162,
0.21257761923635884,0.18919275994186815,0.08878588375561826,0.18919275994186815,0.09832419494647938,
0.21394736842105264,0.19421052631578947,0.09776139729976802,0.19421052631578947,0.09583651300400906,
0.22051965356429049,0.15736175882744838,0.0948987607722073,0.15736175882744838,0.10059079598976889,
0.22686726135001997,0.19677805884702437,0.09591879819618196,0.19677805884702437,0.1116926626917801,
0.2223854681447843,0.15199679444370243,0.0919986749409243,0.15199679444370243,0.10689093448550566,
