Majority Class Accuracy,Accuracy,Precision,Recall,F Score,Support
0.022092869427172906,0.03280857256250827,0.010742085419013727,0.03280857256250827,0.013569583200044012,
0.024956856498075136,0.03106332138590203,0.010665930252865847,0.03106332138590203,0.011514378161392436,
0.022295952222959523,0.031187790311877902,0.009408592398831924,0.031187790311877902,0.012403462425246554,
0.026343799893560404,0.02927088877062267,0.010902898856316755,0.02927088877062267,0.012165691683130541,
0.018745874587458747,0.027722772277227723,0.012075017892957408,0.027722772277227723,0.012110422447966056,
0.028064601535610273,0.02713794016415144,0.021130379618971375,0.02713794016415144,0.010646488949753504,
0.020739762219286657,0.030647291941875824,0.013911523090516013,0.030647291941875824,0.012481533435615408,
0.024704476026032672,0.030017266569265507,0.006625506702096615,0.030017266569265507,0.009703466816746645,
0.022893651004924798,0.030613603087980834,0.010232784658786076,0.030613603087980834,0.012637613811337175,
0.022715125601282738,0.03580972741849278,0.009390025889513568,0.03580972741849278,0.012843860759195774,
0.02635412528141968,0.027943318765726394,0.017532425686982014,0.027943318765726394,0.012188470949343113,
0.028033693077125558,0.029218215319821005,0.014077255248101817,0.029218215319821005,0.010255221107813822,
0.024694636218799786,0.029208709506107277,0.008859384345656652,0.029208709506107277,0.010714285301480038,
0.023641917917386106,0.028423429406295657,0.007636269357018494,0.028423429406295657,0.009225574904622509,
0.018528321863419798,0.026998411858125994,0.010020566695603661,0.026998411858125994,0.010900461819436897,
0.021105395066613904,0.032977179791584224,0.010910837846815099,0.032977179791584224,0.013093937598054446,
0.022263206428665524,0.028059544197075483,0.004661601956181953,0.028059544197075483,0.007519266941312594,
0.023305084745762712,0.029661016949152543,0.009723298155875701,0.029661016949152543,0.010539744891286876,
0.022996145154858434,0.030439984048916655,0.013054187207069315,0.030439984048916655,0.012655053973333967,
0.029462280354075835,0.026687805522526094,0.011589325200969716,0.026687805522526094,0.011314666038099313,
0.022181146025878003,0.025878003696857672,0.011418945527863343,0.025878003696857672,0.011100250638818775,
0.021767810026385226,0.028759894459102903,0.007408978712014466,0.028759894459102903,0.010171399851249653,
0.02434828635701998,0.03017070265978563,0.01576292810294024,0.03017070265978563,0.011456497408743304,
0.022477852703953458,0.030014544492926086,0.011498947606219476,0.030014544492926086,0.010481478230622588,
0.023665527215356297,0.027346831448856166,0.008211468838447294,0.027346831448856166,0.01008678514547841,
0.022343396728288337,0.031121159728687325,0.011147079421605366,0.031121159728687325,0.012318438588669201,
0.02205202693780536,0.02746599762313482,0.010260902416329208,0.02746599762313482,0.011864719798003152,
0.027453580901856765,0.029575596816976128,0.007686306968209857,0.029575596816976128,0.00999441194503808,
0.02431970553437623,0.03049822531878533,0.006873960314146136,0.03049822531878533,0.009073398924422693,
0.023563674874238813,0.03137410643367752,0.011208590392270384,0.03137410643367752,0.010735191760560883,
