Majority Class Accuracy,Accuracy,Precision,Recall,F Score,Support
0.0442091330244871,0.04473858371939113,0.04071127094774485,0.04473858371939113,0.028410693290755552,
0.042606516290726815,0.04418942092072286,0.03459196527051421,0.04418942092072286,0.027399458965294166,
0.035530990919857876,0.04132122647716805,0.031017222290216764,0.04132122647716805,0.019711994841293805,
0.038441284886782515,0.04015271195365982,0.02922066556362546,0.04015271195365982,0.022230410409953258,
0.04481163251817581,0.04679444811632518,0.028610200083708712,0.04679444811632518,0.0251604447859587,
0.03988416480189549,0.05041463735685139,0.0387844380222164,0.05041463735685139,0.029798029922164362,
0.04104723062754901,0.04973029864491514,0.0490984977985174,0.04973029864491514,0.03176440538878309,
0.04087552742616034,0.05102848101265823,0.032774622328724946,0.05102848101265823,0.029501177697610955,
0.04301217575436739,0.047247220751720484,0.0465830950387334,0.047247220751720484,0.02972121513227006,
0.041716171617161714,0.046996699669966994,0.05229913111846909,0.046996699669966994,0.03160491441928778,
0.03888374553630472,0.04933209892871313,0.04781283225752762,0.04933209892871313,0.029329091910726895,
0.0422813487881981,0.045706006322444676,0.03486484658739726,0.045706006322444676,0.02844767247601175,
0.034738796075311586,0.0477326968973747,0.04600945379810258,0.0477326968973747,0.029358971826101726,
0.03779299446931788,0.052014748485646564,0.04330606506665381,0.052014748485646564,0.031739348258367876,
0.03755930416447022,0.044807590933052185,0.05111016980964217,0.044807590933052185,0.030665639609944593,
0.039277711875576646,0.04929484644787136,0.0353030038097722,0.04929484644787136,0.030269525204988976,
0.04032683183974697,0.04467580390089615,0.03599651028553989,0.04467580390089615,0.027543834103917426,
0.039777983348751156,0.04678208008457777,0.040635361076149214,0.04678208008457777,0.027356499307642113,
0.03901984285524038,0.049407377813290715,0.04312681999412972,0.049407377813290715,0.0341775127280629,
0.041350431824129806,0.05168803978016226,0.048558043339623304,0.05168803978016226,0.033118682331536795,
0.0483955812730142,0.049316149395055235,0.03948650305786435,0.049316149395055235,0.03187677917458239,
0.04047619047619048,0.04735449735449736,0.040017935606271225,0.04735449735449736,0.028831001524408137,
0.041003184713375794,0.04710721868365181,0.039596479191479995,0.04710721868365181,0.02322941095542949,
0.047367726613009635,0.0469718960284998,0.03742223831802639,0.0469718960284998,0.02965952900842819,
0.03910094427450459,0.04960766059316399,0.051699658643043635,0.04960766059316399,0.02849906529217016,
0.04095653322763906,0.045316422248645793,0.03527101551462097,0.045316422248645793,0.028844624555106203,
0.03856382978723404,0.0511968085106383,0.043193677046745156,0.0511968085106383,0.030736241500403355,
0.04265465624586038,0.04503907802357928,0.040240698527149406,0.04503907802357928,0.028165081444750467,
0.037763349675367694,0.04703855836756327,0.03929381764602251,0.04703855836756327,0.03099494917865262,
0.04037061548643282,0.045268034414295166,0.042913620702717106,0.045268034414295166,0.027887704477247952,
