Majority Class Accuracy,Accuracy,Precision,Recall,F Score,Support
0.01339109885781804,0.01759222791125115,0.014030315759955276,0.01759222791125115,0.008835744321036666,
0.015042511445389144,0.014257684761281884,0.011494199508172096,0.014257684761281884,0.007836417257668182,
0.013418360568619636,0.018068287498339313,0.01638468540927658,0.018068287498339313,0.00735201952553271,
0.015558510638297872,0.018218085106382977,0.018908835978245588,0.018218085106382977,0.00859711698393774,
0.013927210616213376,0.015766653527788728,0.011238159831041424,0.015766653527788728,0.007108726528942619,
0.013345789403443213,0.01561457360202856,0.030754417257378392,0.01561457360202856,0.007258617197513089,
0.015581671728509177,0.013997094942559091,0.009269151616222935,0.013997094942559091,0.006427301517914777,
0.017578641289981496,0.015463917525773196,0.011270689561093597,0.015463917525773196,0.00730668037032865,
0.017409654444737535,0.014508045370614614,0.012763182036354197,0.014508045370614614,0.008268768088165984,
0.013754794339373098,0.013093506149980162,0.011240877110590767,0.013093506149980162,0.006138711001677785,
0.01435154707044108,0.01672152732060566,0.01031415884621245,0.01672152732060566,0.005873198936806501,
0.014854739056132509,0.01327724464309189,0.019488558614575976,0.01327724464309189,0.006557213710447036,
0.013460015835312747,0.015175508049617313,0.010292599883185193,0.015175508049617313,0.00696991959226302,
0.014647664291369754,0.01583531274742676,0.018670686699378537,0.01583531274742676,0.007947273889113456,
0.015274272811794396,0.017133749501925886,0.014119486665118273,0.017133749501925886,0.007763484782463799,
0.01554267650158061,0.014884088514225501,0.019712396155099548,0.014884088514225501,0.00783452916900567,
0.01590222105401498,0.012485214877119202,0.009349748259142875,0.012485214877119202,0.005470302678864698,
0.017141350210970463,0.013317510548523207,0.01122576193052303,0.013317510548523207,0.006807005643911007,
0.012564475598465812,0.015077370718158973,0.006982992152641013,0.015077370718158973,0.006486732112448459,
0.014988725295131981,0.01843745854887916,0.020508452436391662,0.01843745854887916,0.009265394119371417,
0.01536627367863293,0.01576367730825275,0.021222491363739757,0.01576367730825275,0.008375102217016522,
0.015660252156602522,0.015129396151293962,0.014622530756278061,0.015129396151293962,0.00697369418378567,
0.011723954169997336,0.015054622968292034,0.010874501624624383,0.015054622968292034,0.006942716743580339,
0.015862524785194978,0.01612690019828156,0.016989930975989085,0.01612690019828156,0.00822046096233223,
0.014887677788116442,0.013957197926359166,0.02215713949043781,0.013957197926359166,0.0073375719135647735,
0.01455989410986102,0.017207147584381206,0.010617862709515494,0.017207147584381206,0.006312936138073018,
0.014506380120886501,0.016252518468770988,0.010940285360131667,0.016252518468770988,0.006890346316148238,
0.014775725593667546,0.014116094986807388,0.011768011141753049,0.014116094986807388,0.007371968005805241,
0.015347975654935168,0.015347975654935168,0.013756792959342245,0.015347975654935168,0.00679156806444109,
0.012684989429175475,0.01638477801268499,0.014798624504832696,0.01638477801268499,0.007511337022836615,
