Majority Class Accuracy,Accuracy,Precision,Recall,F Score,Support
0.165685119748724,0.16332940714566158,0.05649557427154396,0.16332940714566158,0.05172124552008186,
0.16963810537519958,0.1567323044172432,0.045462921790923705,0.1567323044172432,0.06554680571781567,
0.16627172195892576,0.16258557135334387,0.06684686205555146,0.16258557135334387,0.058035334682322325,
0.16042356055592322,0.1528788881535407,0.050266372196458395,0.1528788881535407,0.056164218541996866,
0.1593493784713039,0.13091774662787622,0.050731718918577175,0.13091774662787622,0.06323843172807717,
0.1595197255574614,0.15424198443066367,0.04683286573452149,0.15424198443066367,0.054976938399174065,
0.16317047265002654,0.14352097716409984,0.04325105208857576,0.14352097716409984,0.06321195022251583,
0.16792477817507614,0.16196530260892597,0.09532666178619315,0.16196530260892597,0.05721160623729226,
0.16109422492401215,0.150786308973173,0.06420123933788674,0.150786308973173,0.06736654167054322,
0.17003300330033003,0.16871287128712872,0.05700562407413149,0.16871287128712872,0.05245429691970099,
0.16605263157894737,0.16421052631578947,0.05052465176655814,0.16421052631578947,0.05226469108517195,
0.1693303394531766,0.14661207238145554,0.04749523319580773,0.14661207238145554,0.06729556792563743,
0.167105609691862,0.1545957334737951,0.048220882582435495,0.1545957334737951,0.06768125432995235,
0.1602883355176933,0.1581913499344692,0.03969147480389384,0.1581913499344692,0.046819734215741884,
0.16338739696889126,0.15514490826907737,0.08076556948722699,0.15514490826907737,0.060285272735366845,
0.15732107682206173,0.15416940249507552,0.04755398932570152,0.15416940249507552,0.061069615541788434,
0.16464379947229552,0.14406332453825857,0.050703962008984846,0.14406332453825857,0.06185315400368255,
0.15858798735511065,0.15279241306638566,0.045626273157618615,0.15279241306638566,0.06400619989888962,
0.16396681153694193,0.1507967865138944,0.04596727493981667,0.1507967865138944,0.06740572184767957,
0.1618671926364234,0.15857988165680473,0.04351225946308406,0.15857988165680473,0.05808814227007633,
0.15117197787727152,0.14840663681854097,0.042778850095261015,0.14840663681854097,0.04889284562264109,
0.17183359830418654,0.1534181240063593,0.04964904461247819,0.1534181240063593,0.06800014616103287,
0.1596169193934557,0.15748869380154296,0.04076660188658061,0.15748869380154296,0.04556801200947935,
0.16483372610631056,0.16090599633411887,0.057163242235030186,0.16090599633411887,0.0627944389591098,
0.15846133648418012,0.15636077195746356,0.0553812624528185,0.15636077195746356,0.050703580989907286,
0.1672196416721964,0.1591240875912409,0.058311020658169954,0.1591240875912409,0.07130222256575167,
0.15734634661039304,0.1549723028224743,0.053734835056662246,0.1549723028224743,0.05886149135886144,
0.15064186533927168,0.14500916950484674,0.03268068121956303,0.14500916950484674,0.04770567074389186,
0.1640830267997898,0.13439306358381503,0.04652888156080602,0.13439306358381503,0.06834322008227096,
0.16039236479321314,0.1320254506892895,0.052646687460912826,0.1320254506892895,0.07204265229406123,
