Majority Class Accuracy,Accuracy,Precision,Recall,F Score,Support
0.1966953073364177,0.2388631857237277,0.23380100268517293,0.2388631857237277,0.1949952160391563,
0.2033965768873557,0.23125912166644552,0.17525342167487148,0.23125912166644552,0.17409875431144023,
0.20111509358821186,0.2490375680339838,0.24534201174046194,0.2490375680339838,0.23433643846159935,
0.20259705843381476,0.22552007420166953,0.20978296569695642,0.22552007420166953,0.1630264189815677,
0.19448860625331213,0.24218335983041867,0.2284074862526565,0.24218335983041867,0.1955268652092853,
0.19357798165137616,0.23499344692005242,0.20171669996947136,0.23499344692005242,0.1690983384309303,
0.19364238410596027,0.23788079470198675,0.23368483024373493,0.23788079470198675,0.20324450358277285,
0.19889430038172964,0.23969988153218375,0.2276596554126154,0.23969988153218375,0.19744715879234684,
0.19973718791064388,0.21432325886990802,0.22854949434908822,0.21432325886990802,0.18313211410527008,
0.2072143233280674,0.23077935755660875,0.23366453180411711,0.23077935755660875,0.19368795886998516,
0.19184588995909752,0.2500329858820425,0.249643975060729,0.2500329858820425,0.22464899900278196,
0.2062508242120533,0.2261637874192272,0.2275614848201023,0.2261637874192272,0.22539726436736443,
0.19561194818926778,0.2385672746497489,0.22555149186383636,0.2385672746497489,0.17999821113045497,
0.2044736842105263,0.23078947368421052,0.22325911653460612,0.23078947368421052,0.2054750492175623,
0.19480175043097733,0.22291473279405916,0.22027502111905203,0.22291473279405916,0.22004411534766158,
0.20779049874983552,0.25082247664166335,0.2293433927286651,0.25082247664166335,0.22703492120250576,
0.20450907150480255,0.24092849519743864,0.21434479714866883,0.24092849519743864,0.1974650805015043,
0.20021200477010734,0.22260500861269378,0.2321951242295074,0.22260500861269378,0.20022161512766612,
0.19433412761450886,0.23338628541170242,0.23167870609389976,0.23338628541170242,0.22364062456643333,
0.20555188367481825,0.23159286186384667,0.22905461075117087,0.23159286186384667,0.19949584863757439,
0.19812069878242455,0.23438327157226047,0.2205748554850062,0.23438327157226047,0.1924007500880987,
0.203049020896307,0.23275068997240111,0.2242595614435004,0.23275068997240111,0.19867466760227098,
0.19965780468544353,0.2253224532771782,0.23020580661008366,0.2253224532771782,0.18510744232491255,
0.19687127137743604,0.23187060851120245,0.20180880057359116,0.23187060851120245,0.18252134660097846,
0.1970495258166491,0.2327449947312961,0.22245033259441632,0.2327449947312961,0.2014715576849853,
0.20287371473767465,0.2304244661218033,0.21105966222506398,0.2304244661218033,0.18408760873569327,
0.20478266613819526,0.24666402430968423,0.2335628067280072,0.24666402430968423,0.22814385856399713,
0.19874616513271975,0.24263038548752835,0.23101027029434845,0.24263038548752835,0.19173703958001032,
0.20904403014676715,0.24064524659526643,0.24258415409428738,0.24064524659526643,0.20873524580727057,
0.19770054182635127,0.23840359455530594,0.21477711218229867,0.23840359455530594,0.19672750384755514,
