Majority Class Accuracy,Accuracy,Precision,Recall,F Score,Support
0.15375335120643432,0.13605898123324398,0.04641318618783318,0.13605898123324398,0.06852111110500415,
0.14985514880168554,0.14564129575981039,0.036087231508124554,0.14564129575981039,0.04677419737657619,
0.1551518366264421,0.1535605357379658,0.043291828378664944,0.1535605357379658,0.04629792889246339,
0.1544243703019913,0.13332454173809838,0.04925511615919197,0.13332454173809838,0.06985196643182517,
0.1587343791544802,0.14929540015953205,0.05260195609278472,0.14929540015953205,0.06504176195773677,
0.1526246719160105,0.13923884514435694,0.056345857532926015,0.13923884514435694,0.057069743459607636,
0.16565709770871742,0.1652620489860416,0.0499282132423908,0.1652620489860416,0.05145912529390511,
0.14968870049013114,0.14558219631739303,0.040187203286635116,0.14558219631739303,0.045082100622920375,
0.1538359083644113,0.15223761321257326,0.043273146024555904,0.15223761321257326,0.04766720592098194,
0.15219960604070912,0.14497701904136573,0.03967479537370882,0.14497701904136573,0.04984640543374634,
0.15939928863127387,0.14359109471742854,0.05166727376921238,0.14359109471742854,0.061315046844825014,
0.15442536327608983,0.14900924702774107,0.05010751463486686,0.14900924702774107,0.057134212940026984,
0.16092105263157894,0.1318421052631579,0.04802309682310449,0.1318421052631579,0.06037282606805489,
0.1531543446634043,0.137547943393731,0.047415228464293906,0.137547943393731,0.05640285115600104,
0.15993132593766507,0.15438457474907555,0.03572890867769992,0.15438457474907555,0.053696189812624924,
0.15247524752475247,0.147986798679868,0.05362401878413315,0.147986798679868,0.04655534255865393,
0.15852047556142668,0.13791281373844122,0.0442846250358511,0.13791281373844122,0.055678208944294975,
0.15777018143570865,0.15172232448067316,0.04515492563789451,0.15172232448067316,0.06208090305020667,
0.15514067841178017,0.1454115172232448,0.054842708510306856,0.1454115172232448,0.06031735771131235,
0.15322051685688048,0.14456250819887184,0.04479768556409815,0.14456250819887184,0.05413516688402422,
0.15095592140201805,0.12772172065852364,0.042517592081295574,0.12772172065852364,0.06295860142683724,
0.1555438780872307,0.14674198633736207,0.05515704519187905,0.14674198633736207,0.06394045592958648,
0.1558560924369748,0.14233193277310924,0.05530977966370613,0.14233193277310924,0.05995440777210625,
0.15124602332979853,0.15005302226935313,0.0471461314756739,0.15005302226935313,0.04506807403553882,
0.15673436664885088,0.12814003206841262,0.045356166310222525,0.12814003206841262,0.06570070363953451,
0.15440689198144467,0.1461895294897283,0.047501581899514415,0.1461895294897283,0.054154279316540224,
0.15658690507494083,0.144228240862477,0.05553821191637891,0.144228240862477,0.0654587260260754,
0.1627691901175849,0.14691504822301493,0.047832840371132196,0.14691504822301493,0.06257004743648205,
0.15110401702580473,0.1449853684490556,0.039187576277459786,0.1449853684490556,0.054251475976881965,
0.15167129079138592,0.14295151274937243,0.048532740922669446,0.14295151274937243,0.05884733405853216,
