Majority Class Accuracy,Accuracy,Precision,Recall,F Score,Support
0.01202771604131259,0.013335076480585698,0.007878153998319957,0.013335076480585698,0.0043279565872167206,
0.013987859593560307,0.01227236737925574,0.024253865474335425,0.01227236737925574,0.004849963901250452,
0.011222603644045419,0.012939001848428836,0.005895927676471179,0.012939001848428836,0.005309320569503927,
0.011313722880340743,0.013177159590043924,0.008873413202569905,0.013177159590043924,0.005018367909828034,
0.01359556494192186,0.014783526927138331,0.006583097936738712,0.014783526927138331,0.005409946083365718,
0.011558389796731766,0.015411186395642354,0.007178816399603715,0.015411186395642354,0.005140598279299774,
0.013536828135368282,0.013669542136695422,0.021591883543760154,0.013669542136695422,0.005696254909644061,
0.01370043472533263,0.011856145435384007,0.013608586201755188,0.011856145435384007,0.004561105217525732,
0.013765718067504963,0.01628060886829914,0.023751024694647085,0.01628060886829914,0.006604236229882461,
0.014488900704506182,0.01409012362089592,0.01420442775992563,0.01409012362089592,0.004951594545301603,
0.013781336133350834,0.011943824648904056,0.0191606998288767,0.011943824648904056,0.004736470961149866,
0.014446653412856196,0.014314115308151094,0.018628876518033455,0.014314115308151094,0.004477707159144631,
0.012419077817413133,0.014400845554234378,0.024519069517661887,0.014400845554234378,0.005696615378268196,
0.01202113606340819,0.014795244385733158,0.010647824439704131,0.014795244385733158,0.006260514406101616,
0.013846762495054728,0.01265989713833575,0.007089891149377521,0.01265989713833575,0.0036706432843742285,
0.013150973172014729,0.01459758022093635,0.013622268182494192,0.01459758022093635,0.0044595685696291396,
0.01199420060630025,0.015025701858442072,0.006346172134732555,0.015025701858442072,0.005322429793203552,
0.01050392235075123,0.013694987368700971,0.01372949902800783,0.013694987368700971,0.005999179672326297,
0.01270681667769689,0.012045003309066844,0.0176065035956844,0.012045003309066844,0.005555061681810006,
0.011867088607594937,0.013713080168776372,0.013212292539344223,0.013713080168776372,0.005453366250186457,
0.011749174917491749,0.015577557755775578,0.01655050405874039,0.015577557755775578,0.006177417346250596,
0.01054991428194646,0.012000527495714097,0.013857398259942536,0.012000527495714097,0.0048751657635060525,
0.013591976774874637,0.01649511744523621,0.009878841845413416,0.01649511744523621,0.005370332378812467,
0.012322777262488406,0.010335232542732211,0.02590160728924891,0.010335232542732211,0.004696877610180354,
0.014287586839690654,0.014156508061344868,0.026557535104599395,0.014156508061344868,0.00549950481945738,
0.012301587301587301,0.012962962962962963,0.01179979834455115,0.012962962962962963,0.0047408490510342455,
0.012595119391235896,0.012463920230910521,0.03633094870933314,0.012463920230910521,0.005302950723908419,
0.013818761626361946,0.013154398086633006,0.011085337392283222,0.013154398086633006,0.005131868247361874,
0.01219350563286945,0.010603048376408217,0.02002503645107581,0.010603048376408217,0.004797128638157802,
0.01354941551540914,0.012752391073326248,0.015379775992389814,0.012752391073326248,0.005002895043746909,
