Majority Class Accuracy,Accuracy,Precision,Recall,F Score,Support
0.015791551519936834,0.01947624687458876,0.02080636391310525,0.01947624687458876,0.008924199729499264,
0.011500330469266358,0.016523463317911435,0.012429187248544502,0.016523463317911435,0.007723227810897637,
0.01434776885612742,0.017901803343425036,0.02467131591278021,0.017901803343425036,0.010157648282341678,
0.014065817409766455,0.015790870488322718,0.017479173440585284,0.015790870488322718,0.007858335422628832,
0.014278228975635316,0.013754257270107415,0.018462677292257253,0.013754257270107415,0.007538304868307825,
0.013678618857901727,0.014741035856573706,0.011143515957105719,0.014741035856573706,0.007015659363146456,
0.015877181472247738,0.014040152210995933,0.008112188802152823,0.014040152210995933,0.0056638730241824215,
0.015167501978369823,0.016750197836982325,0.008878212203072946,0.016750197836982325,0.007471537379055957,
0.016218354430379747,0.018064345991561183,0.024597524882033196,0.018064345991561183,0.010360745303595603,
0.015937829293993677,0.017650158061116965,0.012659313099276325,0.017650158061116965,0.007787724594844378,
0.015979926043317487,0.014923402007395668,0.012530563665183908,0.014923402007395668,0.006827517352245231,
0.017814726840855107,0.0166270783847981,0.014526988437025165,0.0166270783847981,0.008273338988128657,
0.015382575255271183,0.016310834106882378,0.0076674758993079935,0.016310834106882378,0.006807268423337705,
0.016054744045269114,0.015659955257270694,0.0298993476516557,0.015659955257270694,0.008810375140210444,
0.016423597424779925,0.017474707659965838,0.012390331973282568,0.017474707659965838,0.008610847638067281,
0.01604987398859265,0.015784586815227482,0.0066953134577524605,0.015784586815227482,0.005347214463102327,
0.01521566551997883,0.016406456734585868,0.009206453550083994,0.016406456734585868,0.007736841239581715,
0.014338332017890029,0.018547750591949488,0.015836853366000457,0.018547750591949488,0.008026452608608231,
0.015366430260047281,0.014315734173890203,0.013227914463062446,0.014315734173890203,0.0074598853309292695,
0.013918345705196183,0.015111346765641569,0.014362490726633412,0.015111346765641569,0.006549636590421762,
0.013676802549462222,0.013544018058690745,0.008483057072715388,0.013544018058690745,0.00618489554231922,
0.012951334379905808,0.017006802721088437,0.01019737722843246,0.017006802721088437,0.007688222993597293,
0.013843111404087014,0.015029663810151615,0.016585138467893314,0.015029663810151615,0.007914597323153532,
0.01755775577557756,0.015841584158415842,0.009377396573917476,0.015841584158415842,0.006308762706641385,
0.016690952444032323,0.015101337925553054,0.010318130394348755,0.015101337925553054,0.007545503910439865,
0.015284423179160022,0.017809675704412546,0.03079732623068669,0.017809675704412546,0.009273624412889212,
0.015022600372241426,0.013427279978729062,0.01375506417872158,0.013427279978729062,0.0053269965737445775,
0.013619696176008382,0.015453116815086433,0.009705783403242315,0.015453116815086433,0.007552202262375413,
0.017946687780416998,0.017022961203483768,0.0138097926025104,0.017022961203483768,0.008157069301143797,
0.01620126448893572,0.017518440463645944,0.01290711511867458,0.017518440463645944,0.008081242960095087,
