Majority Class Accuracy,Accuracy,Precision,Recall,F Score,Support
0.02933016250495442,0.02721627691901176,0.030669225687298823,0.02721627691901176,0.013584219984430821,
0.030174695606140816,0.02818951826363155,0.02902975184037544,0.02818951826363155,0.013337886531549678,
0.032168018077894454,0.027116841685497807,0.02632748597068134,0.027116841685497807,0.014012760733873,
0.027906976744186046,0.02378737541528239,0.015275579455572865,0.02378737541528239,0.009527366659644149,
0.026410086264100862,0.028135368281353684,0.0261165689945458,0.028135368281353684,0.014102457622994643,
0.029245158740613886,0.02964036358846002,0.01979994817033226,0.02964036358846002,0.0157074818050292,
0.02900461437046803,0.03480553724456163,0.03845903034007342,0.03480553724456163,0.018313086318157926,
0.027502313896601877,0.02895676318921063,0.029773178834129624,0.02895676318921063,0.01543705489078497,
0.02569876804874818,0.025168896542588422,0.030906163018206846,0.025168896542588422,0.012450904164144115,
0.03304255881575469,0.031456515992598466,0.03755251615229819,0.031456515992598466,0.01590697752890764,
0.027660137638962416,0.0277924827951297,0.020573067832375825,0.0277924827951297,0.010776841894874817,
0.02957167484418512,0.03421296910224108,0.026236848078418033,0.03421296910224108,0.016778610277172964,
0.03005932762030323,0.03098220171390903,0.03325875329558973,0.03098220171390903,0.015626368660953745,
0.028774142688214426,0.027066088556037315,0.029786904485185346,0.027066088556037315,0.015701601574061065,
0.02583808135683053,0.029415661852391677,0.02904900373862032,0.029415661852391677,0.01607900080001065,
0.030106958933051632,0.028522382147101545,0.02603987089510229,0.028522382147101545,0.015553568950311247,
0.02734323649270409,0.0333902984093598,0.022324238787555923,0.0333902984093598,0.015893084751703007,
0.0314680710994075,0.0347597103357472,0.029271424086146285,0.0347597103357472,0.01668799317180316,
0.03158451169552002,0.033038192150125545,0.03428903770454774,0.033038192150125545,0.01801268972176344,
0.02983104540654699,0.03167898627243928,0.03320661039949016,0.03167898627243928,0.01635437799381138,
0.028514588859416445,0.030238726790450927,0.030980322497690633,0.030238726790450927,0.016296145660793612,
0.024932975871313674,0.030428954423592492,0.03725821028566647,0.030428954423592492,0.0143854397867982,
0.031698013941865055,0.027094567933710376,0.02557390039684875,0.027094567933710376,0.01402941349318514,
0.0291583830351226,0.03366467859509609,0.03747619571404957,0.03366467859509609,0.01768028577190859,
0.03337290594908324,0.03376863210658224,0.03759596133104069,0.03376863210658224,0.018467198978897092,
0.02771515714096274,0.03553905317597136,0.04233919969376748,0.03553905317597136,0.019857357041247633,
0.02689873417721519,0.034546413502109706,0.026720133744026046,0.034546413502109706,0.017467068260886932,
0.03049102428722281,0.02877507919746568,0.04668553037458762,0.02877507919746568,0.015420127410432085,
0.030771262546222925,0.03116745905969361,0.0355950933268322,0.03116745905969361,0.01296035185863514,
0.025749372771688896,0.026013468902680574,0.025132897489930466,0.026013468902680574,0.011768469983948095,
