Majority Class Accuracy,Accuracy,Precision,Recall,F Score,Support
0.2844520638269814,0.28471581168403004,0.15820169255300426,0.28471581168403004,0.128636661179424,
0.293382449677674,0.2924615182212867,0.1088710141662479,0.2924615182212867,0.13499902377632597,
0.29411764705882354,0.2935841003067894,0.11370211729365995,0.2935841003067894,0.13466450141591912,
0.2864181091877497,0.27536617842876165,0.11089133550018819,0.27536617842876165,0.15284596068168965,
0.28975171685155837,0.28090332805071316,0.11586894277825305,0.28090332805071316,0.15845723969433903,
0.28728041209879807,0.2842425042926958,0.10495400466070061,0.2842425042926958,0.13287596733622456,
0.2935888962326504,0.2889623265036352,0.11962203099527328,0.2889623265036352,0.14108220043366873,
0.28311345646437996,0.28298153034300794,0.1080704689095037,0.28298153034300794,0.1254377574537808,
0.29401595744680853,0.2934840425531915,0.09911537833733128,0.2934840425531915,0.13410947431103573,
0.2824477927570711,0.2795400475812847,0.1267928692068701,0.2795400475812847,0.1306819142310502,
0.2878365831012071,0.25931821196445154,0.12484650473139161,0.25931821196445154,0.15444651775198084,
0.2907083716651334,0.28453147588382177,0.10489251033060097,0.28453147588382177,0.13910931315392983,
0.2951576725161631,0.2939701807626336,0.11788481597046448,0.2939701807626336,0.13582546815802146,
0.28966521106259097,0.28926822813285696,0.08393533289804134,0.28926822813285696,0.13011572000058025,
0.28987026602018084,0.288166688507404,0.10397670970199539,0.288166688507404,0.13276092843526408,
0.29692652684342435,0.29613507452842636,0.10598132440419729,0.29613507452842636,0.13723148507723285,
0.28055077452667815,0.27935919502184564,0.1306211297845173,0.27935919502184564,0.12792468417559658,
0.29502732968937473,0.29476069857352355,0.10598216786538259,0.29476069857352355,0.13555322475071277,
0.29242785279322214,0.291633571617686,0.1087315163219494,0.291633571617686,0.13423537559602394,
0.2903225806451613,0.2899243329350856,0.11238221224625872,0.2899243329350856,0.13156473308687636,
0.2924937557512817,0.29301958722229526,0.14745742938000497,0.29301958722229526,0.1349069134924721,
0.2915723605378778,0.2910398082811876,0.1069533658152128,0.2910398082811876,0.1331820831038071,
0.2872847682119205,0.2872847682119205,0.10642641671485506,0.2872847682119205,0.13054935379883498,
0.29119430529923546,0.2906670181914052,0.11287089490862698,0.2906670181914052,0.13205434747818393,
0.2983520105471325,0.2982201713909031,0.10308730926827496,0.2982201713909031,0.1374115519165247,
0.28288169200264374,0.2823529411764706,0.10046890800476652,0.2823529411764706,0.12601050003118214,
0.2981657517739992,0.29455081001472755,0.11140633261540026,0.29455081001472755,0.145264207705471,
0.28696112139645596,0.286828881248347,0.1146424658772688,0.286828881248347,0.1292545867997987,
0.28305400372439476,0.273610002660282,0.11192759866663483,0.273610002660282,0.15280452895946217,
0.2856385094815011,0.2824559077045485,0.09874474110786668,0.2824559077045485,0.1308666402531208,
