Majority Class Accuracy,Accuracy,Precision,Recall,F Score,Support
0.16164671840063133,0.16164671840063133,0.026129661569693003,0.16164671840063133,0.04498727738097281,
0.16301315265045835,0.16301315265045835,0.02658388334690489,0.16301315265045835,0.04571297870005997,
0.15881188118811881,0.15881188118811881,0.025221213606509165,0.15881188118811881,0.04352943565033195,
0.15943759119246584,0.15943759119246584,0.025420345485255864,0.15943759119246584,0.04384944162300513,
0.1581173982020095,0.1581173982020095,0.02500111161417284,0.1581173982020095,0.04317543567342543,
0.16802954365602743,0.16802954365602743,0.028233927541252826,0.16802954365602743,0.04834454349995007,
0.15940881499076273,0.15940881499076273,0.02541117029675922,0.15940881499076273,0.04383470259705017,
0.1570127985222325,0.1570127985222325,0.02465301889978317,0.1570127985222325,0.04261494588697837,
0.17551719594149426,0.17551719594149426,0.03080628607116489,0.17551719594149426,0.052413161079266975,
0.16972416523690115,0.16972416523690115,0.028806292265362923,0.16972416523690115,0.04925313697273042,
0.1649048625792812,0.16345137420718817,0.042763342000623775,0.16345137420718817,0.063701220794684,
0.16629302386918107,0.16629302386918107,0.027653369787556024,0.16629302386918107,0.047420964065815766,
0.1676185416389959,0.1676185416389959,0.028095975501183798,0.1676185416389959,0.04812526437229275,
0.16800950997226258,0.16800950997226258,0.028227195441119797,0.16800950997226258,0.04833384523006174,
0.16150793650793652,0.16018518518518518,0.04040727533221471,0.16018518518518518,0.06091885279123771,
0.1630031779661017,0.1630031779661017,0.026570036027048622,0.1630031779661017,0.04569211250740548,
0.15649867374005305,0.15649867374005305,0.02449183488239557,0.15649867374005305,0.04235514564524371,
0.16062866275972296,0.16062866275972296,0.025801567299976808,0.16062866275972296,0.04446136499615008,
0.16438175586606907,0.16438175586606907,0.027021361661611936,0.16438175586606907,0.04641323436318082,
0.15503161222339304,0.15503161222339304,0.024034800788584512,0.15503161222339304,0.041617563596061946,
0.16443974070644266,0.16443974070644266,0.027040428323602095,0.16443974070644266,0.046443671369713294,
0.16333553937789544,0.16333553937789544,0.02667849842386803,0.16333553937789544,0.045865526360751606,
0.16445799098860323,0.16445799098860323,0.0270464308000075,0.16445799098860323,0.04645325294568263,
0.1678937680778333,0.1678937680778333,0.02818831735937327,0.1678937680778333,0.04827205715082587,
0.17199631530464535,0.17199631530464535,0.02958273247837498,0.17199631530464535,0.05048263734632191,
0.1581537642990157,0.1581537642990157,0.02501261316194861,0.1581537642990157,0.04319394182876528,
0.16318986004753103,0.16318986004753103,0.026630930422332763,0.16318986004753103,0.045789481729568295,
0.1660042395336513,0.1660042395336513,0.027557407543145875,0.1660042395336513,0.04726810865484947,
0.16751934933753115,0.1584677948314312,0.04176923935094328,0.1584677948314312,0.0649780757269404,
0.16562872664634953,0.16562872664634953,0.02743287509049118,0.16562872664634953,0.04706966200021301,
