Majority Class Accuracy,Accuracy,Precision,Recall,F Score,Support
0.17705998681608437,0.17257745550428477,0.08036107266901349,0.17257745550428477,0.06998121350887135,
0.17073814868612175,0.16941766803116334,0.04154466950690195,0.16941766803116334,0.0518492707492843,
0.17300629590766003,0.16120146904512067,0.0543577454136989,0.16120146904512067,0.07343171210890241,
0.17739798622151565,0.17686804451510335,0.06102158785516558,0.17686804451510335,0.059298177955279543,
0.1703674332540312,0.168913560666138,0.05910298367859768,0.168913560666138,0.05270726710013049,
0.1679035250463822,0.16207262125629474,0.05430279333412746,0.16207262125629474,0.06400323489481291,
0.17544783983140147,0.1505532139093783,0.054334142688488025,0.1505532139093783,0.07842040257812037,
0.16510120386294483,0.16298452176213785,0.04699947805969963,0.16298452176213785,0.050108128732201815,
0.16668871543855007,0.16443974070644266,0.0639963354484494,0.16443974070644266,0.05054343566357551,
0.17008681925808997,0.166798210997106,0.07544690970921378,0.166798210997106,0.06783857720161555,
0.16924500859447308,0.165542774031469,0.04509191220575144,0.165542774031469,0.054176857921848925,
0.17694933053294828,0.16854817537411393,0.04917108941498829,0.16854817537411393,0.0686298967804302,
0.16903259726603576,0.15759726603575183,0.04922991558959389,0.15759726603575183,0.06867649415775144,
0.1749044418083564,0.16304204560432317,0.048924232327730105,0.16304204560432317,0.07105883323814506,
0.16879319510898458,0.16321105794790006,0.042470360516777377,0.16321105794790006,0.06402213523462653,
0.16719534760771873,0.1670631773724557,0.05518553356806364,0.1670631773724557,0.05101677429701246,
0.17266949152542374,0.17015360169491525,0.04666729643442803,0.17015360169491525,0.05391539003125951,
0.17225387571220352,0.16019610441234927,0.05866605160939773,0.16019610441234927,0.07135615187130268,
0.1693303394531766,0.15348038568220843,0.07006738309662071,0.15348038568220843,0.07931267286816608,
0.1723497412763699,0.14886559639113706,0.06154579488278245,0.14886559639113706,0.08442713905729038,
0.17430344645450943,0.1455169681764162,0.055823296029642894,0.1455169681764162,0.0749576576901879,
0.16937723125743753,0.16567499669443342,0.04603539647616256,0.16567499669443342,0.07065279963459255,
0.17693627127589392,0.17574877952236442,0.06863567455017547,0.17574877952236442,0.05727582776588774,
0.17349526224476178,0.15027358868277058,0.04566341132058712,0.15027358868277058,0.06122012954313919,
0.17139852786540483,0.15509989484752892,0.04281799801963657,0.15509989484752892,0.058142003752747674,
0.1614693446088795,0.1601479915433404,0.054158324349299236,0.1601479915433404,0.05788521343421198,
0.16019926586261143,0.15023597273203984,0.055187739407999356,0.15023597273203984,0.06552758152080865,
0.1725908372827804,0.1715376513954713,0.04187728795737436,0.1715376513954713,0.052873951038109525,
0.17489793230607137,0.16607401554062953,0.04627497992752549,0.16607401554062953,0.07122997455985905,
0.17401085086674606,0.160645758899034,0.06747208072691513,0.160645758899034,0.07025879507444206,
