Majority Class Accuracy,Accuracy,Precision,Recall,F Score,Support
0.22586973580957365,0.20690557154067488,0.0772179120251948,0.20690557154067488,0.11243043971647973,
0.22219276150072914,0.21158690176322417,0.09308993069885363,0.21158690176322417,0.10046076043194631,
0.22632129774986917,0.22291993720565148,0.0706188970626535,0.22291993720565148,0.08684185128879017,
0.21421975992613113,0.21303258145363407,0.058267531473422604,0.21303258145363407,0.07647036908671047,
0.219756999471738,0.21764395139989434,0.08091485365663861,0.21764395139989434,0.08142881657313054,
0.23117709437963946,0.22097030752916225,0.08760419800368549,0.22097030752916225,0.09907320751894161,
0.21764860599684377,0.21580746975276172,0.0629325051378399,0.21580746975276172,0.08093387613229044,
0.22316571580204325,0.21852195833886162,0.09198074932932486,0.21852195833886162,0.0957526881403192,
0.21872530945483276,0.21648670002633658,0.06556248979058851,0.21648670002633658,0.08835139253001183,
0.2174831638716493,0.21391786610326158,0.10791627060142982,0.21391786610326158,0.09064476592030284,
0.21884418817979295,0.21740269951513563,0.07664731011897842,0.21740269951513563,0.08185728855404917,
0.2215647600262985,0.21814595660749506,0.0650124817393669,0.21814595660749506,0.09347507164754311,
0.22306984085229514,0.21701959752729186,0.061908360895614335,0.21701959752729186,0.084999023299582,
0.21987872396519906,0.21935143685736883,0.07321692481686927,0.21935143685736883,0.08158525335975739,
0.21425737336331174,0.209363840761804,0.06207666596186964,0.209363840761804,0.08328356892183625,
0.22151898734177214,0.21426687763713081,0.07905818067404448,0.21426687763713081,0.09191385478869465,
0.2132945685212105,0.212633804678208,0.06943895675295338,0.212633804678208,0.07760186162390759,
0.21881634819532908,0.21138535031847133,0.06882557356070607,0.21138535031847133,0.1001854929495049,
0.21972090573986308,0.21906266456029488,0.08157516554437722,0.21906266456029488,0.08113348798901832,
0.22666312574691275,0.22414022042225468,0.10034393586795394,0.22414022042225468,0.08786796330060773,
0.22163518689737155,0.22137102100118874,0.06455129701993899,0.22137102100118874,0.08335601928814046,
0.22094558901215003,0.22054939249867936,0.1547371280084914,0.22054939249867936,0.08093295020703158,
0.22025383395029086,0.21827075621364359,0.07913018563463062,0.21827075621364359,0.08256755926612733,
0.21999472434713796,0.21907148509628066,0.060591921876929924,0.21907148509628066,0.08081703063082772,
0.21954113924050633,0.21888185654008438,0.07418684518814381,0.21888185654008438,0.08106206462910018,
0.22489373007438895,0.22329968119022317,0.059019481634519526,0.22329968119022317,0.0837981350800911,
0.21644052167039915,0.2144644974311685,0.0571343204490817,0.2144644974311685,0.07827969139735838,
0.21980355720732678,0.2062649323068755,0.06698472169273602,0.2062649323068755,0.09954057907662357,
0.2258876523582406,0.22509273979862215,0.07014194856976899,0.22509273979862215,0.08542957578661446,
0.221298495645289,0.20810240168910002,0.08841021858973527,0.20810240168910002,0.09462494622892371,
