Majority Class Accuracy,Accuracy,Precision,Recall,F Score,Support
0.016594231529039907,0.020150138285262742,0.005240973248788096,0.020150138285262742,0.006611427687007549,
0.014963259853039413,0.018704074816299265,0.0040246322571954665,0.018704074816299265,0.005365894750711555,
0.0166073546856465,0.01752998550151575,0.0027395974335656234,0.01752998550151575,0.004235149642508951,
0.01557961447055717,0.020596778452601005,0.005569316891820926,0.020596778452601005,0.00556937326485505,
0.013319266780957404,0.017934854279308982,0.005324279254511521,0.017934854279308982,0.00540141869369407,
0.015614748720640335,0.01692691247867734,0.004364135688356151,0.01692691247867734,0.005525105169100307,
0.012646555131076275,0.016862073508101698,0.005277101848692991,0.016862073508101698,0.0064208457188508665,
0.0155049032600053,0.016167505963424332,0.006611356043007545,0.016167505963424332,0.005783225757157806,
0.014404651777454737,0.01704770714946478,0.006944440354296227,0.01704770714946478,0.005624258442961055,
0.01500987491770902,0.015536537195523371,0.00652522054026496,0.015536537195523371,0.005701769377786241,
0.01702071513392268,0.01702071513392268,0.006527770416849839,0.01702071513392268,0.00602500775415304,
0.015811852245548763,0.015280361413765613,0.0050632248616446305,0.015280361413765613,0.004963794003809507,
0.015782493368700266,0.016843501326259946,0.00651014312959188,0.016843501326259946,0.006204845040373439,
0.014856081708449397,0.01936596365565725,0.005047826818837486,0.01936596365565725,0.005724025592536455,
0.015043547110055424,0.01728688308260755,0.0038935551517899495,0.01728688308260755,0.004907791912610851,
0.014462266631606626,0.01696029450433868,0.005273138918720272,0.01696029450433868,0.004161942850378664,
0.01507405950976537,0.01874426530344737,0.0038887645505726876,0.01874426530344737,0.005260612943299677,
0.015707497360084477,0.017555438225976768,0.0056705672089328914,0.017555438225976768,0.00592217540652886,
0.01638477801268499,0.019556025369978858,0.009224221724571356,0.019556025369978858,0.006311464669630126,
0.014893617021276596,0.01901595744680851,0.007544409214264479,0.01901595744680851,0.007048197071270199,
0.015548820661483727,0.018579522993806826,0.004621894674050937,0.018579522993806826,0.004965913864614849,
0.013811420982735724,0.018061088977423638,0.0026044607629178073,0.018061088977423638,0.004050499651876248,
0.017668776371308016,0.01529535864978903,0.0038736938092969295,0.01529535864978903,0.005268751438503967,
0.01718667371760973,0.019169751454257006,0.004774218020546829,0.019169751454257006,0.00535165981166627,
0.017490393533854513,0.01788790247780575,0.003918673716082056,0.01788790247780575,0.005224139401029648,
0.014140346240253733,0.017972776529668298,0.007250506506987097,0.017972776529668298,0.006434124274259192,
0.015708200212992546,0.019968051118210862,0.008901495224505597,0.019968051118210862,0.00666820565916542,
0.01571579503433703,0.01941362916006339,0.0075106595121406374,0.01941362916006339,0.006452801113188656,
0.01573449689276742,0.01745339151130504,0.0072534954401592515,0.01745339151130504,0.005177221697310161,
0.011889035667107,0.018626155878467634,0.007833054582816142,0.018626155878467634,0.006965369181369153,
