Majority Class Accuracy,Accuracy,Precision,Recall,F Score,Support
0.0164173176221369,0.016682113067655237,0.008799096869353429,0.016682113067655237,0.006589969674512994,
0.01530141142329508,0.01569713758079409,0.013287771340738306,0.01569713758079409,0.008379330778049447,
0.015724101479915435,0.018763213530655392,0.02804495324562523,0.018763213530655392,0.008640241610949529,
0.016606881891855985,0.02072538860103627,0.01825387432601164,0.02072538860103627,0.01072355561507327,
0.012860892388451443,0.01627296587926509,0.010473965436045991,0.01627296587926509,0.00619751039044585,
0.01654533421575116,0.017207147584381206,0.00992776056777265,0.017207147584381206,0.007623333005903226,
0.017116524028966424,0.01672152732060566,0.018099831891870314,0.01672152732060566,0.008443823611978703,
0.015513126491646777,0.01896048793423495,0.024690163133652476,0.01896048793423495,0.009021723576517501,
0.014308217379889734,0.018114990811236544,0.010034201752609544,0.018114990811236544,0.00769867075017959,
0.016783401612263778,0.016519096075062772,0.01175778958796779,0.016519096075062772,0.007584429151227314,
0.014182534471437951,0.01943532501641497,0.020454502518747343,0.01943532501641497,0.01027506041775361,
0.014832472520196,0.01907032181168057,0.014434230814494454,0.01907032181168057,0.008815045019249396,
0.018059583443184816,0.018455048774057473,0.035972432557173015,0.018455048774057473,0.009708346018734479,
0.013060686015831135,0.014511873350923483,0.015585834189900368,0.014511873350923483,0.007334598167345642,
0.014168432203389831,0.014565677966101694,0.01381881981289856,0.014565677966101694,0.007452636416517654,
0.015783243456530316,0.01538866237011706,0.01361035595332411,0.01538866237011706,0.008639921265395662,
0.014469666799415904,0.019779636267091463,0.0155356643558682,0.019779636267091463,0.009293298532729607,
0.017508953442101075,0.017111022682053324,0.01143703074546335,0.017111022682053324,0.007816503111822663,
0.012999071494893221,0.017111022682053324,0.011533868214229626,0.017111022682053324,0.008531107349737662,
0.016576766214971714,0.01460334166557032,0.006713908370470881,0.01460334166557032,0.006202193979661996,
0.01717532038578412,0.019817677368212445,0.011596254495499943,0.019817677368212445,0.008136844251184959,
0.015820698747528016,0.017007251153592615,0.016556188761848983,0.017007251153592615,0.008603233151449964,
0.013468902680575729,0.015185527532021657,0.015501455397304645,0.015185527532021657,0.008149516278896164,
0.014777675155033646,0.015437392795883362,0.011371162982672498,0.015437392795883362,0.007345776420623189,
0.015113350125944584,0.018162534800477265,0.011393498626469968,0.018162534800477265,0.008613515662050856,
0.015810276679841896,0.015810276679841896,0.013692716719008957,0.015810276679841896,0.008146793557416914,
0.017259552042160738,0.020553359683794466,0.016160351208379557,0.020553359683794466,0.011058352086192096,
0.01803580832016851,0.018562401263823063,0.013869088749562898,0.018562401263823063,0.009487584191486367,
0.01488997232837001,0.017130056660956648,0.013057516413958184,0.017130056660956648,0.007377939276301316,
0.01680672268907563,0.016544117647058824,0.016718144618506098,0.016544117647058824,0.009911841088880371,
