Majority Class Accuracy,Accuracy,Precision,Recall,F Score,Support
0.3087168666754583,0.3087168666754583,0.09530610376991266,0.3087168666754583,0.145648163016374,
0.3078441695182943,0.3078441695182943,0.09476803270640831,0.3078441695182943,0.1449225143410064,
0.31788079470198677,0.31788079470198677,0.10104819964036665,0.31788079470198677,0.15334952910246596,
0.32449006799093455,0.32449006799093455,0.10529380422476133,0.32449006799093455,0.1589952341197654,
0.3181456953642384,0.3181456953642384,0.1012166834787948,0.3181456953642384,0.15357434892783373,
0.3171503957783641,0.3171503957783641,0.100584373542373,0.3171503957783641,0.15273027873621542,
0.30947955390334575,0.30947955390334575,0.09577759428421388,0.30947955390334575,0.1462834513127241,
0.3175863437872172,0.3175863437872172,0.10086108576013249,0.3175863437872172,0.15309977404626315,
0.3088604251947709,0.3088604251947709,0.09539476225149468,0.3088604251947709,0.14576766233465882,
0.3125492255185088,0.3125492255185088,0.09768701837221967,0.3125492255185088,0.14885082627454133,
0.3195250659630607,0.3195250659630607,0.10209626777869829,0.3195250659630607,0.1547469925539958,
0.3096433289299868,0.3096433289299868,0.095878991150844,0.3096433289299868,0.14642000464230162,
0.31468993785534843,0.31468993785534843,0.09902975698740306,0.31468993785534843,0.1506511218134827,
0.31524341580207504,0.31524341580207504,0.09937841120655996,0.31524341580207504,0.1511178995653151,
0.31973509933774835,0.31973509933774835,0.1022305337485198,0.31973509933774835,0.15492583898059503,
0.30840258541089566,0.30840258541089566,0.0951121546881248,0.30840258541089566,0.14538668105467772,
0.31632117554447653,0.31632117554447653,0.10005908609783953,0.31632117554447653,0.15202837720277743,
0.3177028451001054,0.3177028451001054,0.10093509778470154,0.3177028451001054,0.15319857304707202,
0.3126812549433166,0.3126812549433166,0.09776956719292737,0.3126812549433166,0.1489616261750446,
0.30481705712029483,0.30481705712029483,0.09291343831147708,0.30481705712029483,0.14241603879172943,
0.319035566804316,0.319035566804316,0.10178369288615118,0.319035566804316,0.15433047515579415,
0.3168044077134986,0.3168044077134986,0.10036503274670067,0.3168044077134986,0.15243726730984244,
0.3172404695950402,0.3172404695950402,0.10064151554888164,0.3172404695950402,0.15280659510836606,
0.3044973544973545,0.3044973544973545,0.09271863889588758,0.3044973544973545,0.14215228352320222,
0.3136423841059603,0.3136423841059603,0.09837154510767072,0.3136423841059603,0.14976914006108366,
0.3165562913907285,0.3165562913907285,0.1002078856190518,0.3165562913907285,0.15222727091022958,
0.3150883671854392,0.3150883671854392,0.09928067913558615,0.3150883671854392,0.150987084385922,
0.31223684210526315,0.31223684210526315,0.09749184556786704,0.31223684210526315,0.14858879500968403,
0.31920232435287904,0.31920232435287904,0.1018901238722806,0.31920232435287904,0.15447232314764414,
0.3217494714587738,0.3217494714587738,0.1035227223840003,0.3217494714587738,0.15664499910069263,
