Majority Class Accuracy,Accuracy,Precision,Recall,F Score,Support
0.013088313061872026,0.022871496562665256,0.010003259178858246,0.022871496562665256,0.009616382028684558,
0.015519299641862315,0.02148826104257859,0.02119549850923168,0.02148826104257859,0.006678014008671608,
0.01778421815307601,0.02068238703728099,0.005971080788480393,0.02068238703728099,0.007369207817030183,
0.01869282778735251,0.02094657298157232,0.007513127106335587,0.02094657298157232,0.00792804084730799,
0.014560512957520704,0.021239647341704516,0.007157609746066196,0.021239647341704516,0.008428724837238746,
0.017964071856287425,0.018629407850964737,0.011536250575540382,0.018629407850964737,0.006588375739568166,
0.017296012674940586,0.01703195141272775,0.008270727396350892,0.01703195141272775,0.0069341610490845865,
0.015589906196327124,0.017703791782269784,0.007012718175723594,0.017703791782269784,0.007067591833539539,
0.014672835426305354,0.02233972240581626,0.014680667963103692,0.02233972240581626,0.008465789781238162,
0.018408941485864562,0.01985535831689678,0.007089213119651028,0.01985535831689678,0.008529028554417988,
0.015660252156602522,0.020039814200398142,0.00934903703264451,0.020039814200398142,0.005925718161624302,
0.015481500918394122,0.019548674888480715,0.0050237467729189675,0.019548674888480715,0.006526607997978373,
0.017973638663293837,0.020636399946744776,0.00575572318240258,0.020636399946744776,0.007386203248357757,
0.016688741721854305,0.020927152317880796,0.006055193817290376,0.020927152317880796,0.007360070485063457,
0.020287182189434858,0.018574627848768278,0.005665171170360048,0.018574627848768278,0.00706127078643492,
0.015390686661404893,0.02117863720073665,0.005528524122898183,0.02117863720073665,0.00675282850451765,
0.016410660364973087,0.01903636602336878,0.00610807241565011,0.01903636602336878,0.007055661245759553,
0.015942028985507246,0.019235836627140974,0.005754119080471797,0.019235836627140974,0.007059632041604458,
0.015498741555172871,0.02132732812293019,0.005799839974428779,0.02132732812293019,0.006775053350334211,
0.018735981000131942,0.020319303338171262,0.004587441297400868,0.020319303338171262,0.006358407241007259,
0.013837638376383764,0.021744860305745916,0.011088033648757661,0.021744860305745916,0.006730080462897817,
0.0141384778012685,0.01863107822410148,0.006344716895379112,0.01863107822410148,0.007125525896939988,
0.014580323131485617,0.0216734533035597,0.006407132002768156,0.0216734533035597,0.007477553283133901,
0.013642384105960265,0.018940397350993378,0.003908188776545019,0.018940397350993378,0.005024400721726588,
0.015567282321899736,0.021899736147757257,0.00830312810027535,0.021899736147757257,0.008081816887463506,
0.016169648774022532,0.01895294897282969,0.00597807568917276,0.01895294897282969,0.006738959227465206,
0.01439513998943476,0.021922873745377706,0.008617034922629054,0.021922873745377706,0.008324390038708739,
0.016653449643140365,0.022072429288924136,0.0062383649952465195,0.022072429288924136,0.0076000614508027675,
0.01633513371097352,0.01896983269661441,0.0049569862908664854,0.01896983269661441,0.005674521718194684,
0.015179514255543822,0.02019535374868004,0.019066120947269883,0.02019535374868004,0.006360974808280324,
