Majority Class Accuracy,Accuracy,Precision,Recall,F Score,Support
0.06616181745715424,0.0846286701208981,0.07754514105155577,0.0846286701208981,0.06261293002015181,
0.06722024515618821,0.08224594701463028,0.07614169584625295,0.08224594701463028,0.06048191307211841,
0.06850404134093017,0.08175433947263813,0.0785110252000706,0.08175433947263813,0.05871620717524293,
0.06438446346280448,0.07807768268597762,0.06859977179376053,0.07807768268597762,0.05608491636615695,
0.07051792828685259,0.08778220451527224,0.07744833359841809,0.08778220451527224,0.06360764202343237,
0.07219499271426678,0.08107034044244271,0.08190843956286059,0.08107034044244271,0.05957908102321942,
0.06401269673323634,0.08451263060441741,0.07641187356902845,0.08451263060441741,0.058219441778201486,
0.06881635863153755,0.08008913356927513,0.07188236984609374,0.08008913356927513,0.054541995690282126,
0.06765132533298167,0.08215745747065806,0.0689074763340341,0.08215745747065806,0.05611284525772404,
0.06592680671158674,0.08561236623067776,0.09054952292253243,0.08561236623067776,0.06593163597815573,
0.06361122086131964,0.08494666139865666,0.08336159801671651,0.08494666139865666,0.05364737742072245,
0.06955712195770714,0.07660593163984572,0.0647798383878817,0.07660593163984572,0.05293683240657911,
0.06323954772547988,0.07310018406521168,0.0939571232524128,0.07310018406521168,0.04307621674480713,
0.06714153805566547,0.08086004484896452,0.0831715147261144,0.08086004484896452,0.06087091414759249,
0.06610911987256073,0.07792380193813886,0.06670385347220341,0.07792380193813886,0.05572733515096456,
0.06412799153774958,0.07602803120454846,0.08749059775556198,0.07602803120454846,0.05125945802363144,
0.06089238845144357,0.08149606299212599,0.07038287377062226,0.08149606299212599,0.055691238067252284,
0.07164414118882037,0.07636793071775358,0.08152496826763331,0.07636793071775358,0.051245971752857306,
0.06896551724137931,0.07748635334842231,0.08366906948211701,0.07748635334842231,0.05260490356205941,
0.071701091961584,0.08604131035390081,0.06985951827737814,0.08604131035390081,0.06207680579316065,
0.0645290047897818,0.07304417243214475,0.07161852814779872,0.07304417243214475,0.05478997662232326,
0.06717901152775937,0.07685172916390619,0.07237932842784756,0.07685172916390619,0.06118126442098643,
0.06079470198675497,0.07470198675496689,0.05993014627847736,0.07470198675496689,0.05042819984798014,
0.07029807438670535,0.08454233711421788,0.05993356246261405,0.08454233711421788,0.05678022653989967,
0.06982576557550159,0.08210137275607181,0.06503096434725769,0.08210137275607181,0.05027306951331283,
0.06418028465998946,0.07604111755403269,0.06335372058794668,0.07604111755403269,0.04637408794427549,
0.07008727849775191,0.0841047341973023,0.07936335122282179,0.0841047341973023,0.05617147326086622,
0.0673561389551843,0.07690267833465925,0.06295308645362609,0.07690267833465925,0.053783015118813025,
0.0696194138708394,0.0811563453122928,0.06623589914810395,0.0811563453122928,0.05015658623720036,
0.06833956219967965,0.07861719167111586,0.06889642818421013,0.07861719167111586,0.05181179972605844,
