Majority Class Accuracy,Accuracy,Precision,Recall,F Score,Support
0.24775607180570222,0.24775607180570222,0.08811031922355439,0.24775607180570222,0.10052238471364207,
0.24404683594263912,0.24338902775950533,0.09942245665196206,0.24338902775950533,0.10013792584551205,
0.252373417721519,0.2505274261603376,0.08770896669423468,0.2505274261603376,0.10883917037103688,
0.25190039318479684,0.2503276539973788,0.07755444693493328,0.2503276539973788,0.10352169809538633,
0.2616699539776463,0.25785667324128864,0.09174467066260864,0.25785667324128864,0.11484825955224416,
0.2520453945632093,0.25138558986539983,0.08067677254156973,0.25138558986539983,0.1020723904634559,
0.25676741130091985,0.25584756898817346,0.08275668010594958,0.25584756898817346,0.10634109748094642,
0.2571653957402051,0.2572968708914015,0.10172784119919402,0.2572968708914015,0.1082862773320607,
0.2519653564290473,0.2514323784143904,0.07907821309268347,0.2514323784143904,0.10251725020231521,
0.2502648305084746,0.24602754237288135,0.07811940341745278,0.24602754237288135,0.1073113447359452,
0.25175659551902424,0.25056343629855493,0.08738932929118036,0.25056343629855493,0.10354866775972986,
0.2510891089108911,0.2495049504950495,0.07301919823073852,0.2495049504950495,0.10125103244131622,
0.24888539207972724,0.22305271439811172,0.13423797487996755,0.22305271439811172,0.12086698894154453,
0.2522983976884686,0.25177304964539005,0.09312592037297529,0.25177304964539005,0.10403080313195623,
0.24933932346723045,0.24920718816067652,0.08291798890004738,0.24920718816067652,0.10172510491441356,
0.2517684045061567,0.25124443280062875,0.08451583546200227,0.25124443280062875,0.10452718101838016,
0.25390260173448964,0.2541694462975317,0.12197679972437718,0.2541694462975317,0.10396070033853123,
0.2570975835204014,0.25577710286544303,0.08702355153615594,0.25577710286544303,0.10629267731119363,
0.25073352894105094,0.25033342224593225,0.0774553613797637,0.25033342224593225,0.10081499702342017,
0.24754316069057106,0.24794156706507303,0.0891911202828911,0.24794156706507303,0.10233828156840429,
0.2445029624753127,0.24147465437788018,0.08094148261478763,0.24147465437788018,0.10362822746135025,
0.257259767687434,0.2571277719112988,0.09827752904655092,0.2571277719112988,0.10696087559454494,
0.25838525785496486,0.257589818374652,0.0865755901427347,0.257589818374652,0.10904495794473029,
0.2551979870215865,0.2541385246987154,0.09615173691806242,0.2541385246987154,0.10738354736070514,
0.2568588469184891,0.24638833664678594,0.09196270523163215,0.24638833664678594,0.1168044757963937,
0.25212879191059073,0.2513304949441192,0.08120061915628163,0.2513304949441192,0.10250913025640933,
0.25178429817605075,0.2507269362939466,0.10877325467893108,0.2507269362939466,0.10545463770225787,
0.25725646123260437,0.25540092776673295,0.09030431410752748,0.25540092776673295,0.10723604888027564,
0.2599282773276664,0.23880993491831584,0.09614065313481818,0.23880993491831584,0.13679321808257333,
0.2523860021208908,0.24774655355249206,0.08919102408860992,0.24774655355249206,0.12666747793870636,
