Majority Class Accuracy,Accuracy,Precision,Recall,F Score,Support
0.07351592189752326,0.06932250032761106,0.07880884534068297,0.06932250032761106,0.04972492098355547,
0.06358609794628751,0.06911532385466035,0.07311397811608518,0.06911532385466035,0.04599811049298554,
0.06971504307488403,0.07395626242544731,0.06344160480816535,0.07395626242544731,0.048224037997942885,
0.071005137663022,0.07087340271373996,0.06452090923668032,0.07087340271373996,0.0490064940882279,
0.06621034618928524,0.06673686981703304,0.05891628325336643,0.06673686981703304,0.04172431460541779,
0.06437994722955145,0.0737467018469657,0.06878544942642895,0.0737467018469657,0.050330026091243624,
0.06839963240120782,0.0694499146645661,0.06332871709333764,0.0694499146645661,0.04029594270506899,
0.06606526930220218,0.07959671000265323,0.07756816036583646,0.07959671000265323,0.053987185474062976,
0.06334603758706794,0.07438559600473124,0.07667126963600014,0.07438559600473124,0.052255310209062926,
0.06900662251655629,0.07271523178807947,0.07308646948969359,0.07271523178807947,0.0474123704131312,
0.06045406546990496,0.06876979936642028,0.06945837253967821,0.06876979936642028,0.050550877966731564,
0.06267281105990784,0.06570111915734035,0.06593795830592149,0.06570111915734035,0.04848056315446316,
0.06744093968589152,0.06427345915269896,0.07428695824164111,0.06427345915269896,0.045628849427317326,
0.06866499405783705,0.07064571504027466,0.06745499324908974,0.07064571504027466,0.043753476043694096,
0.0641789069736668,0.06497287283313484,0.07476952179886336,0.06497287283313484,0.04048956981840598,
0.0645841571108475,0.06761565836298933,0.06708081060756366,0.06761565836298933,0.04273607737996519,
0.06659633390478702,0.0609257549782408,0.054361152245263375,0.0609257549782408,0.0389893084163263,
0.06406353408338848,0.07041694242223694,0.07331477142517584,0.07041694242223694,0.04916743336311438,
0.06954912071929129,0.07325135528229539,0.07031643797223096,0.07325135528229539,0.0508897023453184,
0.06811268350747256,0.06771591059383679,0.06819807386444351,0.06771591059383679,0.04968584763828322,
0.06646525679758308,0.07447786680677788,0.07835729641839825,0.07447786680677788,0.048602403556740476,
0.0637761866878812,0.07570936091222487,0.09472152280548872,0.07570936091222487,0.051660349511162745,
0.06522028483961134,0.06309064288566485,0.06594466161062193,0.06309064288566485,0.04131677565738132,
0.06787991498405951,0.07252922422954304,0.07301015580401049,0.07252922422954304,0.051982199628242444,
0.07105994442238983,0.06748709805478365,0.07208533471294613,0.06748709805478365,0.04616985000790184,
0.06902559978555153,0.07170620560246616,0.05953069300706971,0.07170620560246616,0.045380922126172014,
0.06570597567424644,0.06901110523532522,0.0626057930495003,0.06901110523532522,0.047778226779445127,
0.06531147540983606,0.06950819672131148,0.06577727682512755,0.06950819672131148,0.047104061319086496,
0.0641025641025641,0.06357388316151202,0.06863866711924195,0.06357388316151202,0.03813700256802446,
0.06554979391038426,0.08163808004254754,0.07813438912542328,0.08163808004254754,0.06211656610244302,
