Majority Class Accuracy,Accuracy,Precision,Recall,F Score,Support
0.01476545145694499,0.010714752384685744,0.007616557092574186,0.010714752384685744,0.004381308413541506,
0.012639894667544437,0.01237656352863726,0.01568802560444055,0.01237656352863726,0.005026497467228775,
0.010369582557830364,0.011699016219090667,0.012442318123495884,0.011699016219090667,0.006111264291318124,
0.011821883620123473,0.009326152633652962,0.03126843227508286,0.009326152633652962,0.005030458383467866,
0.015577955229742113,0.007592616834664223,0.007702836092181005,0.007592616834664223,0.0037593284204388102,
0.011296466570340207,0.011427820832786024,0.006284205918121092,0.011427820832786024,0.00439119668598916,
0.011509458923137981,0.010980288397936236,0.006751076069336022,0.010980288397936236,0.003366552280216957,
0.014623770273863334,0.013161393246477,0.014598931028365509,0.013161393246477,0.006034581431158932,
0.01330671989354624,0.012242182302062542,0.0034539128842192316,0.012242182302062542,0.0036459961714683017,
0.01006222692969681,0.012180590493843506,0.014423246570850713,0.012180590493843506,0.005574403470848672,
0.013183915622940013,0.009360580092287409,0.01139522194273089,0.009360580092287409,0.003923701778841019,
0.01288351706733962,0.014211714703147828,0.01376024932627749,0.014211714703147828,0.005780721312590384,
0.012311358220810167,0.012178978024887478,0.0037078870949060734,0.012178978024887478,0.0035806181619660823,
0.009296148738379814,0.013678618857901727,0.007609566719794055,0.013678618857901727,0.005205718112869257,
0.014043455219925808,0.010731319554848967,0.00961038024508381,0.010731319554848967,0.0032645723870542947,
0.014397041341962753,0.010830801743494914,0.008107985173333934,0.010830801743494914,0.0037824324308889886,
0.014236751911415766,0.010413920379646717,0.005182311687248307,0.010413920379646717,0.004279439413784355,
0.014163934426229508,0.011934426229508197,0.021724018956445018,0.011934426229508197,0.0061076679897229605,
0.013687707641196013,0.012358803986710963,0.012713286432249617,0.012358803986710963,0.005053962720189685,
0.010677563933561824,0.011600316372264698,0.004028369189031043,0.011600316372264698,0.0032937643497338944,
0.01397019691325173,0.012107503991484832,0.008800359041325019,0.012107503991484832,0.004758494078648379,
0.011596907491335644,0.00959744068248467,0.00931742631415842,0.00959744068248467,0.0034733677715441075,
0.011326221519820887,0.010009219017516134,0.01969965746421147,0.010009219017516134,0.00421814534299382,
0.011498810467882634,0.010309278350515464,0.0077372885663117815,0.010309278350515464,0.004247385983078446,
0.01271523178807947,0.013245033112582781,0.009432207978323502,0.013245033112582781,0.006431461784326696,
0.011840547296408366,0.011840547296408366,0.01318566358995872,0.011840547296408366,0.004050852938681079,
0.01260114073484547,0.011805279214749966,0.016990440860221202,0.011805279214749966,0.004123599309048459,
0.011956378925239784,0.01077387991065563,0.007764872710631593,0.01077387991065563,0.004076385485032949,
0.012939001848428836,0.012939001848428836,0.007801266377556526,0.012939001848428836,0.0050493677713966375,
0.011887465328226127,0.011094967639677718,0.006828173788480188,0.011094967639677718,0.003920480439074046,
