Majority Class Accuracy,Accuracy,Precision,Recall,F Score,Support
0.05201853077432164,0.07081403044341496,0.03288580021872066,0.07081403044341496,0.03836234021768037,
0.0510027892150352,0.06813653871696108,0.03192561296814981,0.06813653871696108,0.03524467531840636,
0.05156803569085422,0.06928224642435377,0.03767251185785402,0.06928224642435377,0.04116854004725092,
0.04952456418383518,0.06827786582144743,0.03554768737832998,0.06827786582144743,0.03696959293566265,
0.051036682615629984,0.06871345029239766,0.02956166146428807,0.06871345029239766,0.03315351322581225,
0.04707294305907454,0.06200826776903587,0.02675358862549482,0.06200826776903587,0.030923267130975752,
0.04574299312533051,0.0668958223162348,0.05070208558331705,0.0668958223162348,0.04003943854814902,
0.047157279489904357,0.06455897980871414,0.02585877461068795,0.06455897980871414,0.03207097902690835,
0.04850157728706624,0.06480021030494217,0.0435675546387187,0.06480021030494217,0.029102371639193783,
0.047531512605042014,0.0701155462184874,0.035050737682024526,0.0701155462184874,0.038741898216397064,
0.0486193684766812,0.0664552781080724,0.035662804331877004,0.0664552781080724,0.03701715020801439,
0.05208057248873575,0.06281473628412404,0.02806006800102561,0.06281473628412404,0.032151746171012345,
0.05064127991537749,0.06743355811186037,0.025837043158895817,0.06743355811186037,0.03270098545929588,
0.05164257555847569,0.05965834428383705,0.03069516505432012,0.05965834428383705,0.031966157406263455,
0.05230566534914361,0.06548089591567853,0.03257475534131802,0.06548089591567853,0.03611900849059586,
0.05493199524626964,0.06708041727188696,0.03375576138840156,0.06708041727188696,0.03630985459885269,
0.04869565217391304,0.06608695652173913,0.023851256488954316,0.06608695652173913,0.03376098322728118,
0.04821830706053782,0.06278977347993112,0.024263375624432808,0.06278977347993112,0.03204547350571054,
0.057760780693656866,0.06461822497692206,0.03965216652402684,0.06461822497692206,0.04104437491802317,
0.048505506030414265,0.06751442055584687,0.020917498140171645,0.06751442055584687,0.030270210059662458,
0.050106044538706256,0.06230116648992577,0.027930859780042176,0.06230116648992577,0.030978603805193728,
0.05173551537547842,0.0677048963969909,0.03019582071964702,0.0677048963969909,0.034433519008710986,
0.04592376919004765,0.06590788777130757,0.029446672832576938,0.06590788777130757,0.03413820609618525,
0.04926043317485473,0.0710512414157422,0.03265058567095748,0.0710512414157422,0.03581207632972216,
0.04661296712003169,0.06377921563449096,0.02165920909700082,0.06377921563449096,0.025192619609139766,
0.05356193514088251,0.0645933014354067,0.03064171592657501,0.0645933014354067,0.03215655331617858,
0.0503711558854719,0.06203605514316013,0.033666498963233094,0.06203605514316013,0.0334910013315497,
0.05282064928153273,0.06758914316125599,0.05808212405804796,0.06758914316125599,0.03614082687221335,
0.049696008458895054,0.059212265397832406,0.03250793900459806,0.059212265397832406,0.0372167159734385,
0.0471211118464593,0.06485771012574454,0.02625837507118439,0.06485771012574454,0.035569064792219766,
