Majority Class Accuracy,Accuracy,Precision,Recall,F Score,Support
0.23401162790697674,0.1625264270613108,0.09681639537627725,0.1625264270613108,0.10637800150882809,
0.23108684070324986,0.1485082578582845,0.09204775685454171,0.1485082578582845,0.09267601079762594,
0.25006650704974726,0.20071827613727056,0.10939414976629498,0.20071827613727056,0.1337802356328584,
0.24126984126984127,0.22513227513227513,0.094517682427392,0.22513227513227513,0.1058169534744652,
0.24257294429708223,0.2039787798408488,0.09560466281185111,0.2039787798408488,0.10806108573944695,
0.2343667892800841,0.21334734629532318,0.09924337008438498,0.21334734629532318,0.1080082009732288,
0.2273994424532059,0.1392539492897916,0.0977094836260066,0.1392539492897916,0.10027696791223552,
0.2456839309428951,0.20916334661354583,0.09753900055165657,0.20916334661354583,0.12402294429798048,
0.2376853813559322,0.16816737288135594,0.10349938614636779,0.16816737288135594,0.10871086682296505,
0.22817460317460317,0.20582010582010582,0.09047684505342327,0.20582010582010582,0.10654143505574552,
0.23686988651359198,0.21364476115069939,0.11201244347432576,0.21364476115069939,0.12279713524240607,
0.2442596991290578,0.18184217471628397,0.11292843208189977,0.18184217471628397,0.11480846691301207,
0.23758156878412573,0.19176987614862165,0.10137139344114741,0.19176987614862165,0.12207477640445348,
0.23689396925502562,0.19051373012744713,0.10821175363532476,0.19051373012744713,0.12241652806416524,
0.2406183932346723,0.15605179704016914,0.1101941809801424,0.15605179704016914,0.12343768034275454,
0.23909574468085107,0.21502659574468086,0.09788876855578868,0.21502659574468086,0.11390162595816641,
0.24567656765676568,0.19023102310231024,0.10667770865585638,0.19023102310231024,0.11477636487022232,
0.240721242432219,0.183206106870229,0.115109968431141,0.183206106870229,0.12471000067861494,
0.23334647221127316,0.18394429115753513,0.09531630437210682,0.18394429115753513,0.11659774303335883,
0.23623188405797102,0.20566534914361,0.09888691903900346,0.20566534914361,0.11029712209051064,
0.23635161929940515,0.19907468605419695,0.10143029173609605,0.19907468605419695,0.11899028104388373,
0.23307867578072644,0.198900951615065,0.0939345144914529,0.198900951615065,0.11346422233614557,
0.22028985507246376,0.10487483530961791,0.07614282730312906,0.10487483530961791,0.08387609159405232,
0.2346979070685797,0.18625773331578255,0.0991278939530447,0.18625773331578255,0.11707383961775929,
0.23184763920116386,0.21438963100119032,0.10306518789399777,0.21438963100119032,0.10758239862345194,
0.23378164556962025,0.16758966244725737,0.10210865910696743,0.16758966244725737,0.11731632656908413,
0.23938834695491695,0.17229106248352227,0.09665793046662452,0.17229106248352227,0.11082818951452109,
0.23329840188629813,0.17160073356038774,0.10186258558085919,0.17160073356038774,0.09953523870006951,
0.23089067227996316,0.21128798842257598,0.0867002858326909,0.21128798842257598,0.09996191444743897,
0.22707423580786026,0.15892549953685325,0.0914061193638394,0.15892549953685325,0.0981746085523117,
