Majority Class Accuracy,Accuracy,Precision,Recall,F Score,Support
0.018016815694648337,0.019618310423061523,0.027423166910466593,0.019618310423061523,0.009109628460690092,
0.020987328405491026,0.01940337909186906,0.023942704175897566,0.01940337909186906,0.009482291556255636,
0.02203166226912929,0.020184696569920845,0.017992794152857258,0.020184696569920845,0.009965194086636864,
0.02037306522026723,0.01891784627596243,0.015665897038280554,0.01891784627596243,0.00815495152799105,
0.017708470992467293,0.02193735958768336,0.019520918639059196,0.02193735958768336,0.009978732015985665,
0.02072880908370742,0.023765513599155005,0.018247198786629018,0.023765513599155005,0.009164237320387026,
0.02049934296977661,0.021419185282522995,0.015979966596782,0.021419185282522995,0.010183399416585397,
0.022894736842105263,0.01868421052631579,0.01981442600677742,0.01868421052631579,0.00840663377958787,
0.019755037534571317,0.022652443039641774,0.02352484807727604,0.022652443039641774,0.011039681699416382,
0.02304635761589404,0.019205298013245033,0.019109063645681195,0.019205298013245033,0.008157691100679263,
0.01818181818181818,0.021870882740447958,0.014824790121839867,0.021870882740447958,0.00834942141391018,
0.019600105235464352,0.020652459878979217,0.017436857767270116,0.020652459878979217,0.009299290172249399,
0.018912842216638012,0.020764449146938237,0.03157322325806304,0.020764449146938237,0.009966874684482017,
0.02221335461558925,0.02341048151104017,0.02665983920947383,0.02341048151104017,0.010662391987623365,
0.02191708476366517,0.018616318986004753,0.011288970126867737,0.018616318986004753,0.00802073496977669,
0.021093128150703105,0.01923587158397453,0.016877356992885305,0.01923587158397453,0.007676747971096018,
0.02038115404976178,0.021175224986765485,0.012880419202360268,0.021175224986765485,0.008239438184640275,
0.019592373438527284,0.021433267587113742,0.023689908558502035,0.021433267587113742,0.010458413607832803,
0.023781212841854936,0.017571673933148367,0.018971922789459396,0.017571673933148367,0.008900552750176555,
0.02234267583289265,0.02088841882601798,0.01746067382341746,0.02088841882601798,0.008608117018018429,
0.021206533192834564,0.019099051633298208,0.015204718626863399,0.019099051633298208,0.006989729282212968,
0.019397116644823065,0.021887287024901704,0.01645242751584734,0.021887287024901704,0.010468589249107381,
0.021047022778739842,0.022778739842813374,0.025100094927701506,0.022778739842813374,0.011972567115983658,
0.018015631209431712,0.020002649357530797,0.009953337706223375,0.020002649357530797,0.007864755070915627,
0.020836098208360982,0.022295952222959523,0.012620592539116956,0.022295952222959523,0.009349477261437866,
0.022011335178594965,0.021615921971793857,0.014994836179020003,0.021615921971793857,0.009291961301287316,
0.021626641899960195,0.01870770863738888,0.030637729084347375,0.01870770863738888,0.008809229882512362,
0.018742522929682308,0.023129070849395188,0.020937931998568672,0.023129070849395188,0.011240657944915803,
0.01936596365565725,0.022416766149356677,0.022308006197750824,0.022416766149356677,0.009953872927411705,
0.019905088320590562,0.02333245452148695,0.01782496379670086,0.02333245452148695,0.008520196525157831,
