Majority Class Accuracy,Accuracy,Precision,Recall,F Score,Support
0.0300304273051991,0.03862944833972748,0.012305597186838857,0.03862944833972748,0.0153109758302376,
0.028001584995377096,0.039096552635054814,0.014841517622899153,0.039096552635054814,0.016752099937660844,
0.028126237950614023,0.036841410273339495,0.011757378014100003,0.036841410273339495,0.015542482062495212,
0.03116745905969361,0.039619651347068144,0.014068051052212835,0.039619651347068144,0.016577689434999248,
0.028788275320596704,0.03441507458780424,0.012741184682221908,0.03441507458780424,0.014483918169128016,
0.025826854658057716,0.039530899986823034,0.01353690828907489,0.039530899986823034,0.017747119348650135,
0.02864651773981603,0.033245729303547966,0.011009029849122292,0.033245729303547966,0.014327410304522897,
0.026399155227032733,0.038542766631467794,0.012758901072552264,0.038542766631467794,0.015470407054763451,
0.030758988015978695,0.03941411451398136,0.013931581787358404,0.03941411451398136,0.016594140432637603,
0.03239081375282092,0.038099030930572146,0.011806982269866406,0.038099030930572146,0.01564479651083922,
0.03379007582812292,0.0407077291472662,0.014899902078249339,0.0407077291472662,0.017219828682436055,
0.02860875244937949,0.03905943827563684,0.012991100338713871,0.03905943827563684,0.016334777927789396,
0.02741531567154343,0.040595755898247,0.011776986011078378,0.040595755898247,0.015920963744492315,
0.028798938287989382,0.035832780358327807,0.011887736260470823,0.035832780358327807,0.016013934439924334,
0.029933774834437085,0.03536423841059603,0.014871938831963643,0.03536423841059603,0.013853690337098054,
0.02610071183759557,0.040996572633799105,0.012651238576649656,0.040996572633799105,0.01577485516429072,
0.030712691954324713,0.037931487071794195,0.012717463871583092,0.037931487071794195,0.01576011601702213,
0.027080581241743725,0.036988110964332896,0.01825771764767825,0.036988110964332896,0.018634042382921004,
0.027898981885495173,0.03834457225968531,0.011753775830887613,0.03834457225968531,0.015676104707438653,
0.03189518263631551,0.03388035997882478,0.014340173020066762,0.03388035997882478,0.015291448366999286,
0.02882188869703812,0.037587993093372296,0.012437911758351811,0.037587993093372296,0.013813590995601243,
0.02637478570486615,0.03626533034419095,0.011860028664684174,0.03626533034419095,0.013049636996547572,
0.026013468902680574,0.036973458338835336,0.01357420956570784,0.036973458338835336,0.016177805014993045,
0.03248811410459588,0.03790279978869519,0.016261233135295563,0.03790279978869519,0.01597457709679552,
0.027638852329560412,0.03672018952355883,0.013945194761598632,0.03672018952355883,0.015142190916120166,
0.030556662681015014,0.036667995217218016,0.013958739243785,0.036667995217218016,0.01217832911413682,
0.02918364664125148,0.03536216642566058,0.022617500067973983,0.03536216642566058,0.01628877742476292,
0.027016341591987347,0.03479177648919346,0.015194851941551865,0.03479177648919346,0.015807064080912835,
0.026288117770767613,0.03877497371188223,0.014062902639944584,0.03877497371188223,0.01539612798217492,
0.029649238914626074,0.04195896757114494,0.015021144786727104,0.04195896757114494,0.018620875217558768,
