Majority Class Accuracy,Accuracy,Precision,Recall,F Score,Support
0.29196499602227527,0.27844073190135243,0.1380395990001749,0.27844073190135243,0.1493589186762031,
0.290624582051625,0.2658820382506353,0.1355264407132428,0.2658820382506353,0.1471696864659603,
0.2883795309168444,0.269589552238806,0.14039114787780807,0.269589552238806,0.14693222553108953,
0.2882882882882883,0.2061473237943826,0.12974100110941356,0.2061473237943826,0.15051943273694407,
0.29341634653596504,0.19618492515564975,0.12777904498640202,0.19618492515564975,0.14243337528534,
0.2856581017304667,0.26389617199790244,0.12718168571125305,0.26389617199790244,0.14752898723759247,
0.2974691930568438,0.2765337220087452,0.13633207426898344,0.2765337220087452,0.15932344767330947,
0.2911241031092214,0.2515280361413766,0.14816709535525288,0.2515280361413766,0.17139799188550214,
0.2942425046431414,0.2517909259750597,0.1502538864656402,0.2517909259750597,0.16798984889736987,
0.2850337435490274,0.25817123197035863,0.1271655110414462,0.25817123197035863,0.1438202538735705,
0.3011211959423385,0.2142285104111052,0.14594751583306423,0.2142285104111052,0.16665277472379014,
0.29932602088013743,0.23880005286110745,0.13874599711359564,0.23880005286110745,0.1577360166293798,
0.28507383966244726,0.25,0.13536662682714734,0.25,0.14958260221485345,
0.2819767441860465,0.2584566596194503,0.13582218625992537,0.2584566596194503,0.15221305742307886,
0.279033105622701,0.2586705202312139,0.11518662882799609,0.2586705202312139,0.14587696803526845,
0.2861144457783113,0.25423502734427106,0.13738143403514327,0.25423502734427106,0.15956289540852095,
0.2861092824226465,0.2273864384463463,0.1256821982957122,0.2273864384463463,0.15349368033434016,
0.29266684252176206,0.2556053811659193,0.14257800721974007,0.2556053811659193,0.16567248046383876,
0.29398486256805206,0.2221484530606825,0.13288880212347556,0.22214845306068254,0.15393630322726387,
0.28857105019202756,0.19361673950470137,0.13670752603492664,0.19361673950470137,0.127826395034161,
0.29442026117926395,0.2746339533043134,0.14013112557182295,0.2746339533043134,0.15751764073574603,
0.28730011893749174,0.21712699881062508,0.12694113404131474,0.21712699881062508,0.14872012827973735,
0.28599761999206663,0.2352241174137247,0.1332258147645495,0.2352241174137247,0.1540211242817617,
0.2869265446831079,0.256563245823389,0.12334090826432874,0.256563245823389,0.13784859926108542,
0.28016899920781624,0.2420121468180618,0.1287920576454664,0.2420121468180618,0.15060623230375053,
0.28890651857728417,0.21076292476530478,0.12887132824398892,0.21076292476530478,0.1427801693033757,
0.29815130457584893,0.2842533106070539,0.13244258846456552,0.2842533106070539,0.16131420257750298,
0.3020408163265306,0.24028966425279788,0.13609687838063958,0.24028966425279788,0.16188185408670033,
0.288400841662283,0.26196738558653343,0.12679238837951223,0.26196738558653343,0.15374627162420437,
0.29590488771466317,0.2714663143989432,0.12763412419805928,0.2714663143989432,0.1500562754563359,
