Majority Class Accuracy,Accuracy,Precision,Recall,F Score,Support
0.01223729715349827,0.015828677839851025,0.007213038023854005,0.015828677839851025,0.00503080093557327,
0.013104442405975626,0.016642641855589044,0.003998454546671951,0.016642641855589044,0.004979931695215466,
0.013238019592268996,0.015885623510722795,0.006696605553389998,0.015885623510722795,0.005039687609404134,
0.016966986715770092,0.016440878600552412,0.011030596926089424,0.016440878600552412,0.005750543852232594,
0.012190274281171327,0.013515304094342123,0.0027577197434853072,0.013515304094342123,0.003920523087269544,
0.013547283966855188,0.014204919110877285,0.0027584651334417957,0.014204919110877285,0.0038349506592699786,
0.010638297872340425,0.016023115313895456,0.004439216171237992,0.016023115313895456,0.005714935392727749,
0.011362135024441802,0.015589906196327124,0.0038109127150987997,0.015589906196327124,0.004509947260537178,
0.012749737118822293,0.016692954784437435,0.004684221805662539,0.016692954784437435,0.006104051860438443,
0.01284938402437409,0.01404159491323354,0.004750020544138106,0.01404159491323354,0.004926319178097167,
0.01326852338413032,0.015633210719915924,0.005361027304416255,0.015633210719915924,0.004862015851605305,
0.012822225190329906,0.017096300253773206,0.005200437774622372,0.017096300253773206,0.004837028691905715,
0.015021741994992753,0.013440505995519832,0.0038390274208315875,0.013440505995519832,0.0042134783590131114,
0.011215199894445178,0.01702071513392268,0.005551370619895716,0.01702071513392268,0.00538483189529167,
0.011022576361221779,0.01952191235059761,0.005326011888822921,0.01952191235059761,0.005725276144143027,
0.01247677196708256,0.016989646933899656,0.005500095404254847,0.016989646933899656,0.005306573583557281,
0.013088313061872026,0.013484928609201481,0.0088342416230652,0.013484928609201481,0.004640297638509827,
0.013196093956188967,0.014779625230931645,0.004381035947088158,0.014779625230931645,0.004999214215720681,
0.013065857199419295,0.015309489243764022,0.0073055633514563624,0.015309489243764022,0.005280936224616656,
0.013558420842748903,0.013558420842748903,0.009117634779912497,0.013558420842748903,0.004498087042785408,
0.014429441355573206,0.015223722531109346,0.004633753241248838,0.015223722531109346,0.005119298125111984,
0.013103904698874918,0.018266048974189278,0.006434980348989204,0.018266048974189278,0.005793037580665525,
0.012872717719690004,0.018258242479968476,0.004282226316305782,0.018258242479968476,0.0056193385255267495,
0.01056290947987699,0.013237063778580024,0.0039010490721829738,0.013237063778580024,0.0038265747929705114,
0.012316561844863731,0.015592243186582809,0.0036486533816987785,0.015592243186582809,0.0046754417803887265,
0.01316309069369488,0.013821245228379624,0.0034696342776847013,0.013821245228379624,0.004622469424294769,
0.012188659247482777,0.017090620031796504,0.006857835666394523,0.017090620031796504,0.005108773480893068,
0.014255543822597676,0.015575501583949313,0.004645232430399747,0.015575501583949313,0.005097403313534274,
0.012339126973596922,0.014594666312856575,0.006709023676711369,0.014594666312856575,0.0047298271189428545,
0.012285336856010569,0.013738441215323647,0.003276992339023746,0.013738441215323647,0.004484103493991981,
