Majority Class Accuracy,Accuracy,Precision,Recall,F Score,Support
0.34363492898474485,0.34363492898474485,0.11810049578286706,0.34363492898474485,0.17578662283420876,
0.336322869955157,0.336454761276708,0.1510412440264544,0.336454761276708,0.16989801061255747,
0.33557400817187294,0.33557400817187294,0.11260991496053625,0.33557400817187294,0.16863148619472784,
0.3476215368531103,0.347360167276529,0.14487949466545658,0.347360167276529,0.18013891498493925,
0.33346550356859633,0.3330689928628073,0.1229537742347543,0.3330689928628073,0.16702724362488627,
0.337871777924653,0.337871777924653,0.11417243050970559,0.337871777924653,0.17067198900699862,
0.33266985138004246,0.33240445859872614,0.1271674449264124,0.33240445859872614,0.16634946400764847,
0.34555320275277923,0.3429062996294336,0.1435836967190373,0.3429062996294336,0.1791719114847297,
0.34499668654738236,0.34499668654738236,0.11902271372867279,0.34499668654738236,0.17698588393433906,
0.3348781779661017,0.3352754237288136,0.1498373687116841,0.3352754237288136,0.1700978389685715,
0.3459152698957371,0.3460472482512868,0.22355593247063915,0.3460472482512868,0.17810668223432327,
0.3464009440146847,0.3465320571653337,0.1328862075797887,0.3465320571653337,0.17872898533151996,
0.34960963345242824,0.34934497816593885,0.13531749615719293,0.34934497816593885,0.18141648334982624,
0.3477688561274187,0.3477688561274187,0.15788086837787463,0.3477688561274187,0.18001639552048354,
0.3397929386779931,0.33912928059463765,0.12928849808156945,0.33912928059463765,0.17283021869584764,
0.3372994652406417,0.32794117647058824,0.142950056348822,0.32794117647058824,0.18509947753054073,
0.3439852106166645,0.3437211144856728,0.11832873043943143,0.3437211144856728,0.17605062981423075,
0.3413284132841328,0.34027411702688454,0.12902368819606563,0.34027411702688454,0.17403891700464383,
0.3524848803576124,0.352353405206416,0.15232879415691233,0.352353405206416,0.1842591163534673,
0.3458079873049458,0.34475006612007403,0.15118557252940654,0.34475006612007403,0.1789187717875619,
0.34347425260107994,0.34347425260107994,0.11805229978698162,0.34347425260107994,0.1757122108245619,
0.3394701986754967,0.32609271523178807,0.1506286459404471,0.32609271523178807,0.1998368662288505,
0.3405008522354792,0.3403697390848302,0.1159265852332202,0.3403697390848302,0.17294858391768814,
0.34257294429708224,0.3421750663129973,0.1515111213194434,0.3421750663129973,0.1755832235009954,
0.34570826750921535,0.34557661927330174,0.13910729621002305,0.34557661927330174,0.17790541869509227,
0.3369968220338983,0.336864406779661,0.14713741465870223,0.336864406779661,0.1703769897957741,
0.3462508294625083,0.3462508294625083,0.11988963690347501,0.3462508294625083,0.1781089144455213,
0.34295168762409,0.34295168762409,0.18590204285570278,0.34295168762409,0.1756387208035708,
0.3441172586821603,0.34424930674765614,0.16510024879587828,0.34424930674765614,0.17754316581178572,
0.3412309728656519,0.3412309728656519,0.11643857684283926,0.3412309728656519,0.1736294183455345,
