Majority Class Accuracy,Accuracy,Precision,Recall,F Score,Support
0.012417437252311756,0.0178335535006605,0.0028631230699342767,0.0178335535006605,0.004265832885267804,
0.012073769404272256,0.01379859360488258,0.0029130089643010877,0.01379859360488258,0.003618443973828283,
0.015658174097664544,0.016719745222929936,0.00338225383227215,0.016719745222929936,0.004411321094432476,
0.010875331564986738,0.011405835543766578,0.0034446780884610957,0.011405835543766578,0.0033134002230344873,
0.009610321221695629,0.014218009478672985,0.0036453389092663685,0.014218009478672985,0.0033516642543843494,
0.015245923372663396,0.013920190905475275,0.0032937834337326373,0.013920190905475275,0.0043567201879362956,
0.013723937714436528,0.013591976774874637,0.004310947455063744,0.013591976774874637,0.004812556614791513,
0.01354906603525388,0.012496711391739017,0.0036654131263980433,0.012496711391739017,0.004129117871463536,
0.01107109510470855,0.01640656262505002,0.003746510438136805,0.01640656262505002,0.00469161639693009,
0.010622759261718231,0.012083388660204489,0.0028378354626754994,0.012083388660204489,0.0037767103258829773,
0.013266780507027454,0.013529489031919086,0.0033953293917370684,0.013529489031919086,0.0037181667600386797,
0.010534632604687911,0.013563339478535686,0.003957788548490409,0.013563339478535686,0.004594051860992372,
0.013299973663418488,0.012641559125625495,0.0034812889645194547,0.012641559125625495,0.004181036129446123,
0.013218770654329148,0.014144084600132188,0.010505860307325551,0.014144084600132188,0.005204728702421908,
0.011536931441453388,0.01564779207001724,0.003687133330200812,0.01564779207001724,0.004737689772795128,
0.010309278350515464,0.014538725878932065,0.005709454349061747,0.014538725878932065,0.005037753684934468,
0.010669125395152792,0.0136986301369863,0.0029091156277714233,0.0136986301369863,0.003936341390213836,
0.014099354328633549,0.016207668994597444,0.010314408987629097,0.016207668994597444,0.005461635853146934,
0.013133701076963489,0.013921723141581297,0.007843952459862585,0.013921723141581297,0.003925460784289395,
0.010974481026047865,0.013354488959407643,0.0038668177368751796,0.013354488959407643,0.00392133284176431,
0.012246510402949697,0.013563339478535686,0.009563473462165477,0.013563339478535686,0.004108390659460654,
0.011849287711356677,0.014911463187325256,0.008021818169370764,0.014911463187325256,0.005351532756092633,
0.014011896893588897,0.0170522141440846,0.005109688232863206,0.0170522141440846,0.005152200823721678,
0.012448682293735929,0.013773010197324858,0.00327551548552617,0.013773010197324858,0.003955363728164039,
0.013322780635800027,0.013718506793299038,0.0035460135523093083,0.013718506793299038,0.0037655979696670254,
0.012486855941114617,0.013406940063091483,0.0054572425503151695,0.013406940063091483,0.004677143509763356,
0.011770929771194287,0.01639994709694485,0.002732655456817415,0.01639994709694485,0.003909485544608666,
0.011711471919084376,0.013574660633484163,0.004718108450352127,0.013574660633484163,0.0045789274711057915,
0.01282051282051282,0.01655982905982906,0.003917325789909292,0.01655982905982906,0.0043951124640273335,
0.009233610341643583,0.013982324231631711,0.0032873049302439106,0.013982324231631711,0.004276852485824538,
