Majority Class Accuracy,Accuracy,Precision,Recall,F Score,Support
0.014736842105263158,0.013026315789473684,0.027146212831545925,0.013026315789473684,0.006633695621794576,
0.012282091917591125,0.016508188061278396,0.008037288202408423,0.016508188061278396,0.006393988185782313,
0.012435507342241038,0.011244873660537108,0.007439764488533941,0.011244873660537108,0.004855727158232478,
0.012049788135593221,0.013373940677966102,0.011135255269623117,0.013373940677966102,0.0051323348207229814,
0.013393449144675773,0.012597798700437608,0.00888645708211422,0.012597798700437608,0.005515989842504143,
0.012440444679724723,0.013763896241397565,0.005724682182126011,0.013763896241397565,0.005690552979545918,
0.012407602956705385,0.014255543822597676,0.010136461944273298,0.014255543822597676,0.006567288149555928,
0.012355415352260778,0.015115667718191377,0.009086392547738366,0.015115667718191377,0.005911692365858539,
0.013463569165786695,0.014915522703273495,0.009027184401028124,0.014915522703273495,0.006738833871621592,
0.012976694915254237,0.01694915254237288,0.022621008327318545,0.01694915254237288,0.008385714976519873,
0.012644889357218124,0.013040042149631191,0.006658393355711235,0.013040042149631191,0.00478958229653464,
0.014091926774660871,0.01646253127880943,0.023067483723767237,0.01646253127880943,0.0061103284532825946,
0.013552631578947368,0.010921052631578948,0.012010338745735618,0.010921052631578948,0.0058583993688729,
0.012078246028620192,0.014441381121176317,0.015181739373956442,0.014441381121176317,0.006991528196043171,
0.011446825502462399,0.015306801543990417,0.016069064595288417,0.015306801543990417,0.007510371148179075,
0.013791274366794854,0.013393449144675773,0.012106174218785392,0.013393449144675773,0.007168712704502307,
0.012016373960121484,0.011224085567146441,0.009128044945464504,0.011224085567146441,0.005505906467616877,
0.011324730050039505,0.013563339478535686,0.01270474723591337,0.013563339478535686,0.0065175986583646565,
0.012081060015588464,0.014679137438295662,0.011923213312144907,0.014679137438295662,0.006535137973866203,
0.01296982530439386,0.01296982530439386,0.008091371158549543,0.01296982530439386,0.005628934678161632,
0.012222665072406005,0.012222665072406005,0.007838618977162074,0.012222665072406005,0.005891173400043763,
0.010728476821192053,0.015231788079470199,0.014606200457527996,0.015231788079470199,0.006566574271430808,
0.012270748119804723,0.013986013986013986,0.008346752223772824,0.013986013986013986,0.005026533538217436,
0.011141696159391794,0.01127277493773758,0.010489280537884144,0.01127277493773758,0.006021102403042464,
0.011309836927932667,0.013150973172014729,0.018191175656198655,0.013150973172014729,0.0054790117296350345,
0.01080653663679494,0.01489193463363205,0.007889617428605875,0.01489193463363205,0.005896180505014296,
0.012791771066860082,0.01424238428062772,0.013636281011135846,0.01424238428062772,0.006984474542411293,
0.011099503786889528,0.01149125097936798,0.006957241796933242,0.01149125097936798,0.0051813615214284575,
0.013058963197467353,0.012927054478301015,0.011085930394717397,0.012927054478301015,0.00621396612917429,
0.012808662353096528,0.014789383335534135,0.008306025826447513,0.014789383335534135,0.00576580850889336,
