Majority Class Accuracy,Accuracy,Precision,Recall,F Score,Support
0.018920349298756283,0.02381582429214078,0.005518809588378478,0.02381582429214078,0.006025469427697523,
0.018880468022869298,0.02512963701635421,0.0052323730054262794,0.02512963701635421,0.007070693732005306,
0.018865435356200527,0.021372031662269128,0.005247346394055677,0.021372031662269128,0.006673045215270771,
0.01784776902887139,0.020341207349081365,0.007490100099390002,0.020341207349081365,0.00810148125305084,
0.017218717139852787,0.022476340694006308,0.00793368693135894,0.022476340694006308,0.006305839626095269,
0.016285789335434727,0.020357236669293406,0.00835415520391071,0.020357236669293406,0.00699136000889237,
0.019095610661715952,0.022543429253414668,0.008622904991774049,0.022543429253414668,0.008672720188372538,
0.018457044217235426,0.0252290532465808,0.006381391629530289,0.0252290532465808,0.00728728244530432,
0.014927344782034346,0.022060766182298547,0.005395630014528321,0.022060766182298547,0.007475793251535564,
0.01754154576628858,0.01899235030335004,0.005630869728802564,0.01899235030335004,0.0072862967911872766,
0.017958536907434305,0.023768651789251288,0.0066407004477555005,0.023768651789251288,0.007759710517704065,
0.023721665788086453,0.02438060094886663,0.01017290436850899,0.02438060094886663,0.007177847933934711,
0.018004994085950847,0.023524773294782496,0.006413580000380234,0.023524773294782496,0.007935988724760468,
0.019507051535521288,0.025174640833003824,0.005833912731035885,0.025174640833003824,0.008533306373775104,
0.020443154840411502,0.024004220522289635,0.01359531129720237,0.024004220522289635,0.008789757170471396,
0.01899986805647183,0.02137485156353081,0.006128893069050273,0.02137485156353081,0.007820039374322255,
0.015629139072847683,0.021059602649006623,0.0055452442446318325,0.021059602649006623,0.007060073292352273,
0.020028989326657004,0.022664382659111873,0.004567765728505697,0.022664382659111873,0.005996511167195133,
0.021561924796213515,0.01998422298185643,0.00966256094138129,0.01998422298185643,0.00833508943727778,
0.018116900290928325,0.02181962443797937,0.008604371881640009,0.02181962443797937,0.00948239899632426,
0.01996826236445385,0.022613065326633167,0.005254319480547156,0.022613065326633167,0.007500908591198969,
0.01750691062261419,0.022772146900092143,0.009208334584415615,0.022772146900092143,0.007172927532868116,
0.019628507443024634,0.024634435515742327,0.021081198833249683,0.024634435515742327,0.009669314813267002,
0.01664025356576862,0.021394611727416798,0.007033193649733522,0.021394611727416798,0.006596564431090611,
0.01758358865059278,0.020247768749167443,0.004570604102463764,0.020247768749167443,0.006300446797645938,
0.018261214767764985,0.02143707820563716,0.004345756025078766,0.02143707820563716,0.006088279547857133,
0.018599129402453504,0.021105395066613904,0.006480474909094802,0.021105395066613904,0.007261094503699403,
0.01891034117958212,0.023935466807722825,0.01711422648770456,0.023935466807722825,0.008376074456833115,
0.01913686155470503,0.022964233865646035,0.007218088047649493,0.022964233865646035,0.0064093565807854915,
0.021392505979271857,0.020861015147488705,0.00587188612014258,0.020861015147488705,0.006625020896847173,
