Majority Class Accuracy,Accuracy,Precision,Recall,F Score,Support
0.04891015417331207,0.05422647527910686,0.05419601762445154,0.05422647527910686,0.033650646531740686,
0.05076882290562036,0.05699893955461294,0.056767572866054834,0.05699893955461294,0.03548442515788882,
0.05010548523206751,0.056302742616033755,0.05068759218133079,0.056302742616033755,0.03677447141124389,
0.05118684524598859,0.042832515581487866,0.04386785367292899,0.042832515581487866,0.02700650072750512,
0.05101084482527782,0.05542910697549873,0.05541069132112437,0.05542910697549873,0.036645543830099096,
0.04585468400998555,0.0607016160819866,0.05115726295074068,0.0607016160819866,0.037775237592118587,
0.05038708830862092,0.054454795958535626,0.04879059775915961,0.054454795958535626,0.032602517101126,
0.0498618602815419,0.048546243915274304,0.049413379782650826,0.048546243915274304,0.02578287931359139,
0.05031779661016949,0.05402542372881356,0.047691278130261805,0.05402542372881356,0.03306293143296291,
0.049102428722280884,0.04791446673706441,0.059695077324903464,0.04791446673706441,0.03207009897214466,
0.0457885069535555,0.054710049855680926,0.033968946361682247,0.054710049855680926,0.029077655079515444,
0.04865220249835635,0.05285996055226824,0.051503012059649064,0.05285996055226824,0.028287396930247146,
0.05011777021722062,0.05090290499869144,0.04860303386439918,0.05090290499869144,0.02922322529777154,
0.0486193684766812,0.050865371911745276,0.04916318014864983,0.050865371911745276,0.029527790093287647,
0.0509302018735981,0.0567357171130756,0.05730202191090423,0.0567357171130756,0.03850935348184944,
0.04648705758055996,0.049392498679344955,0.05917159836231891,0.049392498679344955,0.02957382472138515,
0.04982817869415808,0.0556436690457309,0.04900591682737375,0.0556436690457309,0.032357073899369364,
0.051891174518911745,0.048573324485733246,0.05324350615858833,0.048573324485733246,0.02594770738272269,
0.05147155866437904,0.05226342879767718,0.048304288035601134,0.05226342879767718,0.02926164098967245,
0.04891304347826087,0.04732237539766702,0.0533957656645386,0.04732237539766702,0.03027854868471878,
0.04891518737672584,0.048126232741617356,0.05021485452944644,0.048126232741617356,0.024698314166651456,
0.05033025099075297,0.05376486129458388,0.050192826863934524,0.05376486129458388,0.028816958976512444,
0.04757487410548635,0.05380333951762523,0.05218052410110359,0.05380333951762523,0.033260793228053906,
0.050013196093956186,0.05344418052256532,0.047186142108195946,0.05344418052256532,0.03085778156652124,
0.05023796932839767,0.04693283976731888,0.05160258170241922,0.04693283976731888,0.031370529792226126,
0.04696750427575319,0.05091435337455598,0.054714756081240074,0.05091435337455598,0.03144449660088919,
0.05045021186440678,0.0491260593220339,0.04618569402611089,0.0491260593220339,0.029559817724071687,
0.05224176696204206,0.05250628223779923,0.04910468480691168,0.05250628223779923,0.033054558527168876,
0.05111905707853265,0.052973116143557146,0.05113650097157862,0.052973116143557146,0.03331768588618598,
0.055039787798408485,0.059416445623342175,0.06276016082199153,0.059416445623342175,0.03770659398255418,
