Majority Class Accuracy,Accuracy,Precision,Recall,F Score,Support
0.02694136291600634,0.024828314844162706,0.01832459922268889,0.024828314844162706,0.01148127708892339,
0.02638592750533049,0.023054371002132198,0.02135474127448236,0.023054371002132198,0.011139927471983972,
0.02427120432660599,0.02598601767576837,0.01700915574614552,0.02598601767576837,0.011620325474811401,
0.023900699854747128,0.024825036313218012,0.01930682239551814,0.024825036313218012,0.01235858615413282,
0.02374356944994064,0.030866640284922833,0.03115718857090266,0.030866640284922833,0.016573079887408318,
0.026635021097046414,0.02267932489451477,0.021757960517056356,0.02267932489451477,0.012760172109972668,
0.02459016393442623,0.026705446853516657,0.018899879199249608,0.026705446853516657,0.011766556956418341,
0.026113467656415694,0.02849946977730647,0.019485352820895644,0.02849946977730647,0.012476124714723053,
0.02667018748349617,0.029178769474518088,0.016263964142697058,0.029178769474518088,0.012588569960752994,
0.024571656262451853,0.02722805153406827,0.03169672737047327,0.02722805153406827,0.01199046646407334,
0.02711198428290766,0.026719056974459726,0.02769061731973168,0.026719056974459726,0.011689649269712997,
0.02733604941516625,0.02641608621369431,0.029476003462626358,0.02641608621369431,0.013117243696692225,
0.02700198544010589,0.028457974851091992,0.026706369530203528,0.028457974851091992,0.013862223646023537,
0.02396716101694915,0.028734110169491525,0.031043006560163264,0.028734110169491525,0.013652100456814765,
0.026049973418394472,0.025518341307814992,0.017900632797792207,0.025518341307814992,0.011211627407792564,
0.02619047619047619,0.025793650793650792,0.020163701979438096,0.025793650793650792,0.011048797999932091,
0.023409601904509986,0.02698055812723185,0.024984206108230843,0.02698055812723185,0.01021148770387417,
0.02728838256722745,0.0254338322956683,0.026884843086647844,0.0254338322956683,0.013530276310230755,
0.02468972801689992,0.027198310007921837,0.023367566808358702,0.027198310007921837,0.012427663663216626,
0.024284589131005514,0.027960094512995536,0.03607633125451334,0.027960094512995536,0.01554995724037348,
0.029661016949152543,0.024364406779661018,0.03412419947145947,0.024364406779661018,0.011703098081422263,
0.024681528662420384,0.029723991507430998,0.02233841069088288,0.029723991507430998,0.012846504235152762,
0.025049701789264415,0.028495692511597084,0.023523421490193656,0.028495692511597084,0.013865712127984984,
0.02146996838777661,0.029768177028451002,0.02114861148843753,0.029768177028451002,0.012682798651226167,
0.022422109242602007,0.02568113674879416,0.019296789268968488,0.02568113674879416,0.01211701257723919,
0.02666489785088883,0.02600159193420005,0.021290682333024794,0.02600159193420005,0.010908024964804157,
0.0239884012126005,0.0276789244760775,0.025741468569839148,0.0276789244760775,0.013652034077945402,
0.024838155634826265,0.02285638789800502,0.027087642170715794,0.02285638789800502,0.010426985954527984,
0.024500665778961386,0.027430093209054592,0.033476032232902145,0.027430093209054592,0.012915452643369376,
0.02602721627691901,0.023781212841854936,0.043005633793578024,0.023781212841854936,0.015549737703604509,
