Majority Class Accuracy,Accuracy,Precision,Recall,F Score,Support
0.33824701195219126,0.33824701195219126,0.1144110410945858,0.33824701195219126,0.17098643235927977,
0.3486676388704759,0.3486676388704759,0.12156912239551261,0.3486676388704759,0.1802803283651532,
0.3397647680718911,0.3397647680718911,0.11544009762294595,0.3397647680718911,0.1723289048555597,
0.35369859414006044,0.35369859414006044,0.1251026954966552,0.35369859414006044,0.18483094543823017,
0.3411140583554377,0.3411140583554377,0.11635880080771695,0.3411140583554377,0.17352558506530574,
0.33665338645418325,0.33665338645418325,0.11333550261106966,0.33665338645418325,0.16958099049405953,
0.35527359238699446,0.35527359238699446,0.1262193254475603,0.35527359238699446,0.18626397822044885,
0.3405155320555188,0.3405155320555188,0.11595082757105307,0.3405155320555188,0.17299438133813558,
0.3404255319148936,0.3404255319148936,0.11588954277953825,0.3404255319148936,0.17291455589327928,
0.3390076537344946,0.3390076537344946,0.11492618929056699,0.3390076537344946,0.1716587488802437,
0.34979640089320896,0.34979640089320896,0.12235752207784256,0.34979640089320896,0.18129774534422258,
0.34943106641968774,0.34943106641968774,0.12210207017920023,0.34943106641968774,0.18096822167161392,
0.35305089261923794,0.35305089261923794,0.12464493277924069,0.35305089261923794,0.18424278563233173,
0.348386239872493,0.348386239872493,0.12137297213249425,0.348386239872493,0.1800270108718576,
0.34708130188430625,0.34708130188430625,0.12046543011770493,0.34708130188430625,0.17885398594605548,
0.33417052214144083,0.33417052214144083,0.11166993786828319,0.33417052214144083,0.1673997978744798,
0.33773959021810973,0.33773959021810973,0.11406803080069668,0.33773959021810973,0.17053846897376884,
0.34121844852649663,0.34121844852649663,0.11643002961482943,0.34121844852649663,0.17361829423498162,
0.3440415889096241,0.3440415889096241,0.11836461489945879,0.3440415889096241,0.17613236952806505,
0.34569204380525137,0.34569204380525137,0.11950298915025183,0.34569204380525137,0.17760822723203423,
0.33773881182936405,0.33773881182936405,0.11406750501591058,0.33773881182936405,0.17053778212493176,
0.3361707700366684,0.3361707700366684,0.11301078662704658,0.3361707700366684,0.16915620242754636,
0.3482025715035424,0.3482025715035424,0.12124503080167955,0.3482025715035424,0.17986174090509957,
0.34157244280830923,0.34157244280830923,0.11667173368603567,0.34157244280830923,0.17393281192002888,
0.34094810511026014,0.34094810511026014,0.11624561037827699,0.34094810511026014,0.1733782387778812,
0.33191489361702126,0.33191489361702126,0.11016749660479855,0.33191489361702126,0.1654272313234994,
0.3467263865103412,0.3467263865103412,0.12021918710251853,0.3467263865103412,0.1785354297750598,
0.34586962259171283,0.34586962259171283,0.11962579583173387,0.34586962259171283,0.1777672871483242,
0.3393843725335438,0.3393843725335438,0.11518175231998724,0.3393843725335438,0.17199208036467156,
0.34192780642602144,0.34192780642602144,0.11691462480731078,0.34192780642602144,0.1742487550335385,
