Majority Class Accuracy,Accuracy,Precision,Recall,F Score,Support
0.20018671645772207,0.20018671645772207,0.04007472144612441,0.20018671645772207,0.06678081151306607,
0.19776315789473684,0.19776315789473684,0.039110266620498615,0.19776315789473684,0.06530550946188937,
0.20822351080653664,0.20822351080653664,0.04335703045259988,0.20822351080653664,0.07176988374221813,
0.19712931261522254,0.19712931261522254,0.03885996589215014,0.19712931261522254,0.06492191859751142,
0.19605522682445758,0.19605522682445758,0.038437651965189515,0.19605522682445758,0.0642740420394165,
0.2008722082727633,0.2008722082727633,0.0403496440563764,0.2008722082727633,0.06720056268836805,
0.1961741424802111,0.1961741424802111,0.038484294177846164,0.1961741424802111,0.0643456379989134,
0.19273301737756715,0.19273301737756715,0.037146015987461596,0.19273301737756715,0.06228722680811441,
0.19171394643092757,0.19171394643092757,0.036754237256120564,0.19171394643092757,0.061682985864512346,
0.2007093130172074,0.2007093130172074,0.040284228331839346,0.2007093130172074,0.06710071770928627,
0.19666048237476808,0.19666048237476808,0.03867534532787646,0.19666048237476808,0.06463879420690052,
0.2021893959377473,0.2021893959377473,0.04088055182967114,0.2021893959377473,0.06801016872683853,
0.1967018469656992,0.1967018469656992,0.03869161659971734,0.1967018469656992,0.06466375346176993,
0.18750818384182272,0.18750818384182272,0.035159319007658785,0.18750818384182272,0.05921528707938915,
0.2049082992479219,0.2049082992479219,0.04198741110067591,0.2049082992479219,0.06969395285414427,
0.19669949427734895,0.19669949427734895,0.03869069104896483,0.19669949427734895,0.06466233375042743,
0.20508764992750758,0.20508764992750758,0.0420609441527879,0.20508764992750758,0.06980561813129209,
0.19608100999473962,0.19608100999473962,0.03844776248055718,0.19608100999473962,0.0642895625953066,
0.1876157713680868,0.1876157713680868,0.03519967766604221,0.1876157713680868,0.05927788854722529,
0.19831730769230768,0.19831730769230768,0.039329754530325445,0.19831730769230768,0.06564163644780495,
0.1976651631732555,0.1976651631732555,0.03907151673230973,0.1976651631732555,0.06524614380331208,
0.19141870350690754,0.19141870350690754,0.03664112005226538,0.19141870350690754,0.061508384826280245,
0.20234333859926276,0.20234333859926276,0.040942826675495904,0.20234333859926276,0.06810505013184429,
0.20504357010826513,0.20504357010826513,0.04204286564274304,0.20504357010826513,0.06977816684083175,
0.20042502324345862,0.20042502324345862,0.04017018994214093,0.20042502324345862,0.06692661209877829,
0.19644279267321477,0.19644279267321477,0.03858977079325164,0.19644279267321477,0.06450750680194317,
0.20609177215189872,0.20609177215189872,0.04247381854871014,0.20609177215189872,0.07043215040415823,
0.20322279930749768,0.20322279930749768,0.04129950615837548,0.20322279930749768,0.06864814427077841,
0.19934340118187788,0.19934340118187788,0.039737791594759105,0.19934340118187788,0.0662659110903516,
0.1924663915879143,0.1924663915879143,0.037043311890872364,0.1924663915879143,0.06212889881373459,
