Majority Class Accuracy,Accuracy,Precision,Recall,F Score,Support
0.022292573539110936,0.024403113045772324,0.01900071251273426,0.024403113045772324,0.011329596586613507,
0.026246023329798515,0.029029692470837754,0.022857606970702306,0.029029692470837754,0.015257857642180487,
0.019085487077534793,0.026640159045725646,0.02280060506799934,0.026640159045725646,0.012010538059216282,
0.02252732604638763,0.028392428685683816,0.01872081272434241,0.028392428685683816,0.015182343835391297,
0.01933193056286165,0.025907417148869016,0.018224958846992406,0.025907417148869016,0.012834784844034072,
0.022301871764237355,0.026417098101685917,0.01766985832638248,0.026417098101685917,0.013223479344781942,
0.02534138655462185,0.02652310924369748,0.02744017593444323,0.02652310924369748,0.013482825456967957,
0.023643767240246947,0.024694601339813476,0.027742323127910966,0.024694601339813476,0.01399673463238324,
0.022416766149356677,0.027457222443294866,0.023249140542900663,0.027457222443294866,0.013424551294819887,
0.024406332453825858,0.026253298153034302,0.01799289058673675,0.026253298153034302,0.012781420422791515,
0.021463804826023197,0.027329689374750034,0.02212518262794181,0.027329689374750034,0.012462044659515517,
0.022014236751911415,0.028078038491958873,0.026525961188842914,0.028078038491958873,0.014708642722519368,
0.021392505979271857,0.030029231995748074,0.024534560661798866,0.030029231995748074,0.015409895272036385,
0.02300531914893617,0.026595744680851064,0.019723688134069738,0.026595744680851064,0.014491518405081252,
0.024880889359449446,0.025542615140285864,0.018124299652223595,0.025542615140285864,0.01321383595436294,
0.021013432637318794,0.02487032850113047,0.024940472665957086,0.02487032850113047,0.014392911457060849,
0.023068810967571844,0.02135512786712365,0.02300475818890155,0.02135512786712365,0.01257950107996042,
0.023335530652603822,0.025313117996044826,0.017478926794314648,0.025313117996044826,0.013115134125870143,
0.021307764016513516,0.03076308429884139,0.018764959628248354,0.03076308429884139,0.01433288466015399,
0.020203354020863595,0.025221180509705534,0.023190622155603302,0.025221180509705534,0.014313339927074942,
0.025502114164904863,0.02748414376321353,0.018287372756945888,0.02748414376321353,0.0144748401494287,
0.022592152199762187,0.024573919936583432,0.013644088437467826,0.024573919936583432,0.01116594286295167,
0.02175363672761244,0.028960363005471775,0.016377787650778335,0.028960363005471775,0.01338722715200402,
0.0215311004784689,0.03083466241360978,0.02270099078261322,0.03083466241360978,0.015707685175434805,
0.021130480718436345,0.027205493924986793,0.016228612420549345,0.027205493924986793,0.01421078136703765,
0.0225,0.02894736842105263,0.01899165432484618,0.02894736842105263,0.012558190422693682,
0.024112347641759405,0.027689454160042395,0.02409152158509141,0.027689454160042395,0.014479690625180477,
0.021481286241433844,0.027016341591987347,0.018605530999642482,0.027016341591987347,0.013253531403163304,
0.02162516382699869,0.02870249017038008,0.026311703376362915,0.02870249017038008,0.01601992532748028,
0.022760163136429416,0.025917642415471648,0.02402291528434606,0.025917642415471648,0.013666317566916983,
