Majority Class Accuracy,Accuracy,Precision,Recall,F Score,Support
0.5572478991596639,0.5572478991596639,0.3105252211178589,0.5572478991596639,0.3988128303597999,
0.5423127463863338,0.5423127463863338,0.29410311489308794,0.5423127463863338,0.38137934810196805,
0.5598582305066947,0.5598582305066947,0.3134412382660873,0.5598582305066947,0.4018842637568043,
0.5550567731713758,0.5550567731713758,0.3080880214434201,0.5550567731713758,0.3962402231979052,
0.5525694808599895,0.5525694808599895,0.3053330311778783,0.5525694808599895,0.39332607647130896,
0.5408365219685974,0.5408365219685974,0.29250414349508913,0.5408365219685974,0.3796692761687414,
0.5483190507580752,0.5483190507580752,0.3006537814242366,0.5483190507580752,0.3883615347586571,
0.5480053191489361,0.5480053191489361,0.3003098298155274,0.5480053191489361,0.387995862934931,
0.5468996321597478,0.5468996321597478,0.2990992076564674,0.5468996321597478,0.3867079692027227,
0.5604918683062277,0.5604918683062277,0.31415113443740567,0.5604918683062277,0.4026309150567868,
0.559994708294748,0.559994708294748,0.3135940733181199,0.559994708294748,0.4020450475257239,
0.5435187649720522,0.5435187649720522,0.2954126478767449,0.5435187649720522,0.38277817488288685,
0.5424378635642517,0.5424378635642517,0.29423883582814975,0.5424378635642517,0.3815243943094411,
0.5429286278641032,0.5429286278641032,0.2947714949543979,0.5429286278641032,0.38209349367307294,
0.5476918983637089,0.5476918983637089,0.29996641553324327,0.5476918983637089,0.3876306593713924,
0.5579044117647058,0.5579044117647058,0.31125733266652245,0.5579044117647058,0.3995846347388513,
0.5432115054756564,0.5432115054756564,0.29507873968112913,0.5432115054756564,0.3824216429622567,
0.5474297827239004,0.5474297827239004,0.2996793670131368,0.5474297827239004,0.3873253188724583,
0.5478364430329495,0.5478364430329495,0.3001247683149942,0.5478364430329495,0.38779907226748933,
0.5526315789473685,0.5526315789473685,0.3054016620498615,0.5526315789473685,0.39339875111507583,
0.5525065963060686,0.5525065963060686,0.30526353896171704,0.5525065963060686,0.3932524856100978,
0.542807992589652,0.542807992589652,0.29464051681920767,0.542807992589652,0.38195357845488503,
0.5612937574870225,0.5612937574870225,0.31505068219390037,0.5612937574870225,0.4035764322800978,
0.5463672391017173,0.5463672391017173,0.2985171599636331,0.5463672391017173,0.3860883138432774,
0.5643893993874017,0.5643893993874017,0.3185353941408721,0.5643893993874017,0.40723287215524107,
0.5374917053749171,0.5374917053749171,0.28889733334683665,0.5374917053749171,0.37580343664538873,
0.5551883674818242,0.5551883674818242,0.3082341233871331,0.5551883674818242,0.39639458451740955,
0.5561887092499337,0.5561887092499337,0.3093458802971073,0.5561887092499337,0.39756859622276625,
0.54539456320929,0.54539456320929,0.29745522957825227,0.54539456320929,0.38495700277414324,
0.5506958250497018,0.5506958250497018,0.3032658917271718,0.5506958250497018,0.39113523984299337,
