Majority Class Accuracy,Accuracy,Precision,Recall,F Score,Support
0.01820580474934037,0.015963060686015832,0.019377642907611653,0.015963060686015832,0.006202915425599216,
0.016310160427807488,0.016176470588235296,0.01746069419815243,0.016176470588235296,0.006432665210925101,
0.01629863301787592,0.015509989484752892,0.023414785262101973,0.015509989484752892,0.0072270655266493174,
0.016893229510360302,0.017421142932559062,0.00849499847140717,0.017421142932559062,0.006494370288446918,
0.019324950363997354,0.018927862342819325,0.016159720274161415,0.018927862342819325,0.007545617340225729,
0.01853086255165978,0.01626449806692441,0.0094392864523238,0.01626449806692441,0.006223562990963412,
0.01767343708783962,0.016090741229227115,0.015596433559702695,0.016090741229227115,0.007016360652507063,
0.017191219254165564,0.0166622586617297,0.02220423376766035,0.0166622586617297,0.005664642675254608,
0.017130056660956648,0.01726182632757939,0.012193081577113855,0.01726182632757939,0.007848822269669872,
0.015904572564612324,0.018820410868124585,0.01887741577443056,0.018820410868124585,0.007770950195551563,
0.015682656826568265,0.017659462308908802,0.03936728380997357,0.017659462308908802,0.00755460355175876,
0.02206461780929866,0.014972419227738377,0.012382791429988169,0.014972419227738377,0.0069034799905013326,
0.016600265604249667,0.019123505976095617,0.014563769856381492,0.019123505976095617,0.00704435109932067,
0.015787396395211158,0.014998026575450598,0.009552087509966044,0.014998026575450598,0.0062089885000277956,
0.019103210400636773,0.01923587158397453,0.01543474006374928,0.01923587158397453,0.007944970924821175,
0.015159574468085106,0.017287234042553192,0.02361098489104412,0.017287234042553192,0.007402874109388959,
0.016441262264651285,0.01843012463537523,0.012407636004821037,0.01843012463537523,0.008262973872396264,
0.022160297239915073,0.020567940552016984,0.014981742582023862,0.020567940552016984,0.00834088273001269,
0.017956903431763767,0.017690875232774673,0.01656428065288114,0.017690875232774673,0.008539850029192185,
0.021095926761310866,0.017911635929414887,0.011287371080261793,0.017911635929414887,0.007150162016667008,
0.019923472753661433,0.01781237630294234,0.02127003556805746,0.01781237630294234,0.007423201108419577,
0.014614878209348255,0.0173798551678736,0.02326368647286064,0.0173798551678736,0.0077569832273718,
0.01928920597172678,0.01717532038578412,0.007762084356583023,0.01717532038578412,0.005890198002630977,
0.0166380562524759,0.017562392710946784,0.02323477571698168,0.017562392710946784,0.00794817020786984,
0.017909259750596974,0.014990713717166357,0.01955637980006617,0.014990713717166357,0.006496878586714029,
0.016994158258098777,0.01725969198088157,0.01205240358300161,0.01725969198088157,0.0054570576138681815,
0.018496498876998283,0.015193552648962876,0.009438257625028102,0.015193552648962876,0.005266769693504379,
0.018820742300605424,0.018294287970518557,0.022118712888560887,0.018294287970518557,0.007817350439203154,
0.01649511744523621,0.019002375296912115,0.01728332340907935,0.019002375296912115,0.008698606037927109,
0.019248639320323908,0.017921146953405017,0.015025183129483595,0.017921146953405017,0.0082827823895287,
