Majority Class Accuracy,Accuracy,Precision,Recall,F Score,Support
0.016005291005291005,0.01746031746031746,0.010910471945414089,0.01746031746031746,0.007589467970165505,
0.017899447222953408,0.017241379310344827,0.007483045167094994,0.017241379310344827,0.006668574676100574,
0.020394736842105264,0.02026315789473684,0.015274652542654218,0.02026315789473684,0.00942143700989616,
0.018121693121693122,0.019576719576719578,0.03133823003877278,0.019576719576719578,0.011783143071835579,
0.017880794701986755,0.018278145695364238,0.014615878900633612,0.018278145695364238,0.008862432226321703,
0.019416193369436004,0.020604939902258618,0.022684816451379763,0.020604939902258618,0.010155413986829096,
0.016822184255486924,0.019450650545406754,0.013832366259969432,0.019450650545406754,0.00835215529699557,
0.015413234121711401,0.022189742226946585,0.012371021656934452,0.022189742226946585,0.008904623056574735,
0.017456359102244388,0.018243864024150153,0.023475744691203376,0.018243864024150153,0.009979773504727472,
0.018915343915343916,0.02023809523809524,0.016553154082739746,0.02023809523809524,0.010166097926645622,
0.016824395373291272,0.017350157728706624,0.015251466609952427,0.017350157728706624,0.008930897831488527,
0.016482067510548523,0.019119198312236286,0.013368793238001503,0.019119198312236286,0.00963982857047336,
0.01455604075691412,0.02143707820563716,0.02562807636488297,0.02143707820563716,0.012302881986697689,
0.018670550847457626,0.017346398305084745,0.014974102776559493,0.017346398305084745,0.008423029971193265,
0.0177061310782241,0.022330866807610993,0.017168855147672833,0.022330866807610993,0.009201768198375591,
0.018963002254342925,0.016973876143747513,0.010650177340231803,0.016973876143747513,0.007953985609353812,
0.018466852663743854,0.020193968380496877,0.02197136469178351,0.020193968380496877,0.010619264204428512,
0.01428382489088745,0.017590265837852136,0.009239320221590894,0.017590265837852136,0.007648731967789517,
0.019371102560700543,0.02136128433063553,0.024072787918807036,0.02136128433063553,0.011711064160882103,
0.019276472141536837,0.022049115394771588,0.020492023648011934,0.022049115394771588,0.010733744378051059,
0.020367936925098553,0.020630749014454663,0.02416375035173591,0.020630749014454663,0.010778736602716549,
0.018396846254927726,0.02102496714848883,0.020241291410855622,0.02102496714848883,0.009308123392166986,
0.018830393846969898,0.02188038721654953,0.030065934463335383,0.02188038721654953,0.010240215951041003,
0.015421430470619515,0.018346184525392183,0.013268157056813026,0.018346184525392183,0.009125090084830844,
0.016611295681063124,0.0212624584717608,0.014560124773497257,0.0212624584717608,0.010152539635725747,
0.020202020202020204,0.020202020202020204,0.020232868153996095,0.020202020202020204,0.009930193330671749,
0.016973876143747513,0.022543429253414668,0.018880872931993455,0.022543429253414668,0.01170527329358562,
0.020690564048497628,0.01739588824459673,0.016500340934940082,0.01739588824459673,0.009445247986144836,
0.01801446416831032,0.021301775147928994,0.02112015512254952,0.021301775147928994,0.009744850942486966,
0.017090620031796504,0.018945416004239532,0.028349610489657853,0.018945416004239532,0.00897006996468023,
