Majority Class Accuracy,Accuracy,Precision,Recall,F Score,Support
0.20477189302569482,0.20477189302569482,0.041931528173326606,0.20477189302569482,0.06960907440829929,
0.21038720761199947,0.21038720761199947,0.044262777126774566,0.21038720761199947,0.0731382103981446,
0.20595991561181434,0.20595991561181434,0.04241948683882569,0.20595991561181434,0.07034974594044478,
0.2054794520547945,0.2054794520547945,0.0422218052167386,0.2054794520547945,0.07004981320049812,
0.20492234798631218,0.20492234798631218,0.041993168704223226,0.20492234798631218,0.06970269706492367,
0.2091554853985793,0.2091554853985793,0.043746017072315325,0.2091554853985793,0.07235796818619258,
0.20827840759293434,0.20827840759293434,0.04337989506944849,0.20827840759293434,0.07180446956073233,
0.20534179558376306,0.20534179558376306,0.042165253013563934,0.20534179558376306,0.06996397730179553,
0.2112806901128069,0.2112806901128069,0.04463953001454394,0.2112806901128069,0.07370633475612766,
0.21272131147540985,0.21272131147540985,0.045250356355818325,0.21272131147540985,0.07462614192994804,
0.20410296615706258,0.20410296615706258,0.04165802079411104,0.20410296615706258,0.06919345266138509,
0.20490066225165562,0.20490066225165562,0.041984281391167055,0.20490066225165562,0.0696891996269784,
0.2075098814229249,0.2075098814229249,0.04306035088815635,0.2075098814229249,0.07132090850869759,
0.19438956934018176,0.19438956934018176,0.03778730466826133,0.19438956934018176,0.0632746729178759,
0.20804749340369394,0.20804749340369394,0.04328375951156007,0.20804749340369394,0.07165903616853234,
0.21340015826958586,0.21340015826958586,0.04553962754948429,0.21340015826958586,0.07506118610438912,
0.20791688584955287,0.20791688584955287,0.043229431421376,0.20791688584955287,0.07157683103497944,
0.20667370087048273,0.20667370087048273,0.042714018631501774,0.20667370087048273,0.07079630326025715,
0.208382916831945,0.208382916831945,0.04342344002738931,0.208382916831945,0.07187033087365036,
0.20954384119889574,0.20954384119889574,0.043908621384388044,0.20954384119889574,0.072603604580163,
0.2107133456172677,0.2107133456172677,0.04440011402122211,0.2107133456172677,0.0733453780483195,
0.19699168755772528,0.19699168755772528,0.03881084580676747,0.19699168755772528,0.0648459022210746,
0.21616987602215773,0.21616987602215773,0.04672941529943505,0.21616987602215773,0.076846855395362,
0.2084107190236137,0.2084107190236137,0.04343502780393965,0.2084107190236137,0.07188785587574861,
0.1982460802551156,0.19519000797236247,0.059147539059522344,0.19519000797236247,0.0859582098707928,
0.20253331574086292,0.20253331574086292,0.04101974398498807,0.20253331574086292,0.06822221629629681,
0.20696909927679158,0.20696909927679158,0.042836208055446405,0.20696909927679158,0.07098144945237388,
0.20677786603124174,0.20677786603124174,0.042757085880434156,0.20677786603124174,0.07086156795541895,
0.20991910887150245,0.20991910887150245,0.0440660322694057,0.20991910887150245,0.07284128657246568,
0.21193714512082398,0.21193714512082398,0.044917353481965204,0.21193714512082398,0.0741248895007458,
