Majority Class Accuracy,Accuracy,Precision,Recall,F Score,Support
0.32037815126050423,0.32050945378151263,0.1302270562283954,0.32050945378151263,0.1567469217581584,
0.31411609498680737,0.31358839050131926,0.10795667164097232,0.31358839050131926,0.15036872771032678,
0.3219933554817276,0.3219933554817276,0.13610152637439998,0.3219933554817276,0.15824221841502953,
0.3067986798679868,0.3064026402640264,0.11201242394981854,0.3064026402640264,0.14452727266707469,
0.3101383714741884,0.3088078765300692,0.10565683483869784,0.3088078765300692,0.14713087096374902,
0.3149367755532139,0.3148050579557429,0.13136976273701856,0.3148050579557429,0.15216428824960926,
0.3156847133757962,0.31595010615711255,0.14222558851765865,0.31595010615711255,0.1521402742875252,
0.31231073074391047,0.31125740618828174,0.11506899746361021,0.31125740618828174,0.148825725631475,
0.32292078555423753,0.32278898115197047,0.12526499357944207,0.32278898115197047,0.1588576686368733,
0.31011739876005806,0.30932594644506,0.12871154060292656,0.30932594644506,0.14965499689019396,
0.3151121135730397,0.31471407721905265,0.11741570897573059,0.31471407721905265,0.15181590920372182,
0.3254673206946838,0.3245393079676521,0.14211562649043924,0.3245393079676521,0.16285817110302814,
0.31109047492703634,0.30074290262669146,0.1246846854914821,0.30074290262669146,0.15811696382571094,
0.31682119205298015,0.30993377483443707,0.12508502680116956,0.30993377483443707,0.16666154541927217,
0.30176415970287834,0.301233585356148,0.10488646697083179,0.301233585356148,0.1404271274277908,
0.31480258814208373,0.31401029974910866,0.09907365730570077,0.31401029974910866,0.15062385404464285,
0.2975488268449338,0.24904967885699306,0.12084122160406047,0.24904967885699306,0.1425778557269905,
0.31795891318754144,0.3172962226640159,0.11810982301306948,0.3172962226640159,0.1541284520128383,
0.31211960836200053,0.3117226779571315,0.13346475917411751,0.3117226779571315,0.15073659006440385,
0.31763766959297685,0.31737164139398777,0.14254735875099206,0.31737164139398777,0.1544980880730643,
0.3152389778895803,0.31497418244406195,0.11370468737183204,0.31497418244406195,0.15176077592661408,
0.3151176705225369,0.3151176705225369,0.12696946929161235,0.3151176705225369,0.15219776709328525,
0.30928242264647793,0.2992758393680053,0.12910100348471573,0.2992758393680053,0.17462164774102354,
0.3224914406110087,0.3080063207795628,0.13513487603447843,0.3080063207795628,0.18358529528831796,
0.3125246937969182,0.31239299354668776,0.09766911379266008,0.31239299354668776,0.14881232032245106,
0.3127311146328579,0.31259904912836767,0.09777236142332249,0.31259904912836767,0.14895553845175058,
0.32052631578947366,0.32,0.11508046338585766,0.32,0.15574267553303944,
0.3167372881355932,0.3159427966101695,0.12117007745357025,0.3159427966101695,0.15360627228975773,
0.31213489113117365,0.31147105682421666,0.11832560875544487,0.31147105682421666,0.15064981172634392,
0.3211290107841832,0.3203301823991479,0.12117955297934305,0.3203301823991479,0.1577171191972172,
