Majority Class Accuracy,Accuracy,Precision,Recall,F Score,Support
0.805177651565183,0.8053097345132744,0.7654200557220355,0.8053097345132744,0.7190964531287732,
0.809297411516112,0.809297411516112,0.6549623002866791,0.809297411516112,0.7239962828862385,
0.8115770042194093,0.8115770042194093,0.753068944440547,0.8115770042194093,0.7279154407430931,
0.7920412480169222,0.7920412480169222,0.6273293385602038,0.7920412480169222,0.7001282356133355,
0.8052922590837283,0.8047656661400737,0.6972195018158712,0.8047656661400737,0.7186764042233097,
0.8105097628095924,0.8105097628095924,0.6569260756096618,0.8105097628095924,0.7256807879237593,
0.794770206022187,0.7942419440042261,0.6830047619007711,0.7942419440042261,0.7041271583657392,
0.8014627659574468,0.8013297872340426,0.7276017264097854,0.8013297872340426,0.7138237263898927,
0.8056960340697364,0.8058291189779079,0.765946129483587,0.8058291189779079,0.719821427188167,
0.8084880636604774,0.8080901856763926,0.7176272879055401,0.8080901856763926,0.7234285767074223,
