Majority Class Accuracy,Accuracy,Precision,Recall,F Score,Support
0.8142423041352886,0.8237547892720306,0.7923991504354415,0.8237547892720306,0.7913783077156575,
0.7987421383647799,0.8164308176100629,0.7899278086270327,0.8164308176100629,0.7774674062498157,
0.805940594059406,0.8203300330033003,0.7923128228581214,0.8203300330033003,0.7911836743098095,
0.808002112769048,0.8260926977419781,0.8002752839694627,0.8260926977419781,0.7916423378454855,
0.8023255813953488,0.8201638477801269,0.7934617941691318,0.8201638477801269,0.7864020129603527,
0.8102257636122178,0.8310756972111554,0.8071703988199208,0.8310756972111554,0.8035415404848121,
0.8000792288392975,0.8192261983361944,0.7933466800854224,0.8192261983361944,0.7847588837934941,
0.8066517091197044,0.8277682460076548,0.8039197996130114,0.8277682460076548,0.7952179767671071,
0.8038904327113934,0.8155352653169247,0.7869921119741766,0.8155352653169247,0.7886624766489453,
0.8148834745762712,0.8305084745762712,0.8034360520517423,0.8305084745762712,0.7985121524064407,
