Majority Class Accuracy,Accuracy,Precision,Recall,F Score,Support
0.8082281808622502,0.8099369085173501,0.7661951138350837,0.8099369085173501,0.7617686817254999,
0.7983593543265414,0.8045779306694892,0.7659178488835762,0.8045779306694892,0.7517932925226603,
0.8052818289318092,0.8114571015635265,0.7733633959254363,0.8114571015635265,0.7615590781011009,
0.8046542553191489,0.8115691489361702,0.774479149863391,0.8115691489361702,0.7632592989890556,
0.8031005697628196,0.8074731681462833,0.766702643305384,0.8074731681462833,0.7472210729639226,
0.8068800637534865,0.8125913135874618,0.7744550228504827,0.8125913135874618,0.7571523726981643,
0.8075697211155378,0.8103585657370518,0.7688814699027483,0.8103585657370518,0.7650442916127103,
0.801726427622842,0.8021248339973439,0.7540899408069391,0.8021248339973439,0.747781335332114,
0.8034882172813207,0.8109439488749833,0.7751374969925563,0.8109439488749833,0.757881152286512,
0.807254157391646,0.8177294749247087,0.7888031435510343,0.8177294749247087,0.764565646036825,
