Majority Class Accuracy,Accuracy,Precision,Recall,F Score,Support
0.8129324108568388,0.8129324108568388,0.6608591046215121,0.8129324108568388,0.7290499090467173,
0.8143633231747714,0.8143633231747714,0.6631876221322572,0.8143633231747714,0.7310416978357036,
0.8087395404436181,0.8087395404436181,0.6540596442769545,0.8087395404436181,0.723221480652253,
0.8081973736569836,0.8081973736569836,0.7491504043640708,0.8081973736569836,0.7227210323200385,
0.8010264508487959,0.8010264508487959,0.6416433749594185,0.8010264508487959,0.7125307622850534,
0.8040908487182893,0.8040908487182893,0.6465620929924988,0.8040908487182893,0.71677331931687,
0.8126321353065539,0.8126321353065539,0.6603709873328893,0.8126321353065539,0.7286321084903494,
0.7969018932874354,0.7969018932874354,0.6350526275250992,0.7969018932874354,0.7068306064982426,
0.8061034115138592,0.806636460554371,0.7751269816756386,0.806636460554371,0.722087658560381,
0.8057982525814138,0.8059306327773366,0.7789299114972384,0.8059306327773366,0.719708402764385,
