Majority Class Accuracy,Accuracy,Precision,Recall,F Score,Support
0.8048587272247162,0.8208344335885925,0.7937623813523034,0.8208344335885925,0.7806172686354939,
0.8097580430736506,0.8227864929540016,0.7933879302032719,0.8227864929540016,0.7814509428870329,
0.8087323572088115,0.8146682495712967,0.8092116397848473,0.8146682495712967,0.7408969759099769,
0.807909604519774,0.8143476547102877,0.793754688959319,0.8143476547102877,0.7450430585530775,
0.8063188636665339,0.8093720961104474,0.7992096243763906,0.8093720961104474,0.7296993861239893,
0.7970113726527374,0.8130124305739223,0.7918021380289048,0.8130124305739223,0.7607201163362708,
0.8075173889780631,0.8132691278758695,0.7844755041374295,0.8132691278758695,0.7458328840564087,
0.8124833997343958,0.8233731739707836,0.7940363782018911,0.8233731739707836,0.7744645812817456,
0.8038955876507221,0.811978269511064,0.7775287281412318,0.811978269511064,0.7585558157771154,
0.8119060190073918,0.8185058078141499,0.7826824804218049,0.8185058078141499,0.7647925832119082,
