Majority Class Accuracy,Accuracy,Precision,Recall,F Score,Support
0.7968462549277266,0.7964520367936925,0.6755930507714597,0.7964520367936925,0.7068079162577652,
0.805751564372254,0.805751564372254,0.6492355834883347,0.805751564372254,0.7190751998202287,
0.8089560148383678,0.8088235294117647,0.6543893561134537,0.8088235294117647,0.7234565986359387,
0.8080063207795628,0.8080063207795628,0.7489366154245782,0.8080063207795628,0.7224539691983348,
0.804568863066156,0.804568863066156,0.7451113568434934,0.804568863066156,0.7176866779283897,
0.808895341164049,0.808895341164049,0.6543116729569034,0.808895341164049,0.7234378441550353,
0.8034727703235991,0.8034727703235991,0.6455684926514791,0.8034727703235991,0.7159170942577014,
0.8045977011494253,0.8047298189985467,0.7777960081550556,0.8047298189985467,0.7180428383912064,
0.8069965416334132,0.8069965416334132,0.6512434182082891,0.8069965416334132,0.7208020637600173,
0.802405498281787,0.8021411578112609,0.7181031978131999,0.8021411578112609,0.7150586298252873,
