Majority Class Accuracy,Accuracy,Precision,Recall,F Score,Support
0.8058535293338631,0.8058535293338631,0.6493999107398434,0.8058535293338631,0.7192165922552884,
0.8002903907074974,0.8002903907074974,0.6404647094587588,0.8002903907074974,0.7115126679169377,
0.8074830834549556,0.8068196895316438,0.6794940696912748,0.8068196895316438,0.7214005623229726,
0.8019618239660657,0.8019618239660657,0.643142767098979,0.8019618239660657,0.7138250750323227,
0.7983512169589113,0.7980895053650877,0.6373225225435079,0.7980895053650877,0.7087030161170802,
0.8067215727948991,0.8069872476089267,0.8442510702536556,0.8069872476089267,0.7210571459658248,
0.7979891520042334,0.7979891520042334,0.7378550436535047,0.7979891520042334,0.7085831111635276,
0.7994432661717922,0.799575821845175,0.8397509984818043,0.799575821845175,0.7106586799092804,
0.8138797091870456,0.8138797091870456,0.6624001810263899,0.8138797091870456,0.7303683675068706,
0.7982594936708861,0.7981276371308017,0.637196982090185,0.7981276371308017,0.7086404216748365,
