Majority Class Accuracy,Accuracy,Precision,Recall,F Score,Support
0.805165858135571,0.8088370263537433,0.766432878970484,0.8088370263537433,0.7542764368883496,
0.8101232625229479,0.8102543928665094,0.7563510793957675,0.8102543928665094,0.7400537511839548,
0.8002374983507059,0.8030083124422747,0.7614520186344171,0.8030083124422747,0.7304876723886513,
0.8149273447820343,0.8214002642007926,0.7854262315313232,0.8214002642007926,0.7804902317279897,
0.8114526982451511,0.8176540440691384,0.780461680618185,0.8176540440691384,0.7727507225712098,
0.8049232398094229,0.8050555849655903,0.7509689416248023,0.8050555849655903,0.7346434588213133,
0.805921052631579,0.815921052631579,0.7830261063372657,0.815921052631579,0.777647052569945,
0.8005588078765301,0.8084087280468334,0.7740842666118319,0.8084087280468334,0.751831273259572,
0.8094856379425518,0.8189712758851035,0.7876453494763013,0.8189712758851035,0.7673757702796693,
0.8105249239719688,0.8154171625016527,0.7779600632780356,0.8154171625016527,0.7755016245270877,
