Majority Class Accuracy,Accuracy,Precision,Recall,F Score,Support
0.8068498606133014,0.8068498606133014,0.651006697571704,0.8068498606133014,0.7205985530538015,
0.8050936922670889,0.8050936922670889,0.6481758533282541,0.8050936922670889,0.7181631137541501,
0.8077582794563927,0.8077582794563927,0.7486599164355333,0.8077582794563927,0.7221101460293742,
0.7992614085993142,0.7992614085993142,0.6388187992761599,0.7992614085993142,0.7100900360814901,
0.8063835399630704,0.8063835399630704,0.6502544135233728,0.8063835399630704,0.7199516593653932,
0.8038670374784797,0.8038670374784797,0.7443334107159056,0.8038670374784797,0.7167149159643201,
0.8093097064268712,0.8093097064268712,0.6549822009167484,0.8093097064268712,0.7240133611069217,
0.7995513328054896,0.7996832937450514,0.8398153724166909,0.7996832937450514,0.710806653125813,
0.8052033808769149,0.804675118858954,0.6482695824105501,0.804675118858954,0.7180540358116417,
0.8042264752791068,0.804093567251462,0.7120821932507109,0.804093567251462,0.7171479679336791,
