Majority Class Accuracy,Accuracy,Precision,Recall,F Score,Support
0.8020599498217351,0.8242440248250363,0.8011696460494222,0.8242440248250363,0.7895703801875186,
0.8106860158311345,0.8269129287598944,0.8006942700054624,0.8269129287598944,0.7998803471299867,
0.810292366715174,0.8284164572033338,0.8026905105940981,0.8284164572033338,0.7979010882945233,
0.8022298911600744,0.8257233873108575,0.8033123834996039,0.8257233873108575,0.7925839198929264,
0.8008194554586308,0.8194554586307163,0.7931794936085738,0.8194554586307163,0.7879134593131054,
0.8123837363805474,0.8259367525910178,0.7985114888960406,0.8259367525910178,0.7988800460261635,
0.8025830258302583,0.8180021085925145,0.7895822009167556,0.8180021085925145,0.7804823126963211,
0.8071032479535252,0.8234750462107209,0.7963764429581759,0.8234750462107209,0.786653591986198,
0.8048036093418259,0.8182059447983014,0.7888042258855378,0.8182059447983014,0.7860111780846435,
0.8074044899566759,0.8198765918340554,0.7895848509794539,0.8198765918340554,0.7852384245689306,
