Majority Class Accuracy,Accuracy,Precision,Recall,F Score,Support
0.8040334350537349,0.8036353986997479,0.6464070236422182,0.8036353986997479,0.7164970598970829,
0.801477377654663,0.801477377654663,0.6423659868921953,0.801477377654663,0.7131546527977933,
0.8111037673496365,0.8108393919365499,0.7336744551849994,0.8108393919365499,0.7273763661909367,
0.8076821541710665,0.8071541710665259,0.716637101986084,0.8071541710665259,0.7224893696086307,
0.7987521571750963,0.7987521571750963,0.6380050085918697,0.7987521571750963,0.7093862331693808,
0.806281340723146,0.806281340723146,0.6500896003983138,0.806281340723146,0.7198099052919962,
0.8059878659984173,0.8063835399630704,0.843885712193472,0.8063835399630704,0.7203502704229943,
0.7988724269044185,0.7988724269044185,0.6381971544681554,0.7988724269044185,0.7095524339837642,
0.8146392838335966,0.8143759873617693,0.7100050855893874,0.8143759873617693,0.7315461457289186,
0.8053611514591311,0.8053611514591311,0.6486065842795776,0.8053611514591311,0.7185338886409072,
